3.39812 1.02374 0.258621 1
4.96726 3.14049 0.252525 1
1.0402 4.33936 0.0409836 1
1.08389 4.20324 0.0423729 1
1.55685 4.16415 0.161677 1
5.67733 0.548837 0.0425532 1
2.91536 6.7642 0.00943396 1
1.16712 6.19926 0.0892857 1
4.79462 5.61812 0.219298 1
5.3087 5.83939 0.00819672 1
8.02127 8.62709 0.232759 1
6.04629 10.5341 0.028777 1
5.73375 10.0891 0.214286 1
7.46681 12.4749 0.37594 1
10.9471 9.34516 0.153846 1
3.47687 16.4405 0.136691 1
19.5863 13.4957 0.0714286 0
14.47 16.0292 0.135802 1
19.2325 16.4553 0.0714286 0
6.15399 0.727404 0.17 0
19.2325 16.4553 0.0970874 0
0.755158 1.52128 0.302521 1
6.23541 0.351447 0.17 0
5.48443 3.83016 0.186916 1
9.76567 5.39061 0.0606061 0
16.2579 3.02866 0.0943396 0
3.54658 6.187 0.0884956 1
8.3391 3.57993 0.243902 1
12.0108 6.93805 0.079646 1
19.2426 11.0928 0.0943396 0
15.8263 4.29254 0.179775 1
30.0224 7.15251 0.164706 0
13.0949 28.4405 0.0472441 1
2.54926 33.231 0.113043 1
5.56219 30.2907 0.0460526 1
2.22363 27.5943 0.0746269 1
2.40547 26.6019 0.157895 1
9.46583 23.5451 0.0927835 1
2.87551 28.7777 0.0173913 1
6.83998 27.3687 0.340426 1
3.3872 27.2414 0.0948905 1
2.71119 26.9025 0.05 1
3.73692 26.0088 0.0116279 1
1.23018 26.0454 0.131148 1
2.29177 24.8282 0.0504202 1
3.06603 19.3466 0.0325203 1
3.33491 24.5337 0.0495868 1
1.84514 23.2105 0.149425 1
0.63951 22.6399 0.0844156 1
1.78995 23.1412 0.0324675 1
3.7505 19.3633 0.0378788 1
1.23865 20.9668 0.0204082 1
2.33174 21.6825 0.27673 1
0.702926 21.1484 0.0322581 1
3.3914 19.6715 0.0977444 1
1.82154 18.9636 0.0301205 1
2.49443 19.7335 0.136054 1
3.6571 19.3158 0.00729927 1
0.659767 18.0838 0.0705128 1
7.80709 18.776 0.214953 1
7.72549 18.4216 0.261905 1
6.35234 19.1424 0.00813008 1
3.12613 19.2799 0.0497238 1
1.49288 18.1519 0.0516129 1
0.979628 18.6811 0.0509554 1
1.95361 17.6982 0.101124 1
0.885087 17.5318 0.0047619 1
1.2944 17.9264 0.0784314 1
1.05117 17.1981 0.205128 1
2.9529 17.4108 0.0380952 1
5.46281 15.0719 0.0106383 1
2.18661 17.0458 0.0318471 1
1.50907 15.711 0.122699 1
3.79177 7.92779 0.2 1
2.94942 17.726 0.191176 1
10.1001 12.5285 0.00917431 1
0.888157 16.7893 0.00495049 1
4.8233 15.0399 0.142857 1
4.70303 17.0835 0.0272727 1
11.8667 12.3492 0.189655 1
1.4843 16.2069 0.195531 1
3.00271 9.66135 0.0514286 1
11.7379 12.6858 0.0104167 1
8.22044 17.0532 0.105634 1
21.5024 17.3935 0.00492611 1
4.79881 1.32135 0.045045 1
15.8565 20.7601 0.0608696 1
3.05403 24.0247 0.042328 1
6.69874 13.7409 0.164894 1
19.8791 19.4857 0.00568182 1
3.41139 19.4191 0.179894 1
1.99625 14.1701 0.0281125 1
9.89657 14.0456 0.0172414 1
12.9894 20.9386 0.0379747 1
11.5606 17.4452 0.00833333 1
3.77546 14.6286 0.0553191 1
18.6718 11.3484 0.157303 1
21.3898 28.895 0.125 1
8.50022 18.8942 0.195652 1
6.36157 21.1483 0.264706 1
8.49079 21.0231 0.0891089 1
2.87192 21.2323 0.00943396 1
12.434 20.3787 0.103774 1
1.82611 25.9484 0.131944 1
7.12591 27.116 0.4 1
2.87965 27.0191 0.252174 1
10.1336 23.8941 0.117647 1
20.6517 24.3711 0.0970874 0
20.6517 24.3711 0.0392157 0
18.1806 26.7672 0.0545455 0
12.7481 19.5121 0.0606061 0
20.6517 24.3711 0.0392157 0
2.68471 2.39611 0.150794 1
6.56902 2.78267 0.01 0
5.63988 21.2667 0.149425 1
6.88625 16.0516 0.103093 1
42.3684 11.2896 0.164706 0
24.024 15.5702 0.133333 0
7.79837 30.8002 0.273504 1
0.893362 34.9973 0.0632911 1
2.67803 34.2429 0.0879121 1
4.11244 33.4402 0.0806452 1
2.2976 33.4818 0.154286 1
4.12485 33.5423 0.040404 1
2.71456 33.8736 0.0133333 1
1.07766 33.6993 0.0362319 1
1.67221 33.4525 0.0174419 1
4.07516 33.3428 0.0542169 1
4.50915 32.6838 0.149068 1
5.029 32.4201 0.104651 1
1.70142 32.9448 0.0070922 1
0.933013 32.7919 0.0555556 1
2.12505 31.812 0.0196078 1
3.20364 30.8844 0.0218978 1
1.53284 31.099 0.207407 1
2.13677 30.9727 0.131387 1
4.75179 31.9393 0.153846 1
1.1863 31.1312 0.02 1
5.38524 30.4472 0.148936 1
1.87183 31.537 0.0632184 1
1.66282 29.4154 0.106061 1
4.75249 30.7823 0.0606061 1
12.1407 24.5167 0.0078125 1
1.23228 24.1804 0.145374 1
5.37658 23.8317 0.0310559 1
12.0536 26.6983 0.0425532 1
7.70889 25.1679 0.0140187 1
0.913927 27.558 0.0809717 1
15.3899 24.2337 0.208333 1
2.14858 23.1673 0.0179856 1
6.66989 18.2228 0.0654206 1
1.37696 22.6725 0.0871212 1
9.14778 27.4222 0.182927 1
4.77853 28.3217 0.0366972 1
9.43725 27.8018 0.166667 1
5.80034 27.8927 0.0431034 1
2.62517 27.3469 0.166667 1
7.11069 28.2416 0.0314961 1
4.67618 28.1464 0.00641026 1
17.3062 26.6311 0.0823529 1
20.5606 25.8273 0.0545455 0
13.4917 19.2282 0.222222 0
20.5606 25.8273 0.169811 0
1.04547 3.52374 0.230769 1
13.7412 19.5672 0.01 0
13.7412 19.5672 0.222222 0
1.942 21.5172 0.0909091 1
7.72156 14.1798 0.105263 1
23.2432 16.179 0.133333 0
18.2523 24.7552 0.21875 1
41.3341 9.69252 0.0795455 0
12.4904 27.4104 0.0344828 1
2.29743 33.3057 0.056338 1
1.99645 34.1657 0.333333 1
4.15262 32.8978 0.02 1
6.99772 32.854 0.232394 1
3.91688 33.7178 0.136752 1
4.77944 33.2591 0.0620155 1
5.13498 33.2687 0.048951 1
4.25097 32.1412 0.0532544 1
2.41847 32.4182 0.0681818 1
2.83808 33.0219 0.0820896 1
4.8969 32.7237 0.104938 1
3.70703 31.7798 0.00564972 1
8.49156 30.6096 0.20202 1
1.45856 32.0601 0.0545455 1
3.04215 32.2948 0.0194805 1
9.62011 31.4438 0.00925926 1
5.23215 32.2737 0.309859 1
4.43459 32.3824 0.0144928 1
4.75865 32.5066 0.0955882 1
2.15367 32.6679 0.2 1
2.49783 32.7047 0.0568182 1
5.21316 29.7424 0.0379747 1
1.4181 31.1764 0.010582 1
10.8614 25.3099 0.123077 1
5.4783 28.1158 0.0139535 1
3.02599 23.9007 0.0145985 1
3.32725 27.7173 0.158192 1
9.84333 25.8754 0.0106383 1
21.3334 24.6443 0.100592 1
1.14839 29.5546 0.156118 1
9.76203 21.7695 0.0958333 1
1.09578 25.3185 0.117994 1
19.7216 21.6788 0.173653 1
6.15871 30.0765 0.189474 1
6.07434 29.8239 0.104575 1
7.16754 29.3903 0.0206897 1
2.80123 29.363 0.147059 1
6.92325 29.1286 0.247059 1
3.42183 28.1872 0.123457 1
4.87601 29.1185 0.0217391 1
8.90638 27.0513 0.0852713 1
21.0093 25.7763 0.169811 0
21.0093 25.7763 0.0588235 0
14.6441 28.1927 0.144578 1
20.8504 26.5002 0.0588235 0
4.76492 2.10548 0.129771 1
6.48909 23.0409 0.214286 1
4.09816 19.438 0.228571 1
41.2006 10.2978 0.0795455 0
17.5463 15.0636 0.137931 0
23.6876 25.3614 0.244186 1
5.12234 33.7105 0.169643 1
1.8944 34.8603 0.0125 1
1.53704 34.4744 0.0532544 1
9.10685 33.8614 0.286822 1
0.632679 33.9284 0.0327869 1
4.40834 34.6619 0.0465116 1
7.01932 34.6057 0.224806 1
2.08739 34.2302 0.00854701 1
1.03234 33.5024 0.116071 1
6.07531 35.0698 0.117647 1
0.902614 34.4436 0.0178571 1
1.73368 34.3561 0.150943 1
4.20014 33.9889 0.00561798 1
0.826289 33.6174 0.206897 1
1.60032 32.4677 0.0526316 1
8.31262 28.8071 0.0851064 1
1.51913 33.6486 0.177143 1
3.68073 33.8205 0.243478 1
2.0855 32.0933 0.0839161 1
4.07697 33.6009 0.0970874 1
7.17462 31.8312 0.0060241 1
2.57866 31.2767 0.0362319 1
4.88081 29.5292 0.0211268 1
2.74404 29.6225 0.0923913 1
18.1115 27.0978 0.224852 1
20.0812 29.513 0.00806452 1
4.14671 30.3714 0.170616 1
18.6433 28.1889 0.019802 1
10.8973 12.2694 0.128 1
13.1705 21.8113 0.0196078 1
4.96429 27.7456 0.0149813 1
0.727391 25.13 0.315961 1
19.143 22.2006 0.166667 1
7.48932 29.3849 0.196581 1
4.12509 30.1004 0.115942 1
3.49774 29.5493 0.131387 1
1.52397 30.4152 0.0854701 1
1.44698 29.8197 0.293103 1
1.23349 28.6626 0.0606061 1
7.38564 29.2718 0.0434783 1
6.20403 28.6712 0.290541 1
10.6939 27.0839 0.0108696 1
19.5497 26.8947 0.149425 1
21.672 25.9131 0.0990991 0
7.38815 4.87769 0.159664 1
4.83513 9.02278 0.0173913 0
11.1438 21.3528 0.285714 1
1.58932 17.4982 0.0679612 1
40.2849 11.6079 0.137931 0
40.2849 11.6079 0.0642202 0
2.88426 34.4565 0.136986 1
4.18867 34.8621 0.118421 1
4.23923 34.6799 0.292683 1
7.06176 34.4342 0.187919 1
3.75842 34.7877 0.269231 1
6.7474 34.1457 0.158273 1
1.85783 34.5207 0.118343 1
4.23102 34.3529 0.0181818 1
6.88831 34.9598 0.057554 1
7.7214 34.6179 0.387387 1
2.66259 33.6651 0.0227273 1
10.7794 33.6731 0.240506 1
6.71976 33.5289 0.0823529 1
3.68433 33.5672 0.137725 1
6.05222 33.9991 0.00568182 1
20.6974 26.0133 0.333333 1
2.49344 33.2611 0.0190476 1
4.38294 34.5838 0.0674157 1
2.03294 34.9965 0.229358 1
3.87247 34.1384 0.10241 1
1.12747 34.5766 0.0218579 1
2.64846 33.0019 0.0165289 1
1.28281 33.1146 0.00641026 1
4.68065 32.9428 0.0120482 1
11.4411 26.2812 0.03 1
12.9565 31.2052 0.015873 1
2.96687 32.6203 0.252212 1
8.62712 28.5976 0.0318471 1
12.4628 31.4997 0.0774648 1
35.7518 11.2751 0.0638298 1
2.26777 31.7931 0.0117647 1
9.66301 27.3842 0.017094 1
4.86066 21.92 0.00714286 1
8.87635 23.5295 0.0181818 1
37.6572 22.2675 0.0188679 1
4.42175 27.1929 0.159533 1
9.29867 32.4991 0.186047 1
5.1149 31.5851 0.0133333 1
1.03959 32.3958 0.075 1
2.6364 32.2964 0.292308 1
2.19364 31.2492 0.155039 1
3.45275 30.4938 0.0280374 1
6.97013 31.4864 0.015873 1
6.31235 30.713 0.0120482 1
23.0371 20.6768 0.0990991 0
22.7971 29.4906 0.13253 1
22.8855 23.3098 0.043956 0
4.29075 9.56939 0.165414 1
2.61727 8.04059 0.0306122 0
15.6511 12.2988 0.0173913 0
13.1647 20.3394 0.148936 1
39.3822 11.5907 0.0642202 0
13.2919 21.333 0.0555556 1
15.9515 30.8072 0.0258621 1
6.00058 37.2345 0.010582 1
6.60175 37.4542 0.103825 1
7.68273 37.4545 0.0254777 1
7.95347 38.0324 0.25 1
4.61695 37.6708 0.0182927 1
8.41147 37.3479 0.131387 1
3.78309 37.2703 0.122642 1
7.32267 36.532 0.08125 1
8.4395 37.4028 0.328358 1
4.24763 36.9443 0.0920245 1
11.5499 35.1428 0.0449438 1
7.43697 35.3703 0.0559006 1
5.52039 36.8362 0.0555556 1
6.23955 36.8098 0.0215827 1
7.50191 35.8184 0.120482 1
8.38923 36.7985 0.0372671 1
2.95765 36.1579 0.017341 1
5.83835 37.3838 0.298701 1
0.751271 36.6077 0.0901639 1
6.9342 33.4587 0.19863 1
6.28852 34.3679 0.00854701 1
4.11852 36.5095 0.123188 1
3.82433 31.8805 0.0765766 1
2.35077 30.9584 0.0106952 1
20.1252 33.3226 0.0515464 1
5.29339 28.4722 0.168269 1
2.997 34.6386 0.0646259 1
4.48525 28.3041 0.0182927 1
1.8525 34.3767 0.0541516 1
2.12464 33.2836 0.00906344 1
16.8099 27.6275 0.0338164 1
11.6166 21.6532 0.0294118 1
1.99172 27.5327 0.0645161 1
19.9969 27.1845 0.26875 1
10.5307 34.3618 0.235714 1
7.39725 34.3949 0.208589 1
2.7269 34.4342 0.0243902 1
0.786955 34.0864 0.0736842 1
2.04985 32.5751 0.0555556 1
4.58532 33.8842 0.0458716 1
4.11187 34.3672 0.0246914 1
14.1003 31.5702 0.0208333 1
23.6798 22.9701 0.043956 0
23.6798 22.9701 0.114754 0
18.3976 31.2618 0.168675 1
23.5513 23.7682 0.114754 0
23.5513 23.7682 0.016 0
0.857796 10.4383 0.180451 0
14.6437 16.048 0.0306122 0
15.4418 26.4863 0.0816327 1
7.28152 26.1219 0.103704 1
37.2035 8.69127 0.209877 0
37.2035 8.69127 0.209877 0
10.9493 35.0679 0.0895522 1
3.69559 37.0571 0.044586 1
8.72402 38.4738 0.22069 1
6.03035 37.6834 0.0819672 1
0.922031 37.7989 0.00900901 1
3.52012 37.8699 0.117241 1
2.17253 37.298 0.124183 1
6.19413 37.4916 0.331081 1
5.88301 37.783 0.0896552 1
10.3044 36.0275 0.0420168 1
11.1605 36.403 0.0729927 1
6.63936 36.0609 0.034965 1
7.4548 36.7651 0.0201342 1
11.0232 34.6355 0.122807 1
8.79379 35.0435 0.0774648 1
14.0602 34.81 0.0390625 1
4.20052 37.1864 0.220779 1
7.45449 38.3486 0.0671141 1
3.5808 37.7105 0.211111 1
8.16823 35.2089 0.0662252 1
1.99822 36.7246 0.0479452 1
5.94341 36.707 0.152672 1
3.10152 33.6047 0.0341463 1
23.3885 20.2701 0.0166667 1
3.56737 27.4844 0.0725806 1
0.616733 37.4822 0.0666667 1
6.70771 34.6158 0.0862944 1
1.28855 34.8821 0.0479042 1
2.03112 35.012 0.00591716 1
11.7969 26.4884 0.159091 1
10.8169 30.199 0.180905 1
0.7195 32.7418 0.0725806 1
8.92276 30.2733 0.079646 1
1.70145 32.3889 0.0214286 1
3.7014 32.6469 0.0529595 1
4.30302 20.9711 0.0415335 1
9.19985 34.7884 0.245033 1
4.7136 33.5966 0.0789474 1
1.50416 35.0128 0.201754 1
1.86982 34.5202 0.214286 1
2.24508 34.1367 0.12844 1
7.54342 34.2244 0.14433 1
5.44313 33.8753 0.0947368 1
9.23471 32.4346 0.146067 1
23.4985 23.3082 0.016 0
25.503 33.3441 0.0479452 0
13.3646 17.9993 0.180451 0
15.3823 28.0351 0.0519481 0
9.88479 27.5872 0.206186 1
0.798674 27.8359 0.241135 1
3.60398 23.1511 0.0268456 1
16.5642 21.2141 0.0384615 1
35.4942 5.62273 0.185714 0
2.65215 38.0603 0.0153061 1
7.14032 39.3924 0.2 1
6.33498 38.5434 0.148148 1
3.64421 37.8883 0.0467836 1
6.72371 38.0655 0.0813008 1
9.66331 37.1801 0.0769231 1
12.8349 36.8548 0.117021 1
12.4338 36.3707 0.162393 1
16.8772 24.4673 0.12069 1
18.8701 34.4418 0.147368 1
48.9337 15.5343 0.0117647 0
89.4577 13.3268 0.102273 0
20.2077 33.5629 0.135593 1
89.4024 12.6418 0.025974 0
45.831 16.4571 0.0714286 1
19.2866 14.6183 0.108911 1
10.9265 38.8487 0.0193548 1
14.0689 35.9614 0.146853 1
7.35343 43.8443 0.0481928 1
4.6067 44.2621 0.156069 1
5.52162 40.4961 0.150442 1
4.30323 40.5493 0.0251256 1
6.35042 38.8932 0.0097561 1
8.49221 37.8812 0.144828 1
12.1999 37.855 0.0277778 1
4.36449 42.2524 0.297071 1
5.41173 38.6856 0.371648 1
5.32369 28.9962 0.0491803 1
4.86336 41.0001 0.276119 1
17.5843 37.3172 0.00833333 1
7.59722 31.8406 0.0510638 1
0.912122 40.6456 0.0294118 1
24.4642 41.083 0.0245399 1
7.24083 34.6167 0.204301 1
3.80617 34.5078 0.150327 1
2.2978 34.789 0.0740741 1
3.46734 34.2548 0.017094 1
1.27562 33.9116 0.0588235 1
8.42227 33.41 0.148649 1
3.84077 34.4162 0.24 1
12.5811 31.5204 0.0150376 1
2.47379 0.75938 0.29697 1
1.50271 2.17657 0.15748 1
26.0735 31.4936 0.0479452 0
14.6606 30.4205 0.0519481 0
14.6606 30.4205 0.0268456 0
6.5277 0.13079 0.0958904 0
14.6606 30.4205 0.0268456 0
9.59778 32.8422 0.0319149 1
5.65355 27.3501 0.00854701 1
34.4356 12.0197 0.185714 0
24.2025 28.0154 0.0823529 0
3.86481 42.9849 0.17284 1
10.2296 39.9741 0.0743802 1
5.04972 44.3325 0.0949721 1
5.98136 44.1838 0.233533 1
0.986014 42.8625 0.335616 1
8.55352 42.9066 0.0636943 1
18.6951 37.8905 0.135922 1
30.5165 9.14539 0.0449438 1
22.7577 35.2244 0.0105263 1
62.3004 12.1486 0.0363636 0
96.6182 5.23661 0.0483871 0
62.3004 12.1486 0.0892857 0
96.6182 5.23661 0.0208333 0
62.3004 12.1486 0.0238095 0
146.505 11.3013 0.0769231 0
48.6474 22.4617 0.0454545 0
146.505 11.3013 0.0617284 0
123.166 9.68913 0.0519481 0
48.6474 22.4617 0.0117647 0
48.6474 22.4617 0.0454545 0
48.6474 22.4617 0.192308 0
40.5585 28.8611 0.037037 1
86.4841 76.7319 0.04 1
8.5515 220.325 0.257143 1
18.2417 235.095 0.0142857 1
136.436 190.506 0.192308 0
136.436 190.506 0.0545455 0
136.436 190.506 0.00970874 0
136.436 190.506 0.047619 0
136.436 190.506 0.102273 0
136.436 190.506 0.025974 0
136.436 190.506 0.0545455 0
136.436 190.506 0.0166667 0
136.436 190.506 0.0166667 0
126.192 9.82605 0.0701754 0
32.0975 8.7706 0.0163934 1
126.172 11.6063 0.0454545 0
108.386 4.3443 0.149425 0
108.386 4.3443 0.00877193 0
139.739 12.5126 0.011236 0
108.386 4.3443 0.0285714 0
90.6062 4.518 0.211538 0
90.6062 4.518 0.0344828 0
75.2703 19.5843 0.0106383 0
38.2696 22.5246 0.0273973 1
11.6871 45.0359 0.034188 1
3.7898 44.1237 0.136612 1
1.33207 46.4565 0.0210526 1
3.56973 47.061 0.0724638 1
7.53145 44.5103 0.00980392 1
0.724006 45.3167 0.0391061 1
1.16398 40.3301 0.185328 1
18.7029 37.992 0.0604651 1
1.90822 43.9847 0.011583 1
0.824715 46.4406 0.0231214 1
7.49024 36.9567 0.0229358 1
6.95992 37.9184 0.0576132 1
9.18453 33.8667 0.116279 1
6.75346 33.7805 0.190244 1
2.31945 34.6976 0.0931677 1
3.92383 33.1737 0.05625 1
3.02758 32.0877 0.079646 1
7.86734 33.443 0.0531915 1
6.30117 31.9149 0.3625 1
19.7227 31.3016 0.16092 1
13.5168 30.5287 0.0595238 1
25.9287 32.5243 0.0958904 0
25.29 33.6394 0.119048 0
13.9818 30.1627 0.141593 0
0.800977 1.11517 0.0188679 1
2.67806 2.36818 0.136364 1
14.5733 30.0136 0.141593 0
8.02778 31.6074 0.0841122 1
33.719 17.3424 0.00877193 0
12.7656 17.3712 0.0983607 1
4.46143 44.0839 0.109091 1
5.16143 45.9714 0.0848485 1
33.3891 15.4279 0.0823529 0
33.3891 15.4279 0.00877193 0
33.3891 15.4279 0.0638298 0
5.79768 48.0268 0.0336538 1
4.21657 48.4355 0.00598802 1
96.5438 3.08452 0.0606061 0
14.6191 46.0337 0.181818 1
96.508 2.93183 0.0740741 0
182.58 13.6599 0.0689655 0
96.508 2.93183 0.0483871 0
96.508 2.93183 0.0208333 0
96.508 2.93183 0.0606061 0
96.508 2.93183 0.0740741 0
96.508 2.93183 0.09375 0
86.2155 16.5917 0.113208 1
62.1886 14.4534 0.0363636 0
62.1886 14.4534 0.0892857 0
62.1886 14.4534 0.0238095 0
110.573 2.23025 0.031746 1
34.6555 95.7399 0.019802 1
146.397 13.606 0.0769231 0
146.397 13.606 0.0617284 0
10.1252 201.807 0.166667 1
49.1723 105.135 0.302326 1
26.9085 297.568 0.0631579 1
7.83384 308.732 0.0102041 1
165.191 261.618 0.00970874 0
19.592 298.983 0.0945946 1
27.1637 289.954 0.047619 1
172.18 255.906 0.0519481 0
172.18 255.906 0.047619 0
19.7454 284.57 0.0484848 1
5.20324 285.41 0.132653 1
8.76587 262.318 0.144654 1
21.5445 237.635 0.025 1
45.8462 232.771 0.00775194 1
169.928 243.608 0.0701754 0
169.928 243.608 0.0454545 0
30.3493 256.645 0.12931 1
60.0348 242.923 0.123711 1
16.3307 303.185 0.0421687 1
10.7892 297.392 0.0126582 1
166.369 272.062 0.011236 0
75.9639 277.104 0.0103093 1
27.411 325.676 0.0641026 1
163.187 300.597 0.149425 0
163.187 300.597 0.00877193 0
163.187 300.597 0.0285714 0
163.187 300.597 0.211538 0
163.187 300.597 0.0344828 0
88.0067 320.705 0.0746269 1
36.8211 371.531 0.159091 1
158.967 348.236 0.0106383 0
158.967 348.236 0.132075 0
158.967 348.236 0.0103093 0
42.2107 370.096 0.0578512 1
88.2669 377.098 0.177215 1
154.086 388.89 0.132075 0
154.086 388.89 0.01 0
154.086 388.89 0.0862069 0
154.086 388.89 0.0103093 0
154.086 388.89 0.00980392 0
154.086 388.89 0.0137931 0
87.3013 22.0074 0.005 0
16.2792 20.2616 0.272059 1
87.2868 22.3092 0.0128755 0
6.7479 37.3433 0.119171 1
2.03871 45.014 0.00921659 1
44.0568 2.3432 0.0186335 0
9.71789 26.5548 0.0118343 1
85.9676 3.4624 0.00649351 0
42.9097 1.11672 0.361446 1
74.1777 90.6992 0.142857 0
56.5722 120.863 0.027027 0
74.1777 90.6992 0.0721649 0
17.9498 30.1638 0.0909091 1
8.63077 46.0209 0.187845 1
74.1913 90.5676 0.00649351 0
0.466947 41.5886 0.00384615 1
12.4447 42.5538 0.017341 1
5.11171 34.7447 0.0722222 1
0.916891 41.4076 0.00512821 1
17.2031 20.756 0.12 1
8.96493 35.2537 0.144928 1
5.7009 34.957 0.0689655 1
1.42003 34.8535 0.301587 1
1.19109 34.6602 0.0254777 1
4.43095 34.0023 0.148936 1
9.4264 34.739 0.324561 1
6.04717 31.7047 0.0379747 1
20.6969 32.3622 0.129412 1
26.4324 32.8084 0.119048 0
26.4324 32.8084 0.162791 0
4.37139 2.0856 0.0387597 1
6.41924 3.58549 0.00719424 1
3.55921 7.15435 0.0869565 0
12.2458 33.3593 0.253846 1
32.798 15.2095 0.0638298 0
32.798 15.2095 0.0378788 0
29.1378 1.01513 0.010989 0
21.5727 30.1559 0.263158 1
34.986 36.9021 0.034188 0
51.1503 24.9238 0.0582524 0
32.3932 9.36992 0.0378788 0
28.9013 14.1944 0.0909091 0
32.3932 9.36992 0.136 0
2.86802 46.272 0.360544 1
71.7207 15.6138 0.075188 0
28.8965 4.82446 0.010989 0
28.903 14.1344 0.0909091 0
28.903 14.1344 0.132231 0
28.903 14.1344 0.0377358 0
44.7698 29.7482 0.532609 0
32.0334 26.0708 0.0789474 1
12.4672 17.7116 0.132231 0
71.7207 15.6138 0.0075188 0
12.4672 17.7116 0.162393 0
3.0061 44.7556 0.0133333 0
12.4672 17.7116 0.013986 0
3.0061 44.7556 0.0909091 0
13.0424 39.3736 0.0208333 0
3.0061 44.7556 0.0457516 0
13.0424 39.3736 0.107438 0
166.622 117.04 0.09375 0
166.622 117.04 0.0206186 0
13.0424 39.3736 0.043956 0
30.2676 156.913 0.366071 1
147.93 104.368 0.00813008 0
6.28264 101.68 0.0319149 1
16.8462 128.105 0.256579 1
2.6522 94.0633 0.0406504 1
191.932 58.1436 0.0689655 0
191.932 58.1436 0.0206186 0
153.79 81.3028 0.0309278 0
37.8874 330.354 0.380531 1
42.7539 443.071 0.017341 1
32.0052 431.416 0.110236 1
38.7024 440.188 0.0346535 1
36.5553 436.798 0.00552486 1
0.938646 421.325 0.0149254 1
5.8274 408.48 0.0531401 1
3.8511 406.117 0.124424 1
25.6208 398.582 0.0657277 1
6.7705 382.59 0.03125 1
2.77741 382.121 0.00913242 1
23.5592 377.543 0.18593 1
72.8869 382.603 0.015625 1
166.849 370.108 0.01 0
30.0992 370.055 0.272727 1
58.3368 374.901 0.103627 1
164.086 381.012 0.0862069 0
164.086 381.012 0.00980392 0
164.086 381.012 0.0137931 0
76.8342 403.411 0.136691 1
161.654 400.234 0.04 0
161.654 400.234 0.005 0
161.654 400.234 0.0128755 0
161.654 400.234 0.0538462 0
27.2435 391.54 0.0479042 1
73.1416 389.724 0.0480769 1
158.855 415.689 0.04 0
158.855 415.689 0.0538462 0
158.855 415.689 0.00694444 0
38.9929 24.6164 0.225352 1
158.84 414.884 0.024 0
57.0371 28.3687 0.0235294 0
158.84 414.884 0.0178571 0
57.0371 28.3687 0.015625 0
57.0371 28.3687 0.00917431 0
37.8394 31.4067 0.0364583 0
7.25788 33.2762 0.556017 1
74.1818 89.6498 0.0186335 0
74.1818 89.6498 0.0721649 0
74.1818 89.6498 0.294872 0
74.1818 89.6498 0.0819672 0
85.572 136.445 0.0218978 0
74.1818 89.6498 0.142857 0
74.1818 89.6498 0.294872 0
37.8211 31.4252 0.0113636 0
6.05854 42.6313 0.0393701 1
13.0631 46.7657 0.0758621 1
74.2257 89.5886 0.027027 0
74.2257 89.5886 0.0819672 0
19.8246 44.6176 0.0142857 1
5.2683 45.0834 0.0875912 1
23.1771 34.9804 0.0350877 1
3.4587 41.7037 0.141414 1
18.6688 26.9277 0.117647 1
7.35401 35.7709 0.228188 1
3.33848 35.609 0.208791 1
1.77576 35.6809 0.0186916 1
0.525227 34.9295 0.0347826 1
3.38983 35.4037 0.193182 1
7.77762 34.782 0.121951 1
2.98124 35.0945 0.218182 1
16.247 30.3036 0.0588235 1
28.3706 27.1352 0.162791 0
28.3706 27.1352 0.037594 0
25.9693 31.199 0.0666667 1
28.2448 30.2425 0.0598291 0
28.2448 30.2425 0.037594 0
28.2448 30.2425 0.037594 0
0.761411 7.86764 0.109489 0
14.8482 32.7147 0.0869565 0
15.382 40.5823 0.075 1
9.1055 38.8419 0.0238095 1
18.4917 37.5644 0.0789474 1
31.2227 7.78374 0.136 0
31.2227 7.78374 0.00909091 0
27.6216 38.8418 0.00763359 0
31.2227 7.78374 0.034188 0
12.4818 16.3068 0.0377358 0
31.2227 7.78374 0.00909091 0
71.805 14.209 0.0169492 0
4.57942 46.6255 0.130719 1
51.6715 21.9928 0.0582524 0
71.78 14.3056 0.075188 0
62.7059 2.09781 0.532609 0
71.78 14.3056 0.0075188 0
71.78 14.3056 0.0169492 0
61.9645 53.176 0.018018 0
46.4267 54.6441 0.020202 0
12.4634 16.4034 0.162393 0
12.4634 16.4034 0.013986 0
13.9091 62.4672 0.142857 1
6.58233 42.7931 0.0105263 0
10.6969 47.0555 0.0849057 1
16.4982 48.8252 0.0693069 1
3.67165 9.83933 0.0133333 0
3.67165 9.83933 0.0909091 0
3.67165 9.83933 0.0457516 0
13.9393 50.5211 0.0754717 1
3.44971 10.6357 0.0208333 0
3.44971 10.6357 0.107438 0
3.44971 10.6357 0.043956 0
37.4175 35.1031 0.0989011 1
15.6212 91.7607 0.228346 1
107.965 51.1967 0.0416667 1
145.298 313.575 0.00813008 0
145.298 313.575 0.0309278 0
145.298 313.575 0.0759494 0
145.298 313.575 0.0759494 0
145.298 313.575 0.277778 0
38.1869 451.726 0.038961 1
43.3435 463.299 0.0227273 1
41.6183 463.533 0.0172414 1
37.998 456.288 0.0108108 1
32.7858 449.593 0.013245 1
21.2075 436.241 0.181395 1
32.0114 444.955 0.273632 1
11.9787 425.302 0.0490798 1
30.0331 435.337 0.143617 1
12.0823 420.326 0.19802 1
11.7229 419.086 0.0430108 1
15.7858 420.906 0.0114286 1
18.9423 416.391 0.0659341 1
9.50983 401.092 0.00961538 1
88.1265 416.645 0.00714286 1
14.122 389.388 0.113208 1
62.1718 407.224 0.0464135 1
165.918 397.215 0.00694444 0
165.918 397.215 0.024 0
165.918 397.215 0.0178571 0
97.0322 424.915 0.504808 1
54.0834 422.778 0.146739 1
82.0565 439.825 0.0989583 1
57.1438 28.8721 0.0235294 0
57.1438 28.8721 0.015625 0
57.1438 28.8721 0.00917431 0
19.5426 3.038 0.422414 1
49.7497 2.26414 0.0545455 0
112.44 421.388 0.0119048 1
92.7179 482.371 0.0846154 0
132.02 498.282 0.0217391 0
159.948 475.214 0.0364583 0
159.948 475.214 0.0113636 0
159.948 475.214 0.0791367 0
92.7179 482.371 0.105769 0
132.02 498.282 0.125 0
159.948 475.214 0.0545455 0
159.948 475.214 0.0791367 0
70.16 7.15604 0.0130719 0
29.4861 23.0679 0.0186335 0
70.16 7.15604 0.013986 0
29.4861 23.0679 0.00662252 0
16.322 24.0117 0.217742 1
0.78944 45.5831 0.00485437 1
74.2764 89.0473 0.0218978 0
70.1414 7.27365 0.00621118 0
29.4677 23.1855 0.00591716 0
16.8024 41.7887 0.0854271 1
9.81404 49.9 0.0970464 1
14.2259 40.1262 0.145631 1
4.49698 26.4923 0.0669291 1
9.3448 38.1676 0.154412 1
5.65054 38.4853 0.181818 1
1.05826 38.554 0.030303 1
1.91159 38.7097 0.224138 1
1.15888 37.7303 0.0873786 1
5.6976 37.5243 0.0138889 1
3.91462 36.3509 0.0982143 1
9.75952 34.7159 0.0102041 1
28.2777 29.7482 0.0598291 0
28.2777 29.7482 0.037594 0
35.5307 36.4777 0.0775862 0
13.5522 35.6457 0.109489 0
17.832 42.8876 0.121495 0
12.8259 36.1792 0.0606061 1
17.3661 43.359 0.0353982 0
30.7675 7.55204 0.146154 0
30.7675 7.55204 0.00763359 0
30.7675 7.55204 0.146154 0
10.0013 39.2066 0.19863 1
30.7433 7.57379 0.00588235 0
8.28865 46.8255 0.16 1
71.7546 13.9697 0.018018 0
13.9044 100.47 0.0105263 0
27.1879 40.6744 0.0471698 0
56.6161 23.9872 0.137615 0
67.1377 16.3473 0.0707071 0
46.4267 54.6441 0.020202 0
27.1879 40.6744 0.0471698 0
13.4985 141.144 0.0512821 1
45.311 72.9758 0.113402 0
52.8814 113.31 0.149425 0
3.70495 140.806 0.46875 1
45.109 64.5281 0.00833333 0
21.6196 134.19 0.0295858 1
7.84279 133.403 0.333333 1
61.5949 85.2048 0.00934579 1
128.419 110.847 0.0186916 1
145.456 310.556 0.277778 0
168.309 196.944 0.04 0
145.456 310.556 0.0289855 0
22.8632 507.5 0.296703 1
37.7095 490.788 0.0232558 1
42.5781 524.662 0.0890411 1
41.0796 522.167 0.0154639 1
28.1538 509.116 0.025 1
38.635 515.586 0.0159363 1
34.2236 508.722 0.0127389 1
33.0162 500.04 0.047619 1
32.6076 490.13 0.005 1
30.0423 477.211 0.0862944 1
2.73167 484.779 0.00995025 1
26.0462 474.035 0.151685 1
12.4099 463.581 0.110526 1
45.1981 452.985 0.0199005 1
73.1735 483.062 0.21229 1
50.607 476.729 0.0698925 1
82.0442 479.176 0.0157895 1
24.0486 493.95 0.0574713 1
67.9234 488.97 0.0451613 1
94.9729 476.866 0.0846154 0
94.9729 476.866 0.105769 0
70.1464 7.49202 0.0130719 0
70.1464 7.49202 0.013986 0
70.1464 7.49202 0.00621118 0
40.8238 15.9118 0.134921 1
50.2049 81.5117 0.0707071 0
114.114 387.863 0.070922 0
7.06058 90.3808 0.342466 1
56.2697 96.0151 0.00970874 1
121.039 317.026 0.0217391 0
121.039 317.026 0.125 0
42.9835 152.348 0.0186335 0
42.9835 152.348 0.00662252 0
42.9835 152.348 0.00591716 0
42.9835 152.348 0.102804 0
60.0531 195.837 0.00806452 0
49.383 196.206 0.0139535 0
42.9835 152.348 0.0707071 0
42.9835 152.348 0.102804 0
42.9835 152.348 0.110236 0
42.9835 152.348 0.0595238 0
6.82888 43.8579 0.0265957 1
4.16606 47.0226 0.0898438 1
17.6265 43.3845 0.00990099 1
0.811096 41.6147 0.00877193 1
9.91461 24.5207 0.183432 1
8.15536 37.7258 0.209302 1
3.54983 37.4152 0.121212 1
2.17029 38.0863 0.237762 1
3.62293 38.092 0.294574 1
2.30085 38.1456 0.21875 1
3.7969 37.7962 0.09 1
1.23213 36.3945 0.201754 1
19.0298 31.3672 0.120879 1
35.5331 36.5119 0.0775862 0
3.12957 0.51248 0.162791 1
2.93377 1.99046 0.119205 1
3.17126 2.95533 0.0487805 1
20.5647 39.8813 0.121495 0
20.5647 39.8813 0.0353982 0
20.5647 39.8813 0.198582 0
22.6902 29.6172 0.116505 0
30.0809 37.2235 0.0172414 0
23.8396 10.2641 0.0138889 0
27.5292 3.50861 0.166667 1
25.1515 25.8034 0.04 1
33.0192 51.0061 0.03125 1
30.8525 7.60628 0.00588235 0
20.5647 39.8813 0.198582 0
39.6753 61.0894 0.116505 0
30.8525 7.60628 0.0330578 0
20.5647 39.8813 0.0122699 0
20.5647 39.8813 0.037037 0
39.6753 61.0894 0.00854701 0
54.9267 53.4831 0.0172414 0
30.8525 7.60628 0.0330578 0
54.9267 53.4831 0.0416667 0
54.9267 53.4831 0.279412 0
56.698 23.9327 0.137615 0
46.1354 140.335 0.113402 0
46.1354 140.335 0.00833333 0
24.209 40.3345 0.255556 1
47.7953 107.288 0.00763359 0
24.0464 68.9622 0.183206 1
29.5659 58.993 0.10084 1
81.0052 150.731 0.0152672 0
80.8689 108.015 0.0707071 0
67.8954 56.2529 0.149425 0
67.8954 56.2529 0.00763359 0
14.8928 206.983 0.405556 1
2.04709 206.226 0.0151515 1
9.75185 192.713 0.0614525 1
148.184 326.831 0.0714286 0
10.7453 173.095 0.144928 1
82.6288 140.289 0.0967742 1
146.839 307.643 0.0289855 0
146.839 307.643 0.375 0
146.839 307.643 0.04 0
146.839 307.643 0.0714286 0
146.839 307.643 0.375 0
146.839 307.643 0.0754717 0
146.839 307.643 0.0116279 0
146.839 307.643 0.1875 0
20.0527 445.181 0.254902 0
17.9409 489.432 0.0208333 1
20.0795 445.003 0.0194175 0
23.1168 466.59 0.0280374 0
17.1404 491.071 0.00925926 1
23.1613 466.259 0.0888889 0
34.0195 477.944 0.0212766 0
34.0195 477.944 0.0571429 0
13.1553 475.071 0.127389 1
16.2138 445.351 0.0280374 1
34.0872 476.259 0.00813008 0
53.4611 474.215 0.075 1
93.1639 474.009 0.015625 1
65.406 461.83 0.0793651 1
91.2206 496.248 0.0075188 0
91.2206 496.248 0.0353982 0
116.435 509.205 0.045045 0
126.844 483.788 0.0703125 1
152.006 530.117 0.00694444 0
62.454 498.955 0.0454545 1
36.7853 521.908 0.0280374 1
5.94919 498.366 0.30597 1
45.0331 512.739 0.122905 1
118.575 335.63 0.070922 0
118.575 335.63 0.00591716 0
88.0039 507.155 0.140127 1
43.0987 152.293 0.110236 0
117.732 340.273 0.00591716 0
43.0987 152.293 0.012766 0
117.732 340.273 0.111111 0
49.382 159.072 0.161765 1
40.8827 233.95 0.0763889 1
49.165 223.675 0.0595238 0
49.165 223.675 0.0792079 0
49.165 223.675 0.0677083 0
49.165 223.675 0.00806452 0
49.165 223.675 0.0792079 0
11.2416 39.6722 0.0294118 1
49.1868 223.634 0.0526316 0
3.26595 45.9846 0.008 1
49.1819 223.666 0.0139535 0
49.1819 223.666 0.012766 0
49.1819 223.666 0.0677083 0
49.1819 223.666 0.0829268 0
1.7497 48.5304 0.0659722 1
8.11889 40.3605 0.117117 1
5.02663 28.2715 0.162393 1
5.66541 37.2266 0.116279 1
1.57087 37.1478 0.0803571 1
0.795783 37.7104 0.00892857 1
3.95147 37.8784 0.147727 1
1.17749 38.0674 0.0227273 1
0.882491 37.819 0.238806 1
1.46793 35.4307 0.0163934 1
8.51697 32.6002 0.030303 1
29.8574 33.2596 0.129412 0
20.5647 39.8813 0.0122699 0
5.95985 0.446012 0.0661157 1
1.07336 6.3426 0.123077 1
2.1937 0.464211 0.0696203 0
47.8955 97.944 0.0138889 0
19.8899 36.8546 0.037037 0
2.1937 0.464211 0.153846 0
39.6753 61.0894 0.00854701 0
54.9935 53.5426 0.0416667 0
46.1128 97.4798 0.00892857 0
47.6761 102.366 0.0142857 0
54.9935 53.5426 0.279412 0
26.889 54.5315 0.018018 1
62.1052 178.604 0.00925926 0
64.4823 183.49 0.0606061 0
36.2777 157.683 0.0322581 0
36.2777 157.683 0.0131579 0
36.2777 157.683 0.0353982 0
36.2777 157.683 0.00990099 0
47.5057 172.33 0.0150376 0
88.6277 60.8295 0.0625 1
3.53204 201.17 0.0631579 1
20.3492 160.701 0.0141844 1
2.66594 143.741 0.00917431 1
58.5906 27.0695 0.0152672 0
7.84411 70.0276 0.00684932 1
2.17312 228.09 0.144385 1
12.2183 219.114 0.0691244 1
4.97853 210.668 0.0306122 1
143.212 332.759 0.0116279 0
15.9718 182.045 0.0353982 1
142.639 331.702 0.0754717 0
142.639 331.702 0.1875 0
125.938 136.726 0.225806 1
141.716 299.131 0.254902 0
141.716 299.131 0.0194175 0
141.716 299.131 0.129032 0
122.063 190.884 0.0263158 1
22.9263 241.426 0.144737 1
140.02 264.524 0.129032 0
140.02 264.524 0.257143 0
140.02 264.524 0.0273973 0
67.1064 515.763 0.03125 0
101.441 515.06 0.0263158 0
140.02 264.524 0.0280374 0
140.02 264.524 0.0888889 0
140.02 264.524 0.257143 0
140.02 264.524 0.116279 0
109.459 237.176 0.195652 1
71.7546 279.102 0.0512821 1
36.8895 285.588 0.222222 1
9.10533 296.674 0.0227273 1
137.578 229.521 0.116279 0
137.578 229.521 0.276596 0
137.578 229.521 0.1 0
137.578 229.521 0.0212766 0
137.578 229.521 0.0571429 0
137.578 229.521 0.00813008 0
137.578 229.521 0.276596 0
51.3076 262.156 0.177419 1
136.776 217.921 0.0526316 0
127.683 507.433 0.0566038 0
136.776 217.921 0.015625 0
132.621 495.315 0.015625 0
127.683 507.433 0.105263 0
132.621 495.315 0.0204082 0
127.683 507.433 0.0566038 0
127.683 507.433 0.105263 0
127.683 507.433 0.217391 0
5.08486 12.1172 0.0793651 1
20.6457 41.5312 0.00990099 1
3.43764 59.817 0.0689655 1
143.93 479.051 0.217391 0
143.93 479.051 0.0192308 0
132.339 523.065 0.0909091 0
88.2094 519.102 0.414634 0
113.425 532.059 0.0512821 0
132.339 523.065 0.12766 0
88.2094 519.102 0.0075188 0
88.2094 519.102 0.0353982 0
88.2094 519.102 0.414634 0
25.2951 12.9568 0.294118 1
32.3165 37.6694 0.166667 1
37.2415 58.4138 0.0106383 1
143.92 439.58 0.045045 0
143.92 439.58 0.0512821 0
5.8389 95.7838 0.0784314 1
144.715 445.786 0.122449 0
144.715 445.786 0.00694444 0
144.715 445.786 0.0441176 0
13.7448 90.722 0.104651 1
7.85671 79.7909 0.047619 1
152.051 462.151 0.122449 0
152.051 462.151 0.0441176 0
152.051 462.151 0.130952 0
80.2815 519.253 0.126761 1
151.652 463.539 0.134146 0
151.652 463.539 0.0125 0
145.175 487.019 0.113475 0
78.4271 523.143 0.0977778 1
63.9612 506.54 0.00490196 1
110.497 274.584 0.111111 0
110.497 274.584 0.0241935 0
110.497 274.584 0.00757576 0
105.511 512.95 0.2 0
118.61 507.128 0.0612245 0
110.497 274.584 0.0241935 0
6.3079 238.366 0.00719424 1
37.2328 181.817 0.117647 1
14.8601 231.799 0.140496 1
55.4356 217.797 0.139706 0
55.4356 217.797 0.013245 0
1.28354 45.1622 0.319444 1
5.96683 45.4898 0.0647773 1
55.4629 217.922 0.0526316 0
55.4629 217.922 0.0829268 0
105.524 280.521 0.00757576 0
55.4629 217.922 0.139706 0
55.4629 217.922 0.0257732 0
1.05028 50.1373 0.0111732 1
26.94 35.084 0.0105263 1
8.8677 37.4231 0.14433 1
1.17158 36.9186 0.102362 1
1.65981 37.3052 0.00877193 1
4.37898 37.1712 0.188235 1
1.88156 37.5396 0.00806452 1
0.451029 36.9716 0.0283019 1
3.716 36.4224 0.280576 1
15.1044 32.2184 0.195402 1
35.2232 29.3881 0.129412 0
9.94443 2.57191 0.0952381 0
9.94443 2.57191 0.129032 0
2.17187 5.51744 0.0921986 1
7.95867 5.6214 0.0902256 1
2.36471 10.7143 0.272 1
6.08099 4.42332 0.0696203 0
6.08099 4.42332 0.153846 0
59.7609 174.87 0.00892857 0
59.7609 174.87 0.00925926 0
12.9946 8.62028 0.0526316 0
6.08099 4.42332 0.0591716 0
7.35843 10.3716 0.0701754 1
64.4823 183.49 0.0142857 0
64.4823 183.49 0.0606061 0
12.3162 11.2411 0.0526316 0
12.3162 11.2411 0.111111 0
5.574 2.44215 0.165049 1
4.55685 6.86384 0.168142 1
36.2777 157.683 0.0322581 0
36.2777 157.683 0.0131579 0
36.2777 157.683 0.0353982 0
36.2777 157.683 0.00990099 0
20.5633 297.721 0.104167 1
16.0187 317.449 0.110092 0
3.05468 317.226 0.0357143 1
15.9688 314.266 0.0915493 0
26.3804 317.543 0.585859 1
152.045 225.534 0.0116279 1
28.4719 346.18 0.0818182 1
52.6251 195.079 0.0150376 0
17.7738 371.699 0.0141844 0
16.8324 377.3 0.08 1
11.8103 371.434 0.0185185 1
26.7644 366.505 0.142857 1
5.61193 363.775 0.00858369 1
12.7987 356.83 0.0107527 1
4.84655 347.897 0.0578035 1
134.453 199.575 0.0273973 0
134.453 199.575 0.03125 0
134.453 199.575 0.1 0
0.737081 319.497 0.0487805 1
134.441 204.455 0.0263158 0
134.441 204.455 0.0526316 0
134.441 204.455 0.015625 0
7.55713 280.287 0.0405405 1
11.3531 321.843 0.0245902 1
135.663 223.602 0.015625 0
135.663 223.602 0.0204082 0
18.8057 317.938 0.03 1
14.158 290.656 0.173611 1
6.61924 301.41 0.00917431 1
20.2319 276.884 0.114583 1
12.016 230.767 0.158621 1
75.4548 228.689 0.0306122 0
139.183 249.502 0.0192308 0
139.183 249.502 0.0909091 0
139.183 249.502 0.12766 0
75.4548 228.689 0.00952381 0
96.7095 238.215 0.015544 0
76.4589 252.494 0.0180723 0
139.183 249.502 0.130952 0
139.183 249.502 0.0344828 0
62.7738 501.996 0.0390625 1
41.8048 495.731 0.0121212 1
54.5078 503.88 0.10219 1
137.09 250.507 0.134146 0
137.09 250.507 0.0125 0
137.09 250.507 0.0344828 0
3.67012 241.821 0.202532 1
137.126 251.385 0.00675676 0
68.2836 256.393 0.0357143 0
137.126 251.385 0.113475 0
137.126 251.385 0.0208333 0
68.2836 256.393 0.0165289 0
50.7126 267.585 0.0454545 0
137.126 251.385 0.0208333 0
68.9296 507.778 0.17561 1
85.541 520.396 0.314433 1
94.0925 518.464 0.01875 1
101.141 294.398 0.0491803 0
101.141 294.398 0.2 0
101.141 294.398 0.0491803 0
101.141 294.398 0.0661765 0
28.5361 238.904 0.144068 1
58.1451 262.038 0.0129032 0
102.124 294.023 0.0612245 0
54.4047 218.209 0.013245 0
58.1451 262.038 0.0145985 0
54.4047 218.209 0.0257732 0
7.06444 43.8288 0.0544554 1
4.22891 47.1021 0.348837 1
14.4629 40.3554 0.0366492 1
14.9036 42.4175 0.013986 1
1.42799 48.6597 0.0172414 1
4.62553 45.5014 0.273224 1
1.59365 37.4823 0.00787402 1
8.97223 36.1268 0.0135135 1
4.17739 35.7839 0.0661157 1
1.41888 36.7666 0.238462 1
3.81539 36.6944 0.00675676 1
4.05989 36.5135 0.0224719 1
0.613915 36.0739 0.0864198 1
2.33441 31.1246 0.125 1
25.4704 31.3986 0.142857 1
19.2179 32.6024 0.0843373 1
35.6586 30.7225 0.0952381 0
35.6586 30.7225 0.129032 0
28.9198 34.4617 0.0853659 0
5.32988 7.04418 0.0591716 0
5.32988 7.04418 0.0869565 0
6.73895 3.73922 0.0461538 1
4.96042 7.33796 0.267045 1
2.35503 9.12427 0.0298507 0
5.76691 3.96241 0.0869565 0
1.93987 13.5213 0.129032 1
4.10558 11.1205 0.0884956 1
9.70257 2.31677 0.111111 0
9.70257 2.31677 0.126214 0
10.2035 11.1815 0.0597015 0
9.70257 2.31677 0.126214 0
1.76561 8.86472 0.181818 1
10.8642 291.561 0.110092 0
10.8642 291.561 0.0915493 0
10.8642 291.561 0.0141844 0
10.8642 291.561 0.0775194 0
0.307172 9.15891 0.0569948 1
3.10881 5.14068 0.0137931 1
10.5707 292.742 0.0775194 0
10.5707 292.742 0.0333333 0
4.04188 281.908 0.04 1
10.5977 291.619 0.117647 0
6.35825 296.404 0.010101 0
10.5977 291.619 0.00884956 0
6.35825 296.404 0.0181818 0
16.0113 297.506 0.0175439 0
6.35825 296.404 0.16129 0
16.0113 297.506 0.188679 0
22.0336 294.219 0.034188 0
6.35825 296.404 0.0233918 0
16.0113 297.506 0.0171429 0
16.4297 296.82 0.0272727 1
21.7118 292.307 0.0102041 0
9.52023 284.227 0.366834 1
3.74515 289.223 0.027907 1
12.9833 280.681 0.0097561 1
12.1257 281.635 0.174888 1
8.07112 274.439 0.177885 1
84.3361 213.574 0.0155039 1
164.961 196.003 0.0078125 0
102.935 230.047 0.00813008 0
102.935 230.047 0.0277778 0
116.288 216.034 0.0441176 0
75.6671 224.641 0.0306122 0
75.6671 224.641 0.00952381 0
80.0829 5.83648 0.0480769 1
13.3603 245.631 0.157895 1
54.7976 285.702 0.0375 1
36.5037 266.476 0.0378788 1
45.9453 296.126 0.0364583 1
60.1584 338.948 0.00961538 1
129.342 106.115 0.015544 0
5.74646 161.312 0.338164 1
94.7211 517.692 0.0148148 0
65.8618 532.072 0.0186335 1
134.261 264.57 0.0180723 0
94.3613 518.012 0.0555556 0
93.154 516.041 0.00884956 0
23.1034 517.464 0.311005 1
94.1289 516.743 0.0206897 0
92.9215 514.772 0.0666667 0
92.9215 514.772 0.047619 0
134.029 263.301 0.00675676 0
92.9215 514.772 0.0327869 0
134.029 263.301 0.0357143 0
134.029 263.301 0.0165289 0
92.9215 514.772 0.00877193 0
131.305 530.067 0.0650406 0
142.392 535.697 0.00740741 0
134.029 263.301 0.0454545 0
131.305 530.067 0.0535714 0
142.392 535.697 0.0564516 0
113.613 524.969 0.00609756 0
101.235 289.898 0.0661765 0
101.235 289.898 0.0135135 0
131.017 541.126 0.0769231 0
113.613 524.969 0.146154 0
101.235 289.898 0.0135135 0
54.4571 218.408 0.139785 0
35.7422 251.228 0.0232558 0
20.9919 235.072 0.0892857 0
64.056 267.792 0.00689655 0
54.4571 218.408 0.0129032 0
54.4571 218.408 0.0145985 0
54.4571 218.408 0.139785 0
20.1746 32.8199 0.0162602 0
16.9385 46.5456 0.12931 1
10.4907 49.4813 0.0824176 1
10.6145 41.0751 0.13253 1
26.8486 37.3529 0.0266667 1
3.23436 49.9319 0.0487805 1
6.12841 49.5438 0.308725 1
14.8458 37.8959 0.276836 1
8.00587 37.6222 0.135135 1
1.49369 38.257 0.122642 1
3.00715 37.8258 0.0190476 1
4.92493 38.3298 0.293413 1
3.56398 37.9108 0.107143 1
1.97132 37.7559 0.22449 1
3.0329 35.3422 0.044586 1
9.69563 32.8295 0.133333 1
36.1453 27.2375 0.0987654 0
36.1453 27.2375 0.0853659 0
36.1453 27.2375 0.0987654 0
1.19809 7.54721 0.125 1
5.08591 10.6305 0.184397 1
3.46085 8.88249 0.0272109 0
2.74922 10.7768 0.206897 1
5.68805 1.40662 0.0298507 0
9.22948 4.67871 0.070922 0
6.63078 11.4293 0.0512821 1
8.74072 5.72557 0.0597015 0
8.74072 5.72557 0.070922 0
2.58109 7.48329 0.00840336 1
1.47109 6.93072 0.0216216 1
1.20676 6.95089 0.0342857 1
10.2567 290.548 0.0333333 0
10.2567 290.548 0.117647 0
10.2567 290.548 0.00884956 0
10.2567 290.548 0.0431034 0
4.38089 3.80813 0.120301 1
0.624396 7.07808 0.0719424 1
9.91207 289.971 0.0431034 0
9.91207 289.971 0.159292 0
15.7963 295.458 0.025641 0
11.2088 296.257 0.0336134 0
9.91207 289.971 0.010101 0
9.91207 289.971 0.0181818 0
9.91207 289.971 0.16129 0
9.91207 289.971 0.0233918 0
9.91207 289.971 0.159292 0
5.92373 5.48685 0.0223881 1
11.6103 4.16266 0.0108696 1
0.838508 11.9301 0.132353 1
10.5657 284.956 0.0175439 0
10.5657 284.956 0.188679 0
10.5657 284.956 0.0171429 0
10.5657 284.956 0.025641 0
10.5657 284.956 0.0491803 0
1.8446 8.02397 0.197452 1
4.36195 11.4478 0.0542636 1
10.8238 284.643 0.034188 0
10.8238 284.643 0.0102041 0
10.8238 284.643 0.0780142 0
10.8238 284.643 0.0462963 0
10.8238 284.643 0.0159574 0
19.146 289.665 0.05 1
10.1007 289.883 0.202703 1
5.01526 289.419 0.0257511 1
10.4495 280.448 0.0491803 0
10.4495 280.448 0.0780142 0
10.4495 280.448 0.222772 0
10.4495 280.448 0.264368 0
4.75963 281.138 0.005 1
3.23982 280.125 0.0102041 1
26.6973 237.788 0.0141844 1
165.128 188.708 0.263158 0
103.102 222.751 0.197183 0
147.321 200.311 0.0235294 0
34.6577 229.764 0.105263 1
164.92 190.334 0.0078125 0
164.92 190.334 0.263158 0
62.0528 34.0436 0.148148 1
1.50232 155.914 0.252632 1
148.089 56.8561 0.0232558 0
148.089 56.8561 0.00813008 0
148.089 56.8561 0.0277778 0
148.089 56.8561 0.197183 0
20.0596 161.823 0.0117647 1
155.302 69.5785 0.0123457 0
155.302 69.5785 0.308642 0
149.968 184.144 0.010101 0
83.8046 159.807 0.027027 1
146.757 49.458 0.0235294 0
12.8448 219.512 0.030303 1
134.353 267.447 0.0421053 0
134.353 267.447 0.0441176 0
129.02 521.169 0.00925926 0
81.7559 500.622 0.171053 0
115.805 526.832 0.0337079 0
81.7559 500.622 0.0625 0
94.4923 515.22 0.00826446 0
124.765 524.009 0.0138889 0
94.4923 515.22 0.234043 0
124.765 524.009 0.0714286 0
146.199 540.824 0.0126582 0
94.4923 515.22 0.0148148 0
94.4923 515.22 0.0555556 0
94.4923 515.22 0.0206897 0
94.4923 515.22 0.00826446 0
94.4923 515.22 0.234043 0
30.2907 8.78896 0.0169492 1
28.5618 60.9541 0.0441176 1
25.1343 90.4448 0.0196078 1
5.31396 82.0317 0.0862069 1
93.2845 513.249 0.00884956 0
93.2845 513.249 0.0666667 0
93.2845 513.249 0.047619 0
93.2845 513.249 0.0327869 0
93.2845 513.249 0.00877193 0
38.4292 15.2947 0.163636 1
27.7047 6.78811 0.190476 1
12.1979 128.608 0.021978 1
141.188 429.376 0.0650406 0
141.188 429.376 0.0535714 0
2.0457 104.798 0.210526 1
15.2556 117.169 0.110092 1
143.822 437.64 0.00740741 0
143.822 437.64 0.0564516 0
12.4703 101.963 0.156863 1
22.9672 117.152 0.00666667 1
10.1956 117.163 0.258929 1
147.524 436.029 0.0769231 0
50.7782 147.655 0.0232558 0
4.16141 70.0889 0.0162602 0
33.658 87.417 0.457746 1
9.9284 133.698 0.107143 1
5.09465 122.325 0.231343 1
144.714 422.541 0.00609756 0
144.714 422.541 0.146154 0
48.0921 134.167 0.0892857 0
6.92705 83.577 0.0075188 0
20.5705 48.4072 0.166667 1
6.96241 83.3781 0.0314961 0
54.5526 217.545 0.00689655 0
6.96241 83.3781 0.0201005 0
6.96241 83.3781 0.0207254 0
3.25841 48.8571 0.258741 1
17.7568 43.0172 0.0211268 1
8.23569 49.2522 0.00480769 1
2.83729 43.6396 0.0244898 1
18.0821 41.296 0.0714286 1
4.43929 37.4117 0.177778 1
1.51288 37.7479 0.0512821 1
4.05262 37.7686 0.196262 1
3.44419 37.3252 0.260204 1
1.76058 37.2254 0.01875 1
5.63581 36.8729 0.0258065 1
6.07572 34.1816 0.0168067 1
24.4199 32.4537 0.0119048 1
36.2684 27.4445 0.0674157 0
2.60004 8.86432 0.0909091 1
2.71743 9.1608 0.102941 1
5.43442 2.70591 0.0272109 0
5.43442 2.70591 0.033557 0
4.19966 12.8062 0.185897 1
8.48198 0.728908 0.0535714 0
9.36097 12.5345 0.0777778 0
7.0116 12.7557 0.0296296 0
8.48198 0.728908 0.0535714 0
1.28745 11.8056 0.0526316 1
1.66782 11.8207 0.0826446 1
0.661789 11.9134 0.00847458 1
0.717934 11.2518 0.028777 1
2.25173 11.0556 0.116279 1
10.7718 280.416 0.0336134 0
2.2758 10.1316 0.245614 1
3.42116 11.0668 0.017341 1
3.96862 10.3303 0.0495868 1
11.2621 280.272 0.0462963 0
11.2621 280.272 0.222772 0
11.2621 280.272 0.0142857 0
11.2621 280.272 0.010989 0
2.93064 10.3756 0.047619 1
11.4323 280.371 0.0159574 0
11.4323 280.371 0.264368 0
11.4323 280.371 0.0194805 0
11.4323 280.371 0.0142857 0
11.4323 280.371 0.215686 0
12.822 286.558 0.138889 0
11.4323 280.371 0.010989 0
11.4323 280.371 0.0194805 0
11.4323 280.371 0.271795 0
12.822 286.558 0.0967742 0
12.822 286.558 0.248731 0
15.8947 286.638 0.0338164 0
9.39007 284.201 0.0817308 1
13.0842 283.766 0.0972222 1
15.5475 283.278 0.0192308 0
4.51514 274.927 0.0869565 1
134.747 272.382 0.0232558 0
134.747 272.382 0.0123457 0
134.747 272.382 0.308642 0
134.747 272.382 0.0421053 0
5.73081 248.787 0.201923 1
134.693 273.358 0.139241 0
14.6299 276.835 0.00909091 1
134.857 274.418 0.010101 0
134.857 274.418 0.00925926 0
134.857 274.418 0.0721649 0
53.2694 226.204 0.0111111 1
8.67012 268.564 0.0357143 1
134.75 272.637 0.139241 0
134.75 272.637 0.0721649 0
134.75 272.637 0.215385 0
115.805 526.832 0.0128205 0
134.75 272.637 0.0114943 0
134.75 272.637 0.171053 0
134.75 272.637 0.0625 0
134.75 272.637 0.215385 0
18.9999 254.195 0.28169 1
10.1974 149.781 0.0142857 1
135.951 275.145 0.0337079 0
135.951 275.145 0.0128205 0
7.12985 264.942 0.0576923 1
136.03 276.466 0.0138889 0
136.03 276.466 0.0714286 0
136.03 276.466 0.0126582 0
20.1621 275.956 0.192308 1
27.672 279.494 0.220339 1
32.1607 277.141 0.0621469 1
33.1751 280.849 0.0365854 1
26.3512 282.5 0.0421053 1
32.4319 285.326 0.00581395 1
27.1879 282.236 0.0232558 1
32.1968 286.441 0.113208 1
10.9345 281.215 0.0141844 1
12.3563 237.216 0.0075188 0
12.3563 237.216 0.0201005 0
12.3563 237.216 0.0794702 0
25.105 285.333 0.291667 0
12.3563 237.216 0.0794702 0
12.3563 237.216 0.0137931 0
12.3563 237.216 0.00452489 0
12.3563 237.216 0.0140845 0
12.7488 48.1168 0.446927 1
8.07273 49.5874 0.0304569 1
12.4136 237.121 0.0314961 0
12.4136 237.121 0.0207254 0
12.4136 237.121 0.0137931 0
12.4136 237.121 0.0322581 0
1.99986 45.2796 0.303419 1
4.27082 50.1535 0.0227273 1
1.17931 47.1819 0.00609756 1
8.21069 47.2159 0.0188679 1
17.3156 37.2072 0.00558659 1
7.29572 37.4368 0.1125 1
1.32151 37.809 0.27673 1
2.11579 37.7851 0.0952381 1
2.81146 37.7521 0.00757576 1
1.74919 36.7492 0.122807 1
8.46644 36.8775 0.294479 1
10.9681 34.6227 0.00729927 1
16.6322 32.7279 0.0891089 1
36.4455 27.7063 0.0674157 0
29.0669 33.3022 0.097561 0
7.38996 5.59592 0.0246914 1
6.75026 11.0316 0.02 1
5.08355 0.118389 0.033557 0
5.08355 0.118389 0.0994475 0
5.08355 0.118389 0.0994475 0
9.00793 2.12551 0.00671141 0
2.02275 11.558 0.226994 1
4.77938 12.507 0.0078125 0
8.7848 1.59856 0.0777778 0
8.7848 1.59856 0.00671141 0
1.26522 10.9295 0.348485 1
8.75232 1.7285 0.0296296 0
1.18613 10.4645 0.0121212 1
1.50387 11.4648 0.0170455 1
1.44449 10.2138 0.198675 1
3.6955 10.7535 0.259843 1
0.976747 10.5464 0.0208333 1
1.81632 10.4182 0.0190476 1
1.07173 10.1991 0.0188679 1
2.44376 9.53194 0.0333333 1
2.80546 9.7455 0.0247934 1
6.47975 280.121 0.215686 0
6.47975 280.121 0.271795 0
5.62243 9.11917 0.0566038 1
1.28938 5.5206 0.00518135 1
4.31758 9.13123 0.0197044 1
4.02806 5.96704 0.01875 1
6.16894 10.3054 0.0555556 1
7.0747 278.455 0.138889 0
7.0747 278.455 0.0967742 0
7.0747 278.455 0.248731 0
7.0747 278.455 0.0307692 0
7.0747 278.455 0.0338164 0
7.0747 278.455 0.0192308 0
7.0747 278.455 0.190244 0
7.0747 278.455 0.00458716 0
8.90174 8.69409 0.0177515 1
7.25774 277.262 0.0307692 0
7.25774 277.262 0.190244 0
7.25774 277.262 0.026455 0
7.25774 277.262 0.0235294 0
7.25774 277.262 0.00458716 0
19.1294 285.962 0.0752212 1
6.99672 276.601 0.00495049 0
6.99672 276.601 0.196721 0
5.67544 283.741 0.0930233 0
11.9186 284.831 0.174359 1
6.89422 275.759 0.0112994 0
5.57343 282.898 0.0240964 0
24.6125 284.624 0.255556 1
17.8766 283.359 0.157895 1
26.1084 284.252 0.0846154 1
20.4385 278.306 0.121951 1
140.805 272.015 0.0114943 0
25.2775 282.553 0.0985916 1
7.09685 283.419 0.012987 0
7.3257 283.775 0.027027 0
7.09685 283.419 0.012987 0
7.3257 283.775 0.0405405 0
7.3257 283.775 0.0518519 0
14.7045 282.232 0.0576923 0
14.7045 282.232 0.00549451 0
14.7045 282.232 0.0175439 0
2.83827 277.247 0.0265487 1
15.0008 282.466 0.0309735 0
12.5053 274.53 0.0103627 1
10.589 232.321 0.00452489 0
10.589 232.321 0.0267176 0
14.8874 281.631 0.0176678 0
3.94954 269.86 0.0211864 1
29.0767 280.527 0.00873362 0
14.8966 280.625 0.021097 0
10.6 231.314 0.0140845 0
10.6 231.314 0.185792 0
29.5559 263.993 0.0232558 1
29.1102 280.628 0.0333333 0
23.7299 277.232 0.0176471 0
10.6335 231.415 0.291667 0
10.6335 231.415 0.0322581 0
10.6335 231.415 0.0267176 0
10.6335 231.415 0.185792 0
10.6335 231.415 0.0154639 0
18.4911 49.213 0.0748663 1
13.0825 45.993 0.0483092 1
4.70921 49.744 0.423664 1
14.3611 42.4683 0.00534759 1
15.7457 43.6025 0.0120482 1
3.86596 47.7179 0.0322581 1
1.26679 30.7527 0.090535 1
3.90333 36.1104 0.178082 1
2.5621 36.6428 0.253247 1
1.06682 37.5708 0.0625 1
2.10041 37.7189 0.00515464 1
0.91173 37.5476 0.0567376 1
11.2928 37.0424 0.202797 1
6.23082 36.6395 0.0731707 1
18.2185 33.5426 0.103448 1
36.5552 24.8032 0.0465116 0
36.5552 24.8032 0.097561 0
36.5552 24.8032 0.0465116 0
36.5552 24.8032 0.0470588 0
1.98309 11.1443 0.177778 1
3.30222 10.9806 0.27451 1
4.77938 12.507 0.0970874 0
4.96456 0.270741 0.0869565 0
0.803346 10.0637 0.156716 1
5.68414 11.1041 0.031746 0
4.66197 11.638 0.0078125 0
4.66197 11.638 0.0970874 0
4.97848 12.7599 0.261261 1
3.89574 12.2916 0.043956 1
0.677108 13.4318 0.153374 1
3.22075 11.7837 0.121212 1
3.06272 12.4883 0.0634921 1
0.287813 12.7392 0.0140845 1
0.861584 12.7042 0.0121212 1
3.32592 11.0648 0.228571 1
0.379354 12.3361 0.056338 1
3.07147 12.1016 0.037037 1
5.15736 12.2136 0.0220588 1
2.64657 10.9348 0.010929 1
5.44324 271.903 0.026455 0
5.44324 271.903 0.00495049 0
7.34111 11.9388 0.14557 1
4.4585 12.4896 0.21229 1
2.81128 12.7112 0.00699301 1
5.69969 271.515 0.0235294 0
5.69969 271.515 0.196721 0
5.69969 271.515 0.0112994 0
1.60307 7.12826 0.0406504 1
5.66446 271.348 0.0273973 0
5.66446 271.348 0.0930233 0
5.66446 271.348 0.0240964 0
5.66446 271.348 0.0296296 0
1.84984 12.0431 0.251852 1
8.34648 11.9327 0.00869565 1
5.83022 271.103 0.0273973 0
5.83022 271.103 0.0296296 0
5.83022 271.103 0.0144928 0
7.69826 283.702 0.0185185 0
2.16406 0.297868 0.158879 1
2.84421 0.684286 0.295918 1
1.27087 0.718265 0.0724638 1
5.83022 271.103 0.0232558 0
6.50547 280.882 0.0075188 0
6.50547 280.882 0.0322581 0
6.50547 280.882 0.0185185 0
6.50547 280.882 0.00847458 0
6.50547 280.882 0.0316456 0
9.68348 282.002 0.00558659 0
6.50547 280.882 0.0104167 0
9.68348 282.002 0.0559441 0
7.02163 281.429 0.00813008 0
14.0698 279.319 0.0253165 0
9.68348 282.002 0.00558659 0
9.68348 282.002 0.0559441 0
2.79007 0.57299 0.140845 1
1.91609 1.47519 0.0285714 1
6.63533 2.2056 0.139535 1
3.6189 6.2668 0.153061 1
6.09338 3.14036 0.0734463 1
8.99729 274.264 0.012987 0
8.99729 274.264 0.012987 0
8.99729 274.264 0.00813008 0
1.86675 7.52122 0.00862069 1
1.48701 8.02905 0.0348837 1
9.01346 274.807 0.027027 0
9.01346 274.807 0.0405405 0
9.01346 274.807 0.0518519 0
5.62683 5.43603 0.0229008 1
8.10886 7.05142 0.0178571 1
1.57217 10.2714 0.0225989 1
9.69644 272.248 0.0576923 0
9.69644 272.248 0.00549451 0
9.69644 272.248 0.0175439 0
9.69644 272.248 0.0212766 0
1.69774 8.66887 0.0153846 1
9.78174 272.315 0.0212766 0
14.9296 280.726 0.033557 0
9.78174 272.315 0.15 0
9.78174 272.315 0.00729927 0
14.9296 280.726 0.0309735 0
14.9296 280.726 0.0176678 0
14.9296 280.726 0.021097 0
14.9296 280.726 0.033557 0
14.9296 280.726 0.174672 0
5.23171 8.41049 0.027668 1
9.04205 1.54954 0.171548 1
17.989 4.28276 0.00555556 0
10.8831 267.917 0.174672 0
10.8831 267.917 0.0276498 0
10.8831 267.917 0.242718 0
7.80456 263.634 0.163265 1
33.1963 279.088 0.109756 0
20.0558 275.261 0.0168539 0
10.7728 230.714 0.0154639 0
10.7728 230.714 0.0372671 0
10.7728 230.714 0.0220994 0
10.9115 267.4 0.0729167 0
33.1963 279.088 0.0533333 0
20.0558 275.261 0.189024 0
10.9115 267.4 0.0165289 0
20.0558 275.261 0.0215054 0
10.7728 230.714 0.00873362 0
10.7728 230.714 0.0333333 0
10.7728 230.714 0.0372671 0
10.7728 230.714 0.00793651 0
22.4304 48.3743 0.13986 1
9.26207 44.7545 0.254777 1
3.29126 47.8262 0.00913242 1
10.8317 230.544 0.0176471 0
10.8317 230.544 0.0220994 0
1.07264 49.4946 0.0335196 1
4.9945 49.1043 0.0486111 1
1.02976 49.2971 0.119403 1
16.1305 42.5487 0.0497512 1
6.70049 26.9443 0.105469 1
2.19397 36.9328 0.0491803 1
1.31251 37.3084 0.0510949 1
2.76723 37.2851 0.0695652 1
1.93469 37.3508 0.0306748 1
3.58669 35.6445 0.142857 1
13.7398 36.7703 0.273438 1
8.33579 35.078 0.0601504 1
36.5682 24.8677 0.0470588 0
26.8688 34.2085 0.195122 0
9.72145 9.3408 0.0229885 1
2.76095 10.6854 0.0860215 1
4.55642 2.1095 0.0869565 0
4.55642 2.1095 0.0191083 0
6.88121 12.8408 0.123188 1
4.89512 3.01525 0.0191083 0
9.89061 1.52317 0.0327869 0
1.46054 10.9816 0.106557 1
3.82636 10.5336 0.150442 1
9.81378 1.77619 0.031746 0
9.81378 1.77619 0.0327869 0
9.81378 1.77619 0.152381 0
2.16224 13.7997 0.109677 1
1.13733 13.8712 0.00613497 1
2.3557 13.025 0.0344828 1
2.1288 12.3346 0.276316 1
0.597758 12.7415 0.0576923 1
3.31189 13.1246 0.131387 1
1.6717 12.9149 0.0625 1
3.56819 13.0571 0.057971 1
8.36077 12.0312 0.0166667 1
3.98054 12.7669 0.11039 1
4.09814 12.8652 0.0243902 1
6.96991 12.4587 0.164062 1
4.03498 12.874 0.300752 1
6.25611 270.524 0.0144928 0
6.25611 270.524 0.0232558 0
4.6851 3.1241 0.0491803 1
3.36447 16.5332 0.116279 1
7.15787 266.036 0.0075188 0
0.704372 17.5451 0.0176471 1
0.745818 17.0739 0.00675676 1
7.18174 266.312 0.0322581 0
7.18174 266.312 0.00847458 0
7.18174 266.312 0.0316456 0
7.18174 266.312 0.0104167 0
4.22999 13.7868 0.282443 1
0.535157 16.8195 0.125 1
1.36486 13.8675 0.092437 1
2.48965 16.5192 0.149254 1
4.07698 16.1984 0.0827068 1
7.23928 266.493 0.0253165 0
4.22855 10.3795 0.0198676 1
1.90858 15.1793 0.0442478 1
7.25589 266.542 0.15 0
6.57552 17.2004 0.0203046 1
7.3011 266.5 0.00729927 0
7.3011 266.5 0.0276498 0
7.3011 266.5 0.242718 0
7.3011 266.5 0.0729167 0
7.3011 266.5 0.0165289 0
7.3011 266.5 0.146497 0
3.60412 35.9828 0.252874 1
14.06 39.8649 0.0862069 1
3.05406 33.4398 0.0473684 1
21.2377 46.553 0.0208333 1
16.8607 44.6402 0.00431034 1
10.3142 233.536 0.00555556 0
10.3142 233.536 0.00793651 0
10.3142 233.536 0.146497 0
10.3142 233.536 0.0521739 0
10.3142 233.536 0.147287 0
10.3142 233.536 0.0434783 0
10.3142 233.536 0.0687023 0
10.3142 233.536 0.0300752 0
10.3142 233.536 0.0231214 0
10.3142 233.536 0.109756 0
10.3142 233.536 0.0533333 0
10.3142 233.536 0.0521739 0
10.3142 233.536 0.0168539 0
10.3142 233.536 0.189024 0
10.3142 233.536 0.0215054 0
10.3142 233.536 0.147287 0
9.00462 48.2268 0.104167 1
9.24613 45.5028 0.127193 1
6.2993 36.0183 0.00552486 1
12.0648 40.3427 0.00478469 1
3.52665 45.7905 0.100372 1
9.9101 14.9205 0.0872483 1
4.02871 36.9938 0.151261 1
1.19462 37.7175 0.0851064 1
1.84404 37.2228 0.137931 1
5.93196 33.9142 0.013986 1
16.0129 35.6825 0.191304 1
11.2997 34.9507 0.0725806 1
36.4721 23.2245 0.195122 0
15.3398 8.45474 0.125 0
15.3398 8.45474 0.0813954 0
0.157133 12.0788 0.0761905 1
1.91553 12.9791 0.0763359 1
4.63474 9.54921 0.244275 1
14.583 38.9196 0.152381 0
7.23389 11.6066 0.218182 0
8.30367 11.1313 0.0138889 0
7.52358 50.5262 0.13125 1
4.07737 50.3317 0.00653595 1
6.33452 50.0104 0.0462428 1
5.94654 50.1656 0.0604027 1
3.00089 49.9143 0.00636943 1
1.65193 50.567 0.00854701 1
2.12818 49.5893 0.0141844 1
2.54139 50.2143 0.0414508 1
4.39994 50.0373 0.0297619 1
0.93878 49.2992 0.145161 1
1.60011 49.84 0.00675676 1
2.63801 49.1499 0.00719424 1
3.04602 48.9456 0.365079 1
1.62526 48.8825 0.00724638 1
2.36285 49.9729 0.0314465 1
0.64863 49.6503 0.0701754 1
3.89665 49.5067 0.216374 1
2.95914 49.6263 0.0277778 1
4.78375 49.7425 0.0502513 1
12.9399 40.6135 0.134021 1
3.80779 47.3119 0.00502513 1
9.80405 46.2296 0.00793651 1
26.3467 31.0186 0.123077 1
1.65359 47.7315 0.0849421 1
5.53841 49.0331 0.333333 1
8.73004 47.922 0.0410959 1
10.2603 233.665 0.0434783 0
23.0474 48.067 0.041958 1
24.8254 47.2465 0.0533333 1
10.3329 233.215 0.0687023 0
10.3329 233.215 0.0300752 0
12.5788 46.731 0.13125 1
10.3487 233.175 0.0231214 0
2.37591 43.8061 0.0300429 1
19.7784 42.5181 0.226087 1
2.68493 45.6013 0.0795455 1
3.47602 38.9079 0.209945 1
1.70802 42.0784 0.104 1
18.9697 41.7501 0.0196078 1
1.62017 37.4787 0.0322581 1
2.77994 36.8865 0.105263 1
2.30073 36.8564 0.0192308 1
2.557 36.932 0.239669 1
1.49338 35.9116 0.0743243 1
6.75628 33.3557 0.142857 1
19.4139 34.5071 0.186047 0
14.9888 34.5903 0.0578512 1
21.0319 31.5693 0.1 1
36.4046 23.9371 0.125 0
36.4046 23.9371 0.0813954 0
26.8803 33.9768 0.1 1
36.3373 25.1182 0.111111 0
4.42076 12.5334 0.0546875 1
2.73793 11.8151 0.0769231 1
5.48844 2.49988 0.0423729 0
8.69769 10.242 0.32 1
2.01092 12.8487 0.0982143 1
15.3143 35.8364 0.218182 0
8.40773 49.3983 0.0106383 1
15.3091 35.8342 0.0138889 0
15.3091 35.8342 0.00746269 0
5.30643 50.273 0.259259 1
5.03417 50.2208 0.00813008 1
2.7077 50.3022 0.0619469 1
1.64429 50.1825 0.223214 1
1.01038 50.0806 0.0875 1
1.18944 49.5118 0.00990099 1
3.80036 49.8314 0.008 1
3.259 49.441 0.0104167 1
5.92058 49.268 0.0104167 1
3.46658 49.1527 0.15 1
0.409791 50.0013 0.00543478 1
3.64862 49.164 0.509804 1
2.80258 49.8928 0.0893855 1
1.14568 49.6991 0.0506329 1
1.33268 49.3399 0.0679612 1
1.59029 49.3349 0.0229008 1
0.959653 50.1397 0.0865385 1
5.03372 46.3723 0.389381 1
5.04346 46.7077 0.127119 1
2.87688 47.654 0.0104167 1
1.44737 49.4421 0.0954545 1
1.31592 48.3733 0.0669291 1
5.90776 44.0089 0.0289017 1
4.06262 48.0464 0.0232558 1
5.20917 47.8785 0.0243902 1
1.20146 47.5626 0.0491803 1
18.8307 48.1459 0.0402299 1
4.12651 29.905 0.00854701 1
15.2709 45.2838 0.0828402 1
4.67646 45.3972 0.144144 1
9.94558 46.6149 0.220779 1
4.90298 46.6315 0.0613027 1
22.39 44.5922 0.0849057 1
7.86577 43.5512 0.0170455 1
36.7437 20.8953 0.0191083 1
1.40654 37.0174 0.255952 1
1.41634 38.6025 0.010989 1
3.13709 38.6178 0.0851064 1
1.52928 37.5589 0.024 1
10.5249 37.3188 0.156627 1
19.1819 35.9722 0.186047 0
19.1819 35.9722 0.0923077 0
19.1819 35.9722 0.104762 0
1.78243 1.49943 0.220339 1
0.78547 0.0240462 0.0551181 0
19.871 35.8915 0.0923077 0
20.1695 35.8675 0.109244 1
36.4576 25.2558 0.111111 0
2.00682 12.9066 0.0547945 1
4.81807 12.9188 0.10625 1
5.81084 11.8872 0.00892857 1
6.39043 0.505458 0.0423729 0
3.2401 12.9884 0.112 1
15.5286 37.261 0.00746269 0
15.5286 37.261 0.1 0
3.7065 12.0478 0.101266 1
15.406 37.381 0.1 0
15.406 37.381 0.123288 0
6.82199 51.5917 0.142857 1
9.04321 51.6537 0.00925926 1
2.94054 51.903 0.148718 1
2.49316 51.6406 0.00917431 1
0.930448 51.9426 0.0406504 1
1.93055 51.8123 0.0183486 1
1.40912 51.564 0.0078125 1
2.88938 51.0311 0.44086 1
1.31039 50.7039 0.0526316 1
3.12531 50.4958 0.0251572 1
2.65813 51.2909 0.0914286 1
4.82321 50.5695 0.315217 1
4.51097 51.258 0.0449438 1
2.70735 50.8412 0.028169 1
0.956291 50.4935 0.0295858 1
2.93732 50.5588 0.0481283 1
3.03382 51.0788 0.0491803 1
0.552514 50.9229 0.0719424 1
2.50715 50.7404 0.0789474 1
0.5433 49.2659 0.260606 1
3.61659 47.466 0.0650406 1
4.17988 48.8789 0.116667 1
5.59568 47.2122 0.012931 1
4.91947 46.3545 0.017316 1
19.1931 48.5481 0.0434783 1
22.4721 47.127 0.0352113 1
10.8321 47.5181 0.0512821 1
1.9575 38.9202 0.216535 1
15.726 36.1475 0.354167 1
3.8239 48.3556 0.00591716 1
16.7992 44.9844 0.0497512 1
0.441923 49.3288 0.0327869 1
4.18844 29.9792 0.163934 1
2.33003 38.1527 0.163265 1
2.72472 39.2387 0.0280899 1
4.94542 39.2857 0.138554 1
2.13068 37.5831 0.155405 1
19.7936 36.0066 0.104762 0
14.4477 36.0534 0.097561 1
19.7571 36.1281 0.11215 0
19.7571 36.1281 0.0842105 0
0.852955 1.86443 0.0420168 1
2.23365 0.19646 0.0707071 0
19.8632 36.4256 0.0551181 0
19.8632 36.4256 0.11215 0
17.7073 36.622 0.111111 1
32.0728 34.8096 0.02 1
36.4559 28.0044 0.108333 0
6.44132 11.6753 0.0137931 1
36.8815 26.8526 0.0373134 0
0.695238 12.7339 0.125 1
6.85451 0.76188 0.288136 0
6.85451 0.76188 0.288136 0
6.56777 13.9221 0.224 1
15.9993 36.334 0.123288 0
15.9993 36.334 0.00877193 0
6.15638 13.1792 0.156627 0
9.89112 14.1069 0.0378788 0
15.9993 36.334 0.00877193 0
6.26633 50.4409 0.176829 1
8.49582 49.2128 0.0155039 1
4.88207 50.9002 0.0188679 1
1.35275 51.064 0.11811 1
2.87974 51.1219 0.008 1
2.72158 50.7388 0.00909091 1
2.41928 51.0504 0.125984 1
1.22334 50.744 0.24183 1
1.11248 50.768 0.00684932 1
0.755672 50.6152 0.235772 1
1.55274 50.0463 0.00735294 1
1.796 49.9134 0.029703 1
0.648478 49.5344 0.0909091 1
5.11649 50.3522 0.102804 1
6.16543 50.2628 0.0884956 1
1.65066 49.8123 0.0659898 1
0.399093 49.9748 0.0437956 1
4.76759 48.987 0.0714286 1
4.92558 48.4389 0.0285714 1
3.03146 49.8141 0.101911 1
10.3222 44.3042 0.00625 1
5.84439 47.8409 0.079096 1
11.5714 47.044 0.0511364 1
2.53993 44.8874 0.00458716 1
0.981075 47.6167 0.254545 1
10.0294 47.5727 0.109827 1
20.5747 45.8536 0.0472973 1
10.4769 45.3129 0.0818713 1
17.0681 49.0843 0.207071 1
3.17371 46.4165 0.0108108 1
7.41277 44.3625 0.328638 1
5.78441 44.7031 0.0961538 1
1.61466 47.073 0.021164 1
11.5676 45.8838 0.0131579 1
21.0474 46.8872 0.037037 1
5.64065 41.8564 0.107843 1
1.74654 41.1348 0.0606061 1
2.62513 41.6978 0.315508 1
5.5355 39.1897 0.133929 1
8.14624 38.4999 0.018018 1
19.6847 39.2419 0.0842105 0
19.6847 39.2419 0.137931 0
19.6847 39.2419 0.137931 0
19.6847 39.2419 0.158333 0
2.6301 1.74923 0.255319 0
4.80133 0.524629 0.136364 0
19.6847 39.2419 0.0707071 0
19.6847 39.2419 0.158333 0
22.2297 40.9911 0.0909091 1
24.374 40.268 0.0671642 1
36.6533 28.2332 0.108333 0
36.6533 28.2332 0.0373134 0
36.6533 28.2332 0.0183486 0
32.1538 40.35 0.0357143 1
36.5672 29.8842 0.0183486 0
36.5672 29.8842 0.0183486 0
0.55528 12.6992 0.158228 1
3.95177 13.6121 0.146341 1
2.0327 13.0193 0.151515 1
6.28269 12.8101 0.156627 0
10.0602 49.1711 0.195489 1
16.2324 36.3713 0.0406504 0
5.30132 50.4858 0.0504202 1
16.2244 36.3433 0.0378788 0
2.85389 50.753 0.0192308 1
5.58816 50.4875 0.00793651 1
2.71623 50.5183 0.0751445 1
0.567857 50.6235 0.0444444 1
2.48517 50.4033 0.079646 1
2.72808 50.3626 0.0875912 1
4.21483 50.6107 0.00819672 1
2.58724 50.5473 0.0410959 1
1.2913 50.1112 0.04 1
1.21144 50.5256 0.00689655 1
2.41475 50.3061 0.0666667 1
1.82525 50.1287 0.0424242 1
2.50634 49.6253 0.138686 1
5.12441 48.0579 0.0989011 1
2.54272 49.3021 0.131387 1
10.1211 47.1012 0.192771 1
0.430296 49.885 0.0503145 1
3.44608 49.1466 0.0234375 1
0.750739 48.3042 0.0810811 1
1.96404 48.1756 0.011236 1
4.00984 48.7824 0.153846 1
12.7024 47.303 0.0342857 1
0.936475 46.4863 0.0508475 1
20.4675 35.1573 0.0851064 1
2.85861 47.2764 0.0656934 1
3.41504 46.9549 0.0985222 1
13.888 45.8833 0.0473373 1
22.8313 48.3116 0.00746269 1
23.762 36.3483 0.00684932 1
6.99168 46.7284 0.0844444 1
12.7081 43.6026 0.079602 1
5.63997 40.2163 0.015873 1
2.25622 46.6704 0.00775194 1
4.3762 41.5676 0.0533333 1
1.07294 47.1944 0.0168539 1
4.35782 41.4392 0.320988 1
8.47303 43.2162 0.186441 1
4.35992 44.0308 0.0102041 1
3.03799 44.918 0.17284 1
1.96813 43.7379 0.0988372 1
14.8188 42.2572 0.130435 1
19.4244 42.2635 0.255319 0
27.0894 43.3452 0.013245 0
25.3575 43.8504 0.173077 1
19.2733 43.369 0.136364 0
36.3858 31.2798 0.0183486 0
36.3858 31.2798 0.0827068 0
26.9382 44.4506 0.0327869 0
38.3095 44.7679 0.0555556 0
36.3858 31.2798 0.0827068 0
2.19388 13.4882 0.140127 1
2.30774 13.4927 0.181818 1
7.51187 0.00663757 0.0672269 0
5.98462 13.5599 0.0826446 0
16.3226 35.8597 0.0406504 0
7.51187 0.00663757 0.0672269 0
1.94542 13.5666 0.256098 1
2.67455 49.7144 0.223077 1
10.095 46.8394 0.120968 0
3.37999 50.4239 0.0137931 1
5.23567 50.4285 0.0517241 1
6.01479 49.4943 0.0520833 1
0.652513 49.2444 0.114865 1
0.963569 50.2628 0.0235294 1
1.23781 49.82 0.02 1
1.85519 49.5476 0.0648148 1
1.81422 49.9969 0.269939 1
2.67869 49.5189 0.038961 1
1.71132 49.1894 0.00684932 1
2.68342 49.847 0.0078125 1
3.22198 49.6849 0.145038 1
3.26745 50.1495 0.0416667 1
0.705466 49.6146 0.0764331 1
1.03649 49.3127 0.124224 1
2.8867 48.3934 0.244048 1
0.816198 49.0316 0.0456853 1
3.15434 48.3881 0.125 1
2.69024 47.853 0.134021 1
7.40506 47.6126 0.312883 1
3.28645 47.834 0.0608108 1
1.89859 48.3346 0.0755814 1
1.39658 46.0295 0.056701 1
15.5227 41.0125 0.0454545 1
1.80939 45.9829 0.0458015 1
13.8993 32.9263 0.0324675 1
8.37725 42.8362 0.334802 1
20.0626 44.648 0.00383142 1
10.0348 40.5235 0.0100503 1
2.44 46.7991 0.419355 1
0.903123 46.4676 0.00558659 1
5.07517 45.5515 0.152091 1
7.85201 41.9689 0.00438596 1
1.29108 41.8899 0.0218182 1
2.76628 33.5982 0.0125523 1
4.85311 44.515 0.153846 1
2.80443 43.0967 0.0583333 1
4.40855 45.4414 0.181818 1
3.65767 43.1117 0.154412 1
9.14886 42.7222 0.146067 1
20.43 41.5637 0.0697674 0
26.9018 44.2198 0.013245 0
26.9018 44.2198 0.0327869 0
26.9018 44.2198 0.29697 0
6.48778 2.65611 0.0901639 1
7.3769 6.1494 0.0923077 0
25.1448 37.1364 0.29697 0
25.1448 37.1364 0.0551181 0
1.87205 13.5356 0.0693069 0
5.54379 1.59348 0.211765 1
9.33329 5.74421 0.0519481 0
6.62126 6.29297 0.17757 0
36.3911 31.3437 0.0555556 0
2.34538 8.01939 0.0693069 0
2.34538 8.01939 0.00862069 0
7.25749 13.7636 0.00925926 1
4.32926 14.8751 0.23913 1
4.45814 12.7887 0.00892857 1
7.66226 0.812439 0.0814815 0
7.66226 0.812439 0.0826446 0
7.66226 0.812439 0.0814815 0
6.16606 10.7589 0.115385 1
7.45746 0.137619 0.0465116 0
2.35686 12.6332 0.157895 1
16.2829 35.0843 0.120968 0
16.2829 35.0843 0.026087 0
8.46189 13.7985 0.0618557 0
10.8891 14.7806 0.0289855 0
16.2829 35.0843 0.026087 0
5.43292 49.8649 0.194969 1
4.71074 49.2217 0.179012 1
5.02541 49.7168 0.0171429 1
1.64237 49.0136 0.012987 1
3.27627 49.1748 0.132075 1
1.53009 48.6779 0.0292398 1
1.50415 49.2736 0.185484 1
1.82567 50.1058 0.0444444 1
4.75352 48.1176 0.122093 1
1.7536 47.7178 0.133333 1
1.36462 49.0293 0.118881 1
2.41066 49.5476 0.100917 1
3.04672 49.3551 0.335616 1
1.40628 48.6086 0.0342466 1
0.526785 48.73 0.0810811 1
4.5178 46.9796 0.0186335 1
3.25316 45.9651 0.239437 1
10.198 46.2212 0.0943396 1
2.72324 46.3645 0.0882353 1
0.832214 46.7127 0.0941176 1
9.75093 44.4561 0.177419 1
13.1301 45.9633 0.0122699 1
7.49675 46.0881 0.0306122 1
2.96652 47.3713 0.00546448 1
1.83064 46.0933 0.0042735 1
20.8452 42.0715 0.00990099 1
2.6592 38.8725 0.0125 1
18.3122 41.583 0.0271739 1
3.83589 42.3442 0.0414938 1
3.48665 39.9451 0.121827 1
4.8128 44.5011 0.0627306 1
13.1096 37.2235 0.06 1
13.6724 32.5865 0.0671141 1
18.772 44.2562 0.0209424 1
19.6145 43.1863 0.0982143 1
8.07599 44.2301 0.103448 1
1.81875 43.7823 0.0980392 1
2.08481 44.6018 0.057554 1
2.33447 40.6303 0.0289855 1
25.2286 36.7324 0.0344828 0
14.1234 37.7656 0.108434 1
25.1795 36.8974 0.0697674 0
25.1795 36.8974 0.0551181 0
25.1795 36.8974 0.0344828 0
25.1795 36.8974 0.1875 0
3.83491 4.58624 0.0574713 1
7.11943 2.76928 0.0923077 0
2.54267 8.58442 0.00862069 0
2.54267 8.58442 0.00819672 0
7.11943 2.76928 0.147368 0
0.443994 4.27625 0.152941 1
2.43069 9.58937 0.0519481 0
4.41868 12.7391 0.119048 1
2.55302 9.63547 0.17757 0
2.55302 9.63547 0.00819672 0
0.423845 14.4264 0.0780142 1
7.77587 0.235541 0.0465116 0
7.77587 0.235541 0.125 0
2.67485 11.8509 0.0581395 1
9.79095 11.7492 0.0555556 0
7.70962 0.142414 0.125 0
8.46189 13.7985 0.01 0
2.33351 11.6067 0.159574 1
4.83815 12.0452 0.0326087 1
8.48423 13.4186 0.0618557 0
8.48423 13.4186 0.01 0
8.02843 48.6144 0.283688 1
16.3979 35.1943 0.173913 0
5.04394 48.0675 0.0337079 1
16.39 35.1684 0.0289855 0
16.39 35.1684 0.0150376 0
3.13705 49.1778 0.080402 1
1.32027 48.431 0.0503597 1
1.19116 49.1435 0.057554 1
3.59961 48.5014 0.0567376 1
4.47263 48.2312 0.075 1
2.14774 48.9511 0.0324675 1
8.59033 47.391 0.109244 1
4.04559 46.4735 0.0254237 1
1.01671 47.2259 0.191781 1
0.937283 47.2462 0.121212 1
3.42601 47.6137 0.00961538 1
1.26431 47.1309 0.2 1
2.79179 47.9964 0.00735294 1
0.767647 47.8816 0.027027 1
0.613196 47.8078 0.00793651 1
10.4901 45.8954 0.237624 1
1.0897 42.1506 0.0461538 1
9.19482 43.7225 0.252525 1
0.567569 45.6009 0.133929 1
5.40972 45.0595 0.174699 1
15.1072 41.6508 0.0186335 1
7.82212 39.8843 0.0322581 1
1.13453 45.7874 0.00671141 1
3.22684 34.4285 0.119565 1
8.62707 34.1862 0.00423729 1
36.5321 6.02151 0.00680272 1
13.8883 38.6665 0.196319 1
0.967137 33.5937 0.0979381 1
10.675 7.00423 0.391089 1
9.37194 32.1286 0.3 1
1.91601 41.4179 0.0275591 1
11.8137 39.1703 0.0172414 1
3.80905 43.7532 0.0520833 1
5.86605 34.9998 0.0483871 1
3.6664 15.9481 0.129032 1
27.1849 36.3548 0.1875 0
27.1849 36.3548 0.0963855 0
7.16955 3.77423 0.147368 0
27.1849 36.3548 0.0963855 0
7.16955 3.77423 0.1375 0
7.16955 3.77423 0.1375 0
2.51207 9.2866 0.155844 0
2.51207 9.2866 0.155844 0
7.74341 0.522346 0.154762 0
7.74341 0.522346 0.0555556 0
7.74341 0.522346 0.154762 0
16.5282 35.4974 0.173913 0
16.5282 35.4974 0.0150376 0
16.5282 35.4974 0.0617284 0
16.5282 35.4974 0.0617284 0
22.0328 34.3428 0.0714286 0
22.0328 34.3428 0.0714286 0
8.05502 33.3286 0.17 0
22.0328 34.3428 0.0970874 0
8.05502 33.3286 0.17 0
8.05502 33.3286 0.0606061 0
31.5805 5.1469 0.0943396 0
31.5805 5.1469 0.0943396 0
31.5805 5.1469 0.164706 0
22.0328 34.3428 0.0970874 0
22.0328 34.3428 0.0392157 0
22.0328 34.3428 0.0545455 0
8.05502 33.3286 0.0606061 0
22.0328 34.3428 0.0392157 0
8.05502 33.3286 0.01 0
31.5805 5.1469 0.164706 0
31.5805 5.1469 0.133333 0
22.0328 34.3428 0.0545455 0
8.05502 33.3286 0.222222 0
22.0328 34.3428 0.169811 0
8.05502 33.3286 0.01 0
8.05502 33.3286 0.222222 0
31.5805 5.1469 0.133333 0
31.5805 5.1469 0.0795455 0
22.0328 34.3428 0.169811 0
22.0328 34.3428 0.0588235 0
22.0328 34.3428 0.0588235 0
31.5805 5.1469 0.0795455 0
31.5805 5.1469 0.137931 0
22.0328 34.3428 0.0990991 0
8.05502 33.3286 0.0173913 0
31.5805 5.1469 0.137931 0
31.5805 5.1469 0.0642202 0
22.0328 34.3428 0.0990991 0
22.0328 34.3428 0.043956 0
8.05502 33.3286 0.0306122 0
8.05502 33.3286 0.0173913 0
31.5805 5.1469 0.0642202 0
22.0328 34.3428 0.043956 0
22.0328 34.3428 0.114754 0
22.0328 34.3428 0.114754 0
22.0328 34.3428 0.016 0
8.05502 33.3286 0.180451 0
8.05502 33.3286 0.0306122 0
31.5805 5.1469 0.209877 0
31.5805 5.1469 0.209877 0
22.0328 34.3428 0.016 0
27.0687 37.1313 0.0479452 0
8.05502 33.3286 0.180451 0
13.0865 36.117 0.0519481 0
31.5805 5.1469 0.185714 0
152.134 508.945 0.0117647 0
152.134 508.945 0.102273 0
152.134 508.945 0.025974 0
27.0687 37.1313 0.0479452 0
13.0865 36.117 0.0519481 0
13.0865 36.117 0.0268456 0
27.0687 37.1313 0.0958904 0
13.0865 36.117 0.0268456 0
31.5805 5.1469 0.185714 0
31.5805 5.1469 0.0823529 0
152.134 508.945 0.0363636 0
152.134 508.945 0.0483871 0
152.134 508.945 0.0892857 0
152.134 508.945 0.0208333 0
152.134 508.945 0.0238095 0
152.134 508.945 0.0769231 0
152.134 508.945 0.0454545 0
152.134 508.945 0.0617284 0
152.134 508.945 0.0519481 0
152.134 508.945 0.0117647 0
152.134 508.945 0.0454545 0
152.134 508.945 0.192308 0
152.134 508.945 0.192308 0
152.134 508.945 0.0545455 0
152.134 508.945 0.00970874 0
152.134 508.945 0.047619 0
152.134 508.945 0.102273 0
152.134 508.945 0.025974 0
152.134 508.945 0.0545455 0
152.134 508.945 0.0166667 0
152.134 508.945 0.0166667 0
152.134 508.945 0.0701754 0
152.134 508.945 0.0454545 0
152.134 508.945 0.149425 0
152.134 508.945 0.00877193 0
152.134 508.945 0.011236 0
152.134 508.945 0.0285714 0
152.134 508.945 0.211538 0
152.134 508.945 0.0344828 0
152.134 508.945 0.0106383 0
27.0687 37.1313 0.0958904 0
27.0687 37.1313 0.119048 0
13.0865 36.117 0.141593 0
13.0865 36.117 0.141593 0
31.5805 5.1469 0.00877193 0
31.5805 5.1469 0.0823529 0
31.5805 5.1469 0.00877193 0
31.5805 5.1469 0.0638298 0
152.134 508.945 0.0606061 0
152.134 508.945 0.0740741 0
152.134 508.945 0.0689655 0
152.134 508.945 0.0483871 0
152.134 508.945 0.0208333 0
152.134 508.945 0.0606061 0
152.134 508.945 0.0740741 0
152.134 508.945 0.09375 0
152.134 508.945 0.0363636 0
152.134 508.945 0.0892857 0
152.134 508.945 0.0238095 0
152.134 508.945 0.0769231 0
152.134 508.945 0.0617284 0
152.134 508.945 0.00970874 0
152.134 508.945 0.0519481 0
152.134 508.945 0.047619 0
152.134 508.945 0.0701754 0
152.134 508.945 0.0454545 0
152.134 508.945 0.011236 0
152.134 508.945 0.149425 0
152.134 508.945 0.00877193 0
152.134 508.945 0.0285714 0
152.134 508.945 0.211538 0
152.134 508.945 0.0344828 0
152.134 508.945 0.0106383 0
152.134 508.945 0.132075 0
152.134 508.945 0.0103093 0
152.134 508.945 0.132075 0
152.134 508.945 0.01 0
152.134 508.945 0.0862069 0
152.134 508.945 0.0103093 0
152.134 508.945 0.00980392 0
152.134 508.945 0.0137931 0
152.134 508.945 0.005 0
152.134 508.945 0.0128755 0
75.1707 91.2338 0.0186335 0
75.1707 91.2338 0.00649351 0
75.1707 91.2338 0.142857 0
75.1707 91.2338 0.027027 0
75.1707 91.2338 0.0721649 0
75.1707 91.2338 0.00649351 0
27.0687 37.1313 0.119048 0
27.0687 37.1313 0.162791 0
13.0865 36.117 0.0869565 0
31.5805 5.1469 0.0638298 0
31.5805 5.1469 0.0378788 0
21.0389 239.114 0.010989 0
31.5805 5.1469 0.034188 0
51.8184 21.5214 0.0582524 0
31.5805 5.1469 0.0378788 0
10.9909 233.967 0.0909091 0
31.5805 5.1469 0.136 0
72.5883 16.3745 0.075188 0
21.0389 239.114 0.010989 0
10.9909 233.967 0.0909091 0
10.9909 233.967 0.132231 0
10.9909 233.967 0.0377358 0
63.3327 217.592 0.532609 0
10.9909 233.967 0.132231 0
72.5883 16.3745 0.0075188 0
10.9909 233.967 0.162393 0
10.9909 233.967 0.0133333 0
10.9909 233.967 0.013986 0
10.9909 233.967 0.0909091 0
10.9909 233.967 0.0208333 0
10.9909 233.967 0.0457516 0
10.9909 233.967 0.107438 0
152.134 508.945 0.09375 0
152.134 508.945 0.0206186 0
10.9909 233.967 0.043956 0
141.212 274.979 0.00813008 0
152.134 508.945 0.0689655 0
152.134 508.945 0.0206186 0
141.212 274.979 0.0309278 0
152.134 508.945 0.01 0
152.134 508.945 0.0862069 0
152.134 508.945 0.00980392 0
152.134 508.945 0.0137931 0
152.134 508.945 0.04 0
152.134 508.945 0.005 0
152.134 508.945 0.0128755 0
152.134 508.945 0.0538462 0
152.134 508.945 0.04 0
152.134 508.945 0.0538462 0
152.134 508.945 0.00694444 0
152.134 508.945 0.024 0
152.134 508.945 0.0235294 0
152.134 508.945 0.0178571 0
152.134 508.945 0.015625 0
152.134 508.945 0.00917431 0
152.134 508.945 0.0364583 0
75.1707 91.2338 0.0186335 0
75.1707 91.2338 0.0721649 0
75.1707 91.2338 0.294872 0
75.1707 91.2338 0.0819672 0
75.1707 91.2338 0.0218978 0
75.1707 91.2338 0.142857 0
75.1707 91.2338 0.294872 0
152.134 508.945 0.0113636 0
75.1707 91.2338 0.027027 0
75.1707 91.2338 0.0819672 0
27.0687 37.1313 0.162791 0
27.0687 37.1313 0.037594 0
27.0687 37.1313 0.0598291 0
27.0687 37.1313 0.037594 0
27.0687 37.1313 0.037594 0
13.0865 36.117 0.109489 0
13.0865 36.117 0.0869565 0
31.5805 5.1469 0.136 0
31.5805 5.1469 0.00909091 0
31.5805 5.1469 0.00763359 0
31.5805 5.1469 0.034188 0
10.9909 233.967 0.0377358 0
31.5805 5.1469 0.00909091 0
72.5883 16.3745 0.0169492 0
51.8184 21.5214 0.0582524 0
72.5883 16.3745 0.075188 0
63.3327 217.592 0.532609 0
72.5883 16.3745 0.0075188 0
72.5883 16.3745 0.0169492 0
72.5883 16.3745 0.018018 0
63.3327 217.592 0.020202 0
10.9909 233.967 0.162393 0
10.9909 233.967 0.013986 0
10.9909 233.967 0.0105263 0
10.9909 233.967 0.0133333 0
10.9909 233.967 0.0909091 0
10.9909 233.967 0.0457516 0
10.9909 233.967 0.0208333 0
10.9909 233.967 0.107438 0
10.9909 233.967 0.043956 0
141.212 274.979 0.00813008 0
141.212 274.979 0.0309278 0
141.212 274.979 0.0759494 0
141.212 274.979 0.0759494 0
141.212 274.979 0.277778 0
152.134 508.945 0.00694444 0
152.134 508.945 0.024 0
152.134 508.945 0.0178571 0
152.134 508.945 0.0235294 0
152.134 508.945 0.015625 0
152.134 508.945 0.00917431 0
152.134 508.945 0.0545455 0
101.597 288.374 0.0846154 0
101.597 288.374 0.0217391 0
152.134 508.945 0.0364583 0
152.134 508.945 0.0113636 0
152.134 508.945 0.0791367 0
101.597 288.374 0.105769 0
101.597 288.374 0.125 0
152.134 508.945 0.0545455 0
152.134 508.945 0.0791367 0
55.0812 220.571 0.0130719 0
55.0812 220.571 0.0186335 0
55.0812 220.571 0.013986 0
55.0812 220.571 0.00662252 0
75.1707 91.2338 0.0218978 0
55.0812 220.571 0.00621118 0
55.0812 220.571 0.00591716 0
27.0687 37.1313 0.0598291 0
27.0687 37.1313 0.037594 0
36.7371 30.8424 0.0775862 0
13.0865 36.117 0.109489 0
22.7587 29.8282 0.121495 0
22.7587 29.8282 0.0353982 0
31.5805 5.1469 0.146154 0
31.5805 5.1469 0.00763359 0
31.5805 5.1469 0.146154 0
31.5805 5.1469 0.00588235 0
72.5883 16.3745 0.018018 0
10.9909 233.967 0.0105263 0
10.9909 233.967 0.0471698 0
72.4791 137.067 0.137615 0
72.4791 137.067 0.0707071 0
63.3327 217.592 0.020202 0
10.9909 233.967 0.0471698 0
63.3505 96.9002 0.113402 0
63.3505 96.9002 0.149425 0
63.3505 96.9002 0.00833333 0
141.212 274.979 0.277778 0
141.212 274.979 0.04 0
141.212 274.979 0.0289855 0
101.597 288.374 0.0846154 0
101.597 288.374 0.105769 0
55.0812 220.571 0.0130719 0
55.0812 220.571 0.013986 0
55.0812 220.571 0.00621118 0
55.0812 220.571 0.0707071 0
101.597 288.374 0.070922 0
101.597 288.374 0.0217391 0
101.597 288.374 0.125 0
55.0812 220.571 0.0186335 0
55.0812 220.571 0.00662252 0
55.0812 220.571 0.00591716 0
55.0812 220.571 0.102804 0
55.0812 220.571 0.00806452 0
55.0812 220.571 0.0139535 0
55.0812 220.571 0.0707071 0
55.0812 220.571 0.102804 0
55.0812 220.571 0.110236 0
55.0812 220.571 0.0595238 0
36.7371 30.8424 0.0775862 0
22.7587 29.8282 0.121495 0
22.7587 29.8282 0.0353982 0
22.7587 29.8282 0.198582 0
52.3368 142.213 0.116505 0
72.4791 137.067 0.0172414 0
66.2326 172.042 0.0138889 0
31.5805 5.1469 0.00588235 0
22.7587 29.8282 0.198582 0
52.3368 142.213 0.116505 0
31.5805 5.1469 0.0330578 0
22.7587 29.8282 0.0122699 0
22.7587 29.8282 0.037037 0
52.3368 142.213 0.00854701 0
72.4791 137.067 0.0172414 0
31.5805 5.1469 0.0330578 0
72.4791 137.067 0.0416667 0
72.4791 137.067 0.279412 0
72.4791 137.067 0.137615 0
63.3505 96.9002 0.113402 0
63.3505 96.9002 0.00833333 0
63.3505 96.9002 0.00763359 0
63.3505 96.9002 0.0152672 0
72.4791 137.067 0.0707071 0
63.3505 96.9002 0.149425 0
63.3505 96.9002 0.00763359 0
141.212 274.979 0.0714286 0
141.212 274.979 0.0289855 0
141.212 274.979 0.375 0
141.212 274.979 0.04 0
141.212 274.979 0.0714286 0
141.212 274.979 0.375 0
141.212 274.979 0.0754717 0
141.212 274.979 0.0116279 0
141.212 274.979 0.1875 0
141.212 274.979 0.254902 0
141.212 274.979 0.0194175 0
141.212 274.979 0.0280374 0
141.212 274.979 0.0888889 0
141.212 274.979 0.0212766 0
141.212 274.979 0.0571429 0
141.212 274.979 0.00813008 0
141.212 274.979 0.0075188 0
141.212 274.979 0.0353982 0
141.212 274.979 0.045045 0
141.212 274.979 0.00694444 0
101.597 288.374 0.070922 0
101.597 288.374 0.00591716 0
55.0812 220.571 0.110236 0
101.597 288.374 0.00591716 0
55.0812 220.571 0.012766 0
101.597 288.374 0.111111 0
55.0812 220.571 0.0595238 0
55.0812 220.571 0.0792079 0
55.0812 220.571 0.0677083 0
55.0812 220.571 0.00806452 0
55.0812 220.571 0.0792079 0
55.0812 220.571 0.0526316 0
55.0812 220.571 0.0139535 0
55.0812 220.571 0.012766 0
55.0812 220.571 0.0677083 0
55.0812 220.571 0.0829268 0
36.7371 30.8424 0.129412 0
22.7587 29.8282 0.0122699 0
7.74341 0.522346 0.0696203 0
66.2326 172.042 0.0138889 0
22.7587 29.8282 0.037037 0
7.74341 0.522346 0.153846 0
52.3368 142.213 0.00854701 0
72.4791 137.067 0.0416667 0
60.3259 172.564 0.00892857 0
72.4791 137.067 0.0142857 0
72.4791 137.067 0.279412 0
60.3259 172.564 0.00925926 0
72.4791 137.067 0.0606061 0
63.3505 96.9002 0.0322581 0
63.3505 96.9002 0.0131579 0
63.3505 96.9002 0.0353982 0
63.3505 96.9002 0.00990099 0
63.3505 96.9002 0.0150376 0
63.3505 96.9002 0.0152672 0
141.212 274.979 0.0116279 0
141.212 274.979 0.0754717 0
141.212 274.979 0.1875 0
141.212 274.979 0.254902 0
141.212 274.979 0.0194175 0
141.212 274.979 0.129032 0
141.212 274.979 0.129032 0
141.212 274.979 0.257143 0
141.212 274.979 0.0273973 0
141.212 274.979 0.03125 0
141.212 274.979 0.0263158 0
141.212 274.979 0.0280374 0
141.212 274.979 0.0888889 0
141.212 274.979 0.257143 0
141.212 274.979 0.116279 0
141.212 274.979 0.116279 0
141.212 274.979 0.276596 0
141.212 274.979 0.1 0
141.212 274.979 0.0212766 0
141.212 274.979 0.0571429 0
141.212 274.979 0.00813008 0
141.212 274.979 0.276596 0
141.212 274.979 0.0526316 0
141.212 274.979 0.0566038 0
141.212 274.979 0.015625 0
141.212 274.979 0.015625 0
141.212 274.979 0.105263 0
141.212 274.979 0.0204082 0
141.212 274.979 0.0566038 0
141.212 274.979 0.105263 0
141.212 274.979 0.217391 0
141.212 274.979 0.217391 0
141.212 274.979 0.0192308 0
141.212 274.979 0.0909091 0
141.212 274.979 0.414634 0
141.212 274.979 0.0512821 0
141.212 274.979 0.12766 0
141.212 274.979 0.0075188 0
141.212 274.979 0.0353982 0
141.212 274.979 0.414634 0
141.212 274.979 0.045045 0
141.212 274.979 0.0512821 0
141.212 274.979 0.122449 0
141.212 274.979 0.00694444 0
141.212 274.979 0.0441176 0
141.212 274.979 0.122449 0
141.212 274.979 0.0441176 0
141.212 274.979 0.130952 0
141.212 274.979 0.134146 0
141.212 274.979 0.0125 0
141.212 274.979 0.113475 0
101.597 288.374 0.111111 0
101.597 288.374 0.0241935 0
101.597 288.374 0.00757576 0
101.597 288.374 0.2 0
101.597 288.374 0.0612245 0
101.597 288.374 0.0241935 0
55.0812 220.571 0.139706 0
55.0812 220.571 0.013245 0
55.0812 220.571 0.0526316 0
55.0812 220.571 0.0829268 0
101.597 288.374 0.00757576 0
55.0812 220.571 0.139706 0
55.0812 220.571 0.0257732 0
36.7371 30.8424 0.129412 0
36.7371 30.8424 0.0952381 0
36.7371 30.8424 0.129032 0
7.74341 0.522346 0.0696203 0
7.74341 0.522346 0.153846 0
60.3259 172.564 0.00892857 0
60.3259 172.564 0.00925926 0
16.5282 35.4974 0.0526316 0
7.74341 0.522346 0.0591716 0
72.4791 137.067 0.0142857 0
72.4791 137.067 0.0606061 0
16.5282 35.4974 0.0526316 0
16.5282 35.4974 0.111111 0
63.3505 96.9002 0.0322581 0
63.3505 96.9002 0.0131579 0
63.3505 96.9002 0.0353982 0
63.3505 96.9002 0.00990099 0
10.9909 233.967 0.110092 0
10.9909 233.967 0.0915493 0
63.3505 96.9002 0.0150376 0
10.9909 233.967 0.0141844 0
141.212 274.979 0.0273973 0
141.212 274.979 0.03125 0
141.212 274.979 0.1 0
141.212 274.979 0.0263158 0
141.212 274.979 0.0526316 0
141.212 274.979 0.015625 0
141.212 274.979 0.015625 0
141.212 274.979 0.0204082 0
141.212 274.979 0.0306122 0
141.212 274.979 0.0192308 0
141.212 274.979 0.0909091 0
141.212 274.979 0.12766 0
141.212 274.979 0.00952381 0
141.212 274.979 0.015544 0
141.212 274.979 0.0180723 0
141.212 274.979 0.130952 0
141.212 274.979 0.0344828 0
141.212 274.979 0.134146 0
141.212 274.979 0.0125 0
141.212 274.979 0.0344828 0
141.212 274.979 0.00675676 0
141.212 274.979 0.0357143 0
141.212 274.979 0.113475 0
141.212 274.979 0.0208333 0
141.212 274.979 0.0165289 0
141.212 274.979 0.0454545 0
141.212 274.979 0.0208333 0
101.597 288.374 0.0491803 0
101.597 288.374 0.2 0
101.597 288.374 0.0491803 0
101.597 288.374 0.0661765 0
55.0812 220.571 0.0129032 0
101.597 288.374 0.0612245 0
55.0812 220.571 0.013245 0
55.0812 220.571 0.0145985 0
55.0812 220.571 0.0257732 0
36.7371 30.8424 0.0952381 0
36.7371 30.8424 0.129032 0
36.7371 30.8424 0.0853659 0
7.74341 0.522346 0.0591716 0
7.74341 0.522346 0.0869565 0
7.74341 0.522346 0.0298507 0
7.74341 0.522346 0.0869565 0
16.5282 35.4974 0.111111 0
16.5282 35.4974 0.126214 0
16.5282 35.4974 0.0597015 0
16.5282 35.4974 0.126214 0
10.9909 233.967 0.110092 0
10.9909 233.967 0.0915493 0
10.9909 233.967 0.0141844 0
10.9909 233.967 0.0775194 0
10.9909 233.967 0.0775194 0
10.9909 233.967 0.0333333 0
10.9909 233.967 0.117647 0
10.9909 233.967 0.010101 0
10.9909 233.967 0.00884956 0
10.9909 233.967 0.0181818 0
10.9909 233.967 0.0175439 0
10.9909 233.967 0.16129 0
10.9909 233.967 0.188679 0
10.9909 233.967 0.034188 0
10.9909 233.967 0.0233918 0
10.9909 233.967 0.0171429 0
10.9909 233.967 0.0102041 0
141.212 274.979 0.0078125 0
141.212 274.979 0.00813008 0
141.212 274.979 0.0277778 0
141.212 274.979 0.0441176 0
141.212 274.979 0.0306122 0
141.212 274.979 0.00952381 0
141.212 274.979 0.015544 0
141.212 274.979 0.0148148 0
141.212 274.979 0.0180723 0
141.212 274.979 0.0555556 0
141.212 274.979 0.00884956 0
141.212 274.979 0.0206897 0
141.212 274.979 0.0666667 0
141.212 274.979 0.047619 0
141.212 274.979 0.00675676 0
141.212 274.979 0.0327869 0
141.212 274.979 0.0357143 0
141.212 274.979 0.0165289 0
141.212 274.979 0.00877193 0
141.212 274.979 0.0650406 0
141.212 274.979 0.00740741 0
141.212 274.979 0.0454545 0
141.212 274.979 0.0535714 0
141.212 274.979 0.0564516 0
141.212 274.979 0.00609756 0
101.597 288.374 0.0661765 0
101.597 288.374 0.0135135 0
141.212 274.979 0.0769231 0
141.212 274.979 0.146154 0
101.597 288.374 0.0135135 0
55.0812 220.571 0.139785 0
44.5778 13.3958 0.0232558 0
44.5778 13.3958 0.0892857 0
55.0812 220.571 0.00689655 0
55.0812 220.571 0.0129032 0
55.0812 220.571 0.0145985 0
55.0812 220.571 0.139785 0
10.9909 233.967 0.0162602 0
36.7371 30.8424 0.0987654 0
36.7371 30.8424 0.0853659 0
36.7371 30.8424 0.0987654 0
7.74341 0.522346 0.0272109 0
7.74341 0.522346 0.0298507 0
16.5282 35.4974 0.070922 0
16.5282 35.4974 0.0597015 0
16.5282 35.4974 0.070922 0
10.9909 233.967 0.0333333 0
10.9909 233.967 0.117647 0
10.9909 233.967 0.00884956 0
10.9909 233.967 0.0431034 0
10.9909 233.967 0.0431034 0
10.9909 233.967 0.159292 0
10.9909 233.967 0.025641 0
10.9909 233.967 0.0336134 0
10.9909 233.967 0.010101 0
10.9909 233.967 0.0181818 0
10.9909 233.967 0.16129 0
10.9909 233.967 0.0233918 0
10.9909 233.967 0.159292 0
10.9909 233.967 0.0175439 0
10.9909 233.967 0.188679 0
10.9909 233.967 0.0171429 0
10.9909 233.967 0.025641 0
10.9909 233.967 0.0491803 0
10.9909 233.967 0.034188 0
10.9909 233.967 0.0102041 0
10.9909 233.967 0.0780142 0
10.9909 233.967 0.0462963 0
10.9909 233.967 0.0159574 0
10.9909 233.967 0.0491803 0
10.9909 233.967 0.0780142 0
10.9909 233.967 0.222772 0
10.9909 233.967 0.264368 0
141.212 274.979 0.263158 0
141.212 274.979 0.197183 0
141.212 274.979 0.0235294 0
141.212 274.979 0.0078125 0
141.212 274.979 0.263158 0
141.212 274.979 0.0232558 0
141.212 274.979 0.00813008 0
141.212 274.979 0.0277778 0
141.212 274.979 0.197183 0
141.212 274.979 0.0123457 0
141.212 274.979 0.308642 0
141.212 274.979 0.010101 0
141.212 274.979 0.0235294 0
141.212 274.979 0.0421053 0
141.212 274.979 0.0441176 0
141.212 274.979 0.00925926 0
141.212 274.979 0.171053 0
141.212 274.979 0.0337079 0
141.212 274.979 0.0625 0
141.212 274.979 0.00826446 0
141.212 274.979 0.0138889 0
141.212 274.979 0.234043 0
141.212 274.979 0.0714286 0
141.212 274.979 0.0126582 0
141.212 274.979 0.0148148 0
141.212 274.979 0.0555556 0
141.212 274.979 0.0206897 0
141.212 274.979 0.00826446 0
141.212 274.979 0.234043 0
141.212 274.979 0.00884956 0
141.212 274.979 0.0666667 0
141.212 274.979 0.047619 0
141.212 274.979 0.0327869 0
141.212 274.979 0.00877193 0
141.212 274.979 0.0650406 0
141.212 274.979 0.0535714 0
141.212 274.979 0.00740741 0
141.212 274.979 0.0564516 0
141.212 274.979 0.0769231 0
44.5778 13.3958 0.0232558 0
10.9909 233.967 0.0162602 0
141.212 274.979 0.00609756 0
141.212 274.979 0.146154 0
44.5778 13.3958 0.0892857 0
10.9909 233.967 0.0075188 0
10.9909 233.967 0.0314961 0
55.0812 220.571 0.00689655 0
10.9909 233.967 0.0201005 0
10.9909 233.967 0.0207254 0
36.7371 30.8424 0.0674157 0
7.74341 0.522346 0.0272109 0
7.74341 0.522346 0.033557 0
16.5282 35.4974 0.0535714 0
16.5282 35.4974 0.0777778 0
16.5282 35.4974 0.0296296 0
16.5282 35.4974 0.0535714 0
10.9909 233.967 0.0336134 0
10.9909 233.967 0.0462963 0
10.9909 233.967 0.222772 0
10.9909 233.967 0.0142857 0
10.9909 233.967 0.010989 0
10.9909 233.967 0.0159574 0
10.9909 233.967 0.264368 0
10.9909 233.967 0.0194805 0
10.9909 233.967 0.0142857 0
10.9909 233.967 0.215686 0
10.9909 233.967 0.138889 0
10.9909 233.967 0.010989 0
10.9909 233.967 0.0194805 0
10.9909 233.967 0.271795 0
10.9909 233.967 0.0967742 0
10.9909 233.967 0.248731 0
10.9909 233.967 0.0338164 0
10.9909 233.967 0.0192308 0
141.212 274.979 0.0232558 0
141.212 274.979 0.0123457 0
141.212 274.979 0.308642 0
141.212 274.979 0.0421053 0
141.212 274.979 0.139241 0
141.212 274.979 0.010101 0
141.212 274.979 0.00925926 0
141.212 274.979 0.0721649 0
141.212 274.979 0.139241 0
141.212 274.979 0.0721649 0
141.212 274.979 0.215385 0
141.212 274.979 0.0128205 0
141.212 274.979 0.0114943 0
141.212 274.979 0.171053 0
141.212 274.979 0.0625 0
141.212 274.979 0.215385 0
141.212 274.979 0.0337079 0
141.212 274.979 0.0128205 0
141.212 274.979 0.0138889 0
141.212 274.979 0.0714286 0
141.212 274.979 0.0126582 0
10.9909 233.967 0.0075188 0
10.9909 233.967 0.0201005 0
10.9909 233.967 0.0794702 0
10.9909 233.967 0.291667 0
10.9909 233.967 0.0794702 0
10.9909 233.967 0.0137931 0
10.9909 233.967 0.00452489 0
10.9909 233.967 0.0140845 0
10.9909 233.967 0.0314961 0
10.9909 233.967 0.0207254 0
10.9909 233.967 0.0137931 0
10.9909 233.967 0.0322581 0
36.7371 30.8424 0.0674157 0
36.7371 30.8424 0.097561 0
7.74341 0.522346 0.033557 0
7.74341 0.522346 0.0994475 0
7.74341 0.522346 0.0994475 0
16.5282 35.4974 0.00671141 0
16.5282 35.4974 0.0078125 0
16.5282 35.4974 0.0777778 0
16.5282 35.4974 0.00671141 0
16.5282 35.4974 0.0296296 0
10.9909 233.967 0.215686 0
10.9909 233.967 0.271795 0
10.9909 233.967 0.138889 0
10.9909 233.967 0.0967742 0
10.9909 233.967 0.248731 0
10.9909 233.967 0.0307692 0
10.9909 233.967 0.0338164 0
10.9909 233.967 0.0192308 0
10.9909 233.967 0.190244 0
10.9909 233.967 0.00458716 0
10.9909 233.967 0.0307692 0
10.9909 233.967 0.190244 0
10.9909 233.967 0.026455 0
10.9909 233.967 0.0235294 0
10.9909 233.967 0.00458716 0
10.9909 233.967 0.00495049 0
10.9909 233.967 0.196721 0
10.9909 233.967 0.0930233 0
10.9909 233.967 0.0112994 0
10.9909 233.967 0.0240964 0
141.212 274.979 0.0114943 0
10.9909 233.967 0.012987 0
10.9909 233.967 0.027027 0
10.9909 233.967 0.012987 0
10.9909 233.967 0.0405405 0
10.9909 233.967 0.0518519 0
10.9909 233.967 0.0576923 0
10.9909 233.967 0.00549451 0
10.9909 233.967 0.0175439 0
10.9909 233.967 0.0309735 0
10.9909 233.967 0.00452489 0
10.9909 233.967 0.0267176 0
10.9909 233.967 0.0176678 0
10.9909 233.967 0.00873362 0
10.9909 233.967 0.021097 0
10.9909 233.967 0.0140845 0
10.9909 233.967 0.185792 0
10.9909 233.967 0.0333333 0
10.9909 233.967 0.0176471 0
10.9909 233.967 0.291667 0
10.9909 233.967 0.0322581 0
10.9909 233.967 0.0267176 0
10.9909 233.967 0.185792 0
10.9909 233.967 0.0154639 0
36.7371 30.8424 0.0465116 0
36.7371 30.8424 0.097561 0
36.7371 30.8424 0.0465116 0
36.7371 30.8424 0.0470588 0
16.5282 35.4974 0.0970874 0
7.74341 0.522346 0.0869565 0
16.5282 35.4974 0.031746 0
16.5282 35.4974 0.0078125 0
16.5282 35.4974 0.0970874 0
10.9909 233.967 0.026455 0
10.9909 233.967 0.00495049 0
10.9909 233.967 0.0235294 0
10.9909 233.967 0.196721 0
10.9909 233.967 0.0112994 0
10.9909 233.967 0.0273973 0
10.9909 233.967 0.0930233 0
10.9909 233.967 0.0240964 0
10.9909 233.967 0.0296296 0
10.9909 233.967 0.0273973 0
10.9909 233.967 0.0296296 0
10.9909 233.967 0.0144928 0
10.9909 233.967 0.0185185 0
10.9909 233.967 0.0232558 0
10.9909 233.967 0.0075188 0
10.9909 233.967 0.0322581 0
10.9909 233.967 0.0185185 0
10.9909 233.967 0.00847458 0
10.9909 233.967 0.0316456 0
10.9909 233.967 0.00558659 0
10.9909 233.967 0.0104167 0
10.9909 233.967 0.0559441 0
10.9909 233.967 0.00813008 0
10.9909 233.967 0.0253165 0
10.9909 233.967 0.00558659 0
10.9909 233.967 0.0559441 0
10.9909 233.967 0.012987 0
10.9909 233.967 0.012987 0
10.9909 233.967 0.00813008 0
10.9909 233.967 0.027027 0
10.9909 233.967 0.0405405 0
10.9909 233.967 0.0518519 0
10.9909 233.967 0.0576923 0
10.9909 233.967 0.00549451 0
10.9909 233.967 0.0175439 0
10.9909 233.967 0.0212766 0
10.9909 233.967 0.0212766 0
10.9909 233.967 0.033557 0
10.9909 233.967 0.15 0
10.9909 233.967 0.00729927 0
10.9909 233.967 0.0309735 0
10.9909 233.967 0.0176678 0
10.9909 233.967 0.021097 0
10.9909 233.967 0.033557 0
10.9909 233.967 0.174672 0
10.9909 233.967 0.00555556 0
10.9909 233.967 0.174672 0
10.9909 233.967 0.0276498 0
10.9909 233.967 0.242718 0
10.9909 233.967 0.109756 0
10.9909 233.967 0.0168539 0
10.9909 233.967 0.0154639 0
10.9909 233.967 0.0372671 0
10.9909 233.967 0.0220994 0
10.9909 233.967 0.0729167 0
10.9909 233.967 0.0533333 0
10.9909 233.967 0.189024 0
10.9909 233.967 0.0165289 0
10.9909 233.967 0.0215054 0
10.9909 233.967 0.00873362 0
10.9909 233.967 0.0333333 0
10.9909 233.967 0.0372671 0
10.9909 233.967 0.00793651 0
10.9909 233.967 0.0176471 0
10.9909 233.967 0.0220994 0
36.7371 30.8424 0.0470588 0
36.7371 30.8424 0.195122 0
7.74341 0.522346 0.0869565 0
7.74341 0.522346 0.0191083 0
7.74341 0.522346 0.0191083 0
16.5282 35.4974 0.0327869 0
16.5282 35.4974 0.031746 0
16.5282 35.4974 0.0327869 0
16.5282 35.4974 0.152381 0
10.9909 233.967 0.0144928 0
10.9909 233.967 0.0232558 0
10.9909 233.967 0.0075188 0
10.9909 233.967 0.0322581 0
10.9909 233.967 0.00847458 0
10.9909 233.967 0.0316456 0
10.9909 233.967 0.0104167 0
10.9909 233.967 0.0253165 0
10.9909 233.967 0.15 0
10.9909 233.967 0.00729927 0
10.9909 233.967 0.0276498 0
10.9909 233.967 0.242718 0
10.9909 233.967 0.0729167 0
10.9909 233.967 0.0165289 0
10.9909 233.967 0.146497 0
10.9909 233.967 0.00555556 0
10.9909 233.967 0.00793651 0
10.9909 233.967 0.146497 0
10.9909 233.967 0.0521739 0
10.9909 233.967 0.147287 0
10.9909 233.967 0.0434783 0
10.9909 233.967 0.0687023 0
10.9909 233.967 0.0300752 0
10.9909 233.967 0.0231214 0
10.9909 233.967 0.109756 0
10.9909 233.967 0.0533333 0
10.9909 233.967 0.0521739 0
10.9909 233.967 0.0168539 0
10.9909 233.967 0.189024 0
10.9909 233.967 0.0215054 0
10.9909 233.967 0.147287 0
36.7371 30.8424 0.195122 0
36.7371 30.8424 0.125 0
36.7371 30.8424 0.0813954 0
16.5282 35.4974 0.152381 0
16.5282 35.4974 0.218182 0
16.5282 35.4974 0.0138889 0
10.9909 233.967 0.0434783 0
10.9909 233.967 0.0687023 0
10.9909 233.967 0.0300752 0
10.9909 233.967 0.0231214 0
19.2725 42.8991 0.186047 0
36.7371 30.8424 0.125 0
36.7371 30.8424 0.0813954 0
36.7371 30.8424 0.111111 0
7.74341 0.522346 0.0423729 0
16.5282 35.4974 0.218182 0
16.5282 35.4974 0.0138889 0
16.5282 35.4974 0.00746269 0
19.2725 42.8991 0.186047 0
19.2725 42.8991 0.0923077 0
19.2725 42.8991 0.104762 0
19.2725 42.8991 0.0551181 0
19.2725 42.8991 0.0923077 0
36.7371 30.8424 0.111111 0
7.74341 0.522346 0.0423729 0
16.5282 35.4974 0.00746269 0
16.5282 35.4974 0.1 0
16.5282 35.4974 0.1 0
16.5282 35.4974 0.123288 0
19.2725 42.8991 0.104762 0
19.2725 42.8991 0.11215 0
19.2725 42.8991 0.0842105 0
19.2725 42.8991 0.0707071 0
19.2725 42.8991 0.0551181 0
19.2725 42.8991 0.11215 0
36.7371 30.8424 0.108333 0
36.7371 30.8424 0.0373134 0
7.74341 0.522346 0.288136 0
7.74341 0.522346 0.288136 0
16.5282 35.4974 0.123288 0
16.5282 35.4974 0.00877193 0
16.5282 35.4974 0.156627 0
16.5282 35.4974 0.0378788 0
16.5282 35.4974 0.00877193 0
19.2725 42.8991 0.0842105 0
19.2725 42.8991 0.137931 0
19.2725 42.8991 0.137931 0
19.2725 42.8991 0.158333 0
19.2725 42.8991 0.255319 0
19.2725 42.8991 0.136364 0
19.2725 42.8991 0.0707071 0
19.2725 42.8991 0.158333 0
36.7371 30.8424 0.108333 0
36.7371 30.8424 0.0373134 0
36.7371 30.8424 0.0183486 0
36.7371 30.8424 0.0183486 0
36.7371 30.8424 0.0183486 0
16.5282 35.4974 0.156627 0
16.5282 35.4974 0.0406504 0
16.5282 35.4974 0.0378788 0
19.2725 42.8991 0.255319 0
27.1849 36.3548 0.013245 0
19.2725 42.8991 0.136364 0
36.7371 30.8424 0.0183486 0
36.7371 30.8424 0.0827068 0
27.1849 36.3548 0.0327869 0
36.7371 30.8424 0.0555556 0
36.7371 30.8424 0.0827068 0
7.74341 0.522346 0.0672269 0
7.74341 0.522346 0.0826446 0
16.5282 35.4974 0.0406504 0
7.74341 0.522346 0.0672269 0
16.5282 35.4974 0.120968 0
27.1849 36.3548 0.0697674 0
27.1849 36.3548 0.013245 0
27.1849 36.3548 0.0327869 0
27.1849 36.3548 0.29697 0
7.16955 3.77423 0.0923077 0
27.1849 36.3548 0.29697 0
27.1849 36.3548 0.0551181 0
2.51207 9.2866 0.0693069 0
2.51207 9.2866 0.0519481 0
2.51207 9.2866 0.17757 0
36.7371 30.8424 0.0555556 0
2.51207 9.2866 0.0693069 0
2.51207 9.2866 0.00862069 0
7.74341 0.522346 0.0814815 0
7.74341 0.522346 0.0826446 0
7.74341 0.522346 0.0814815 0
7.74341 0.522346 0.0465116 0
16.5282 35.4974 0.120968 0
16.5282 35.4974 0.026087 0
16.5282 35.4974 0.0618557 0
16.5282 35.4974 0.0289855 0
16.5282 35.4974 0.026087 0
27.1849 36.3548 0.0344828 0
27.1849 36.3548 0.0697674 0
27.1849 36.3548 0.0551181 0
27.1849 36.3548 0.0344828 0
27.1849 36.3548 0.1875 0
7.16955 3.77423 0.0923077 0
2.51207 9.2866 0.00862069 0
2.51207 9.2866 0.00819672 0
7.16955 3.77423 0.147368 0
2.51207 9.2866 0.0519481 0
2.51207 9.2866 0.17757 0
2.51207 9.2866 0.00819672 0
7.74341 0.522346 0.0465116 0
7.74341 0.522346 0.125 0
7.74341 0.522346 0.0555556 0
7.74341 0.522346 0.125 0
16.5282 35.4974 0.01 0
16.5282 35.4974 0.0618557 0
16.5282 35.4974 0.01 0
16.5282 35.4974 0.173913 0
16.5282 35.4974 0.0289855 0
16.5282 35.4974 0.0150376 0
27.1849 36.3548 0.1875 0
27.1849 36.3548 0.0963855 0
7.16955 3.77423 0.147368 0
27.1849 36.3548 0.0963855 0
7.16955 3.77423 0.1375 0
7.16955 3.77423 0.1375 0
2.51207 9.2866 0.155844 0
2.51207 9.2866 0.155844 0
7.74341 0.522346 0.154762 0
7.74341 0.522346 0.0555556 0
7.74341 0.522346 0.154762 0
16.5282 35.4974 0.173913 0
16.5282 35.4974 0.0150376 0
16.5282 35.4974 0.0617284 0
16.5282 35.4974 0.0617284 0
