10.6888 31.514 0.190476 1
24.0519 8.91122 0.11236 1
79.6 32.0876 0.144928 1
46.3909 220.742 0.04 1
25.5449 196.478 0.030303 1
20.0353 300.527 0.237762 1
43.4491 269.662 0.00819672 1
52.0421 262.934 0.0672269 1
8.45579 327.727 0.0442478 1
29.2039 295.354 0.235294 1
5.23103 298.482 0.0143885 1
3.48031 299.756 0.227586 1
22.5583 292.598 0.271318 1
15.088 292.246 0.00657895 1
43.0178 51.0266 0.0789474 1
18.6237 323.573 0.0987654 1
25.0628 307.667 0.0632911 1
16.6541 256.573 0.03125 1
6.56863 311.135 0.00892857 1
20.9341 285.813 0.046729 1
2.19858 310.619 0.145985 1
26.0913 268.809 0.00826446 1
6.84932 285.775 0.0948276 1
66.2645 231.665 0.3 1
18.1715 319.63 0.150327 1
143.341 260.946 0.0618557 1
107.233 400.874 0.0956522 1
36.9481 469.889 0.00900901 1
35.7794 550.652 0.0176471 1
26.9586 10.024 0.251748 1
42.5202 81.4955 0.030303 0
12.4603 460.166 0.122449 1
11.3594 541.909 0.144509 1
18.0878 536.594 0.0380435 0
31.2984 521.447 0.047619 0
18.0878 536.594 0.0318471 0
31.2984 521.447 0.030303 0
31.2984 521.447 0.047619 0
11.8424 16.46 0.0666667 1
37.5181 513.647 0.00740741 0
19.8711 22.9462 0.150685 1
3.84792 58.1892 0.0510949 1
5.12066 51.6533 0.008 1
35.7275 29.1625 0.303279 1
33.5496 71.1691 0.26 1
12.7333 97.1048 0.0743802 1
2.30136 86.4889 0.0564516 1
70.1793 13.5352 0.152941 0
164.23 36.3636 0.00740741 0
145.875 32.4648 0.0193548 0
70.1793 13.5352 0.152941 0
95.474 22.8283 0.101695 1
26.3633 242.245 0.25 1
21.5703 299.406 0.00649351 1
145.036 190.686 0.00740741 0
8.96709 223.151 0.223404 1
24.5356 193.4 0.00529101 1
6.809 215.974 0.00862069 1
34.3514 211.483 0.106481 1
43.9248 255.52 0.263636 1
8.48342 284.01 0.482906 1
16.6539 197.231 0.0526316 1
57.0592 246.203 0.060241 1
84.5931 199.847 0.00684932 1
26.0905 301.672 0.027027 1
117.141 368.805 0.315789 1
42.6805 510.46 0.0126582 0
80.2279 511.975 0.103448 1
70.5223 538.054 0.0909091 0
40.1702 533.83 0.0126582 0
30.4321 4.22425 0.325 1
24.8687 46.6272 0.193548 1
35.4844 143.241 0.0125786 1
22.1853 142.197 0.0147783 1
50.7302 416.277 0.0909091 0
42.2576 130.75 0.188776 1
62.3553 172.596 0.0222222 1
12.8511 251.083 0.0444444 1
23.9118 235.556 0.0368421 1
46.3862 253.184 0.24 1
18.5902 260.308 0.0746269 1
37.4139 292.902 0.0902778 1
11.6188 235.992 0.0986842 1
43.4214 283.368 0.0169492 1
13.691 8.51346 0.136842 1
23.4861 14.5267 0.0833333 1
60.2929 234.613 0.0130719 1
47.0831 377.225 0.0846154 1
68.3492 386.082 0.11875 1
42.6013 376.533 0.0666667 0
42.6013 376.533 0.0666667 0
24.5026 0.881939 0.15894 1
10.2689 76.5264 0.211382 1
23.8125 76.4165 0.0742857 1
25.6684 113.381 0.128834 1
3.21962 116.391 0.05 1
43.2632 87.4897 0.338028 1
42.5347 141.687 0.00925926 1
63.0498 190.826 0.00588235 1
68.8149 233.747 0.19685 1
11.1008 329.421 0.0169492 1
57.181 523.47 0.238095 0
38.8003 526.493 0.0612245 0
38.8003 526.493 0.0447761 0
48.2926 483.044 0.170886 1
40.7057 535.001 0.0647482 0
44.5933 529.023 0.0217391 1
58.057 553.078 0.0135135 0
64.7261 557.879 0.00724638 0
11.8091 533.386 0.111765 1
17.9831 532.989 0.0390625 1
29.107 529.398 0.0390625 1
13.3252 530.379 0.0784314 1
6.10276 539.816 0.00591716 1
14.3923 527.654 0.184874 1
69.2812 468.179 0.0218978 1
18.0749 513.716 0.083871 1
15.8368 520.65 0.119048 1
52.9096 500.523 0.0144928 1
7.22154 518.166 0.0343137 1
43.1224 436.991 0.00740741 0
43.1224 436.991 0.15508 0
43.1224 436.991 0.0380435 0
43.1224 436.991 0.0318471 0
43.1224 436.991 0.15508 0
43.1224 436.991 0.0452261 0
15.6046 100.378 0.18232 1
13.5179 99.8946 0.162963 1
5.97135 99.0727 0.0227273 1
10.1977 97.2617 0.0555556 1
2.87077 72.5329 0.0942029 1
106.728 486.389 0.00568182 0
22.8829 77.4573 0.0196078 0
106.728 486.389 0.0193548 0
106.728 486.389 0.00568182 0
106.728 486.389 0.0121951 0
85.3236 563.846 0.0373134 1
29.7064 549.208 0.0479042 1
9.96165 535.349 0.00540541 1
57.6188 535.612 0.080402 1
33.1493 521.306 0.0408163 1
42.6592 499.821 0.010989 1
96.9467 503.736 0.0245902 1
109.297 599.573 0.319328 1
99.1947 611.143 0.079646 1
44.3184 633.041 0.075 1
43.8494 629.727 0.031746 1
36.5224 246.278 0.00900901 0
81.892 653.763 0.296296 0
36.5224 246.278 0.00900901 0
45.4761 407.485 0.364486 1
38.0203 244.452 0.260504 0
18.8823 414.095 0.108974 1
5.13988 398.404 0.00775194 1
38.9809 257.428 0.296296 0
38.9809 257.428 0.0603448 0
19.6152 360.276 0.0535714 1
51.3753 379.207 0.00507614 1
19.6374 374.51 0.0729167 1
3.07373 394.931 0.0299401 1
30.388 389.556 0.0857143 1
46.1212 391.5 0.0209424 1
48.4012 390.738 0.104294 1
17.3284 361.459 0.0869565 1
31.3631 16.6015 0.0588235 0
62.3363 310.956 0.247619 1
21.4122 431.223 0.133333 1
59.1006 423.138 0.437956 1
26.964 443.156 0.0444444 1
4.41273 437.835 0.338462 1
29.0318 420.653 0.101266 1
44.2268 364.039 0.0780142 1
60.8341 507.13 0.238095 0
18.6031 3.02341 0.166667 1
25.7103 50.5633 0.141732 1
33.8698 16.5889 0.0142857 0
67.8839 461.701 0.0612245 0
67.8839 461.701 0.0447761 0
67.8839 461.701 0.0647482 0
33.8698 16.5889 0.0446429 0
17.1807 497.363 0.223881 1
34.4506 475.354 0.00735294 1
17.424 463.496 0.27907 1
60.5471 523.318 0.396694 0
67.2138 528.118 0.018018 0
35.5153 487.673 0.079646 0
60.5471 523.318 0.0135135 0
60.5471 523.318 0.396694 0
6.74253 4.80016 0.306452 1
27.6856 33.3653 0.031746 1
55.3418 459.98 0.00724638 0
55.3418 459.98 0.018018 0
5.43207 45.311 0.0884956 0
49.9562 505.291 0.00689655 1
43.6546 513.014 0.0140845 1
10.2475 512.923 0.0543478 1
9.11505 508.171 0.0962963 1
1.02586 515.718 0.00537634 1
12.3836 507.232 0.163636 1
73.553 473.742 0.05 1
20.8683 503.365 0.0245902 1
12.1047 503.341 0.00625 1
6.03955 493.849 0.0285714 1
11.7791 480.717 0.197802 1
38.7366 410.551 0.0452261 0
9.46153 92.8731 0.0357143 1
38.388 411.806 0.00671141 0
15.9351 90.8668 0.364407 1
12.0466 92.2797 0.165644 1
4.60275 85.4454 0.230769 1
90.3139 576.439 0.0121951 0
90.3139 576.439 0.0777778 0
41.3618 46.5992 0.00806452 0
90.3139 576.439 0.0196078 0
90.3139 576.439 0.0777778 0
90.3139 576.439 0.114094 0
49.6402 623.039 0.265957 1
89.1241 577.701 0.010989 0
46.6885 570.403 0.145161 1
16.8468 593.912 0.0189873 1
45.8012 600.87 0.04 1
15.983 589.864 0.0733333 1
28.1911 632.606 0.0102564 1
64.7279 598.281 0.152778 1
11.75 602.952 0.13253 1
40.7044 621.18 0.0294118 1
38.6802 241.464 0.260504 0
38.6802 241.464 0.0603448 0
38.6802 241.464 0.030303 0
68.4366 627.519 0.00649351 0
38.6802 241.464 0.030303 0
38.6802 241.464 0.0118343 0
38.6802 241.464 0.346821 0
29.1668 395.011 0.252874 1
29.6556 385.505 0.052356 1
6.60422 387.094 0.00680272 1
24.8744 379.523 0.00568182 1
44.3329 359.62 0.00505051 1
34.7944 368.784 0.0114286 1
8.86153 381.773 0.0185185 1
39.052 388.114 0.101124 1
21.446 358.493 0.10241 1
36.9573 58.4234 0.0588235 0
36.9573 58.4234 0.0531915 0
24.5687 334.888 0.0273973 1
36.7211 59.1135 0.0531915 0
36.7211 59.1135 0.0645161 0
74.8327 392.415 0.171429 1
8.01375 470.648 0.00925926 1
37.8319 476.837 0.205298 1
15.6915 464.876 0.229814 1
6.71951 457.119 0.048 1
8.65715 437.723 0.057554 1
67.2783 429.595 0.039604 0
5.0657 45.2377 0.205882 0
1.53565 61.1156 0.111111 0
10.215 423.875 0.237113 1
67.4092 426.99 0.0142857 0
67.4092 426.99 0.0446429 0
67.4092 426.99 0.039604 0
54.9192 430.626 0.172414 0
62.4439 472.227 0.0782609 0
66.8167 488.105 0.0991736 0
54.9192 430.626 0.431193 0
54.9192 430.626 0.079646 0
54.9192 430.626 0.172414 0
54.9192 430.626 0.431193 0
12.1836 57.4795 0.105691 1
82.4408 501.886 0.0390625 0
8.95585 3.65087 0.107143 1
4.28515 0.404801 0.359477 1
22.5113 2.98682 0.0070922 1
59.101 434.346 0.0884956 0
75.2954 467.175 0.0390625 0
75.2954 467.175 0.16129 0
75.2954 467.175 0.0364963 0
75.2954 467.175 0.0597015 0
75.2954 467.175 0.0737705 0
1.93886 485.796 0.00746269 1
34.847 460.264 0.0120482 1
8.99569 487.235 0.00645161 1
4.45707 486.261 0.02 1
1.89677 469.867 0.227679 1
38.3072 459.08 0.00657895 1
47.3335 465.615 0.115044 1
21.3918 479.924 0.0608696 1
8.99724 478.161 0.0177515 1
14.9186 456.076 0.0263158 1
38.806 457.607 0.0714286 1
39.557 394.846 0.00671141 0
39.557 394.846 0.180328 0
21.6962 484.567 0.0104167 0
11.1284 468.643 0.0189873 1
39.4343 392.77 0.180328 0
18.2686 89.7207 0.0124224 1
13.2758 90.6279 0.0875 1
6.44305 90.1445 0.0331492 1
37.6837 393.693 0.0104167 0
15.8538 84.8568 0.00813008 1
1.33936 86.4045 0.0797546 1
84.6736 557.602 0.114094 0
84.6736 557.602 0.010989 0
84.6736 557.602 0.0382514 0
29.0238 62.4984 0.020979 0
59.2351 40.4075 0.0181818 0
84.6736 557.602 0.00806452 0
84.6736 557.602 0.0382514 0
55.8219 620.101 0.0113636 1
13.6251 599.038 0.0366972 1
27.1691 595.882 0.118182 1
30.6082 570.594 0.130719 1
85.3505 601.046 0.028169 1
78.7874 607.511 0.0952381 1
28.8331 610.955 0.0684932 1
15.7955 616.81 0.258537 1
28.9726 585.353 0.0396476 1
34.0884 235.525 0.0118343 0
34.0884 235.525 0.346821 0
34.0884 235.525 0.0827586 0
69.4878 620.471 0.0185185 0
51.7979 622.827 0.0888889 0
56.8584 622.303 0.00735294 0
34.0884 235.525 0.0827586 0
37.1011 384.946 0.321101 1
19.9661 387.111 0.281768 1
23.9754 384.23 0.145985 1
35.1247 239.113 0.00649351 0
8.39501 384.003 0.139073 1
9.50113 370.777 0.0884956 1
63.1639 349.558 0.00689655 1
16.0021 362.011 0.0663507 1
15.7437 368.128 0.015748 1
33.0769 377.56 0.169014 1
36.5918 358.2 0.0135135 1
43.3709 79.6024 0.0645161 0
43.3709 79.6024 0.0238095 0
53.9206 348.948 0.170455 1
42.8445 77.472 0.0238095 0
42.8445 77.472 0.04 0
44.9926 414.227 0.214876 1
43.9922 80.4933 0.174757 0
16.2565 438.724 0.0662252 1
45.0261 447 0.346939 1
25.8922 432.13 0.269461 1
24.3631 426.077 0.22069 1
84.1223 398.707 0.0540541 1
65.2448 451.065 0.15 0
77.8484 460.429 0.0119048 0
53.9976 469.883 0.144578 0
5.0657 45.2377 0.205882 0
65.2448 451.065 0.0782609 0
65.2448 451.065 0.15 0
3.50729 37.8811 0.0655738 1
15.566 46.8073 0.13 1
12.3931 64.4232 0.0909091 1
1.0082 71.7982 0.11194 1
19.9381 69.4861 0.205607 1
9.56152 68.396 0.0107527 1
16.8636 70.9077 0.20202 1
2.45892 0.331604 0.111111 0
67.8914 406.159 0.0991736 0
4.19738 66.9797 0.00854701 0
78.0918 446.012 0.16129 0
14.3294 27.1262 0.00826446 0
10.2892 39.8535 0.016129 1
71.6979 409.988 0.0364963 0
71.6979 409.988 0.0597015 0
71.6979 409.988 0.0737705 0
7.93415 63.1503 0.0327869 0
19.8647 64.75 0.253731 1
48.9708 48.9015 0.00645161 0
21.556 456.813 0.293413 1
6.10827 445.124 0.0147059 1
26.2154 452.322 0.0165289 1
16.0601 467.147 0.105882 1
11.3054 462.082 0.232955 1
4.06487 455.493 0.0734463 1
21.5402 444.061 0.00578035 1
23.0933 454.516 0.201058 1
67.617 423.703 0.256881 1
1.30566 463.804 0.154286 1
18.0432 450.796 0.00757576 1
17.8585 466.728 0.037037 0
17.8585 466.728 0.0472973 0
13.2829 465.804 0.0465116 0
20.5889 86.401 0.0220994 1
10.2415 86.932 0.0536913 1
3.48225 85.9542 0.267974 1
77.9712 539.266 0.020979 0
77.9712 539.266 0.184211 0
77.9712 539.266 0.00740741 0
96.5389 608.559 0.0416667 1
69.0139 615.601 0.102564 1
46.5566 613.12 0.0645161 1
82.286 573.698 0.0181818 0
82.286 573.698 0.0147059 0
22.3447 588.821 0.0186916 1
18.6426 620.432 0.0569106 1
36.1974 609.117 0.02 1
13.6176 627.694 0.0697674 1
10.8066 609.52 0.152174 1
55.6395 591.872 0.00568182 1
39.0835 263.051 0.0184332 0
39.0835 263.051 0.0185185 0
39.0835 263.051 0.0888889 0
39.0835 263.051 0.0184332 0
13.7247 378.12 0.144144 1
39.338 266.817 0.00735294 0
36.2926 367.639 0.171429 1
6.72534 371.129 0.183206 1
14.3697 360.942 0.0545455 1
33.9338 354.665 0.0245902 1
8.82655 340.124 0.035503 1
20.0744 360.822 0.024 1
39.1341 366.721 0.203791 1
21.8045 325.477 0.0394737 1
44.9194 97.6516 0.04 0
44.9194 97.6516 0.174757 0
44.9194 97.6516 0.216 0
44.9194 97.6516 0.0789474 0
40.1017 345.727 0.0153846 0
44.9194 97.6516 0.216 0
44.9194 97.6516 0.0168067 0
75.9475 439.566 0.20339 1
46.6521 121.354 0.0789474 0
6.86863 467.081 0.252809 1
62.2901 389.271 0.0909091 1
2.5148 464.636 0.0730337 1
20.2602 458.585 0.16763 1
71.2344 393.249 0.0119048 0
67.2996 34.1724 0.0144928 0
39.168 49.1574 0.0526316 0
71.2344 393.249 0.144578 0
39.168 49.1574 0.00775194 0
14.9401 73.5601 0.0125 1
8.64855 64.3373 0.135922 0
1.27639 69.7728 0.0864198 1
4.1636 68.4839 0.0583333 1
8.83106 62.9172 0.00854701 0
8.83106 62.9172 0.00826446 0
8.83106 62.9172 0.0327869 0
8.83106 62.9172 0.135922 0
8.83106 62.9172 0.12844 0
8.83106 62.9172 0.047619 0
8.83106 62.9172 0.268293 0
8.83106 62.9172 0.12844 0
11.1323 69.6065 0.0650406 1
6.57529 63.6987 0.1 1
38.3759 42.2382 0.258333 0
74.2875 397.804 0.00645161 0
35.9802 440.042 0.0283688 1
27.7103 454.531 0.0300752 1
2.97175 441.97 0.0140845 1
14.7791 440.151 0.0863309 1
40.5265 440.801 0.238095 1
18.5518 443.816 0.0338983 1
11.8087 447.891 0.150602 1
39.0998 434.064 0.08 1
36.6905 370.952 0.00526316 0
16.3365 440.512 0.128049 1
7.55218 448.007 0.00714286 0
7.55218 448.007 0.175258 0
36.8374 369.469 0.037037 0
36.8374 369.469 0.0472973 0
36.8374 369.469 0.00526316 0
23.9579 86.6082 0.377143 1
30.0797 84.9832 0.0138889 1
15.0154 101.156 0.115 1
34.7096 352.216 0.0465116 0
1.58839 105.456 0.013245 1
78.7447 543.129 0.184211 0
78.7447 543.129 0.00740741 0
78.7447 543.129 0.0147059 0
41.451 607.086 0.025974 1
25.3798 577 0.0495868 1
18.1683 597.61 0.0518519 1
43.748 607.959 0.0190476 1
69.9977 619.663 0.00869565 1
29.3806 595.808 0.0473373 1
11.9064 595.362 0.00819672 1
66.6618 578.074 0.0165289 1
18.7378 590.339 0.19457 1
40.88 611.782 0.0307692 0
68.5907 577.132 0.0851064 0
40.88 611.782 0.00595238 0
33.7238 313.526 0.0742857 1
19.3037 360.02 0.187166 1
12.7781 348.524 0.10241 1
9.11506 345.452 0.0829016 1
0.9929 339.326 0.0299401 1
20.1257 344.583 0.0733333 1
49.3534 297.004 0.113095 1
6.36868 347.37 0.0879121 1
34.1275 353.826 0.125749 1
21.6758 343.574 0.00591716 1
7.8313 336.194 0.0891089 1
48.47 132.819 0.0168067 0
69.951 319.424 0.0272727 0
102.949 275.595 0.0353982 0
56.7392 408.414 0.133929 1
49.5307 140.457 0.0153846 0
23.3248 459.881 0.0352113 1
30.7687 467.941 0.183432 1
7.39527 431.075 0.0875912 1
23.9767 446.625 0.118343 1
8.97783 443.883 0.284091 1
50.0002 411.842 0.12931 1
70.355 29.6173 0.0144928 0
28.1857 14.985 0.2625 1
55.11 16.9662 0.0526316 0
55.11 16.9662 0.00775194 0
36.7723 67.0601 0.212389 0
18.6776 50.0939 0.0138889 1
11.6169 63.4171 0.0714286 1
6.34545 68.7231 0.225352 1
7.50661 68.2026 0.240437 1
10.0998 59.4516 0.047619 0
5.94417 64.4664 0.227273 1
10.0174 59.1212 0.268293 0
4.70062 60.0212 0.188976 1
74.9644 390.807 0.0166667 0
74.9644 390.807 0.258333 0
74.9644 390.807 0.0166667 0
47.3993 444.888 0.0952381 0
16.1197 443.578 0.286765 1
21.139 4.06708 0.219048 1
9.05403 445.419 0.113514 1
37.8555 380.26 0.0519481 1
3.24845 439.504 0.0876289 1
24.9563 413.694 0.012987 1
7.3661 422.903 0.12766 1
28.2103 421.074 0.122699 1
43.686 429.753 0.122302 1
60.8637 411.322 0.105263 1
6.89264 443.567 0.00613497 1
25.6882 432.627 0.00617284 1
36.3791 346.843 0.00714286 0
36.3791 346.843 0.175258 0
36.3791 346.843 0.0172414 0
36.3791 346.843 0.00869565 0
45.1844 81.9161 0.0957447 0
5.98703 102.039 0.179191 1
4.08493 86.7061 0.335294 1
75.8989 531.694 0.2 0
73.5461 553.542 0.0561798 1
26.929 583.634 0.0241935 1
49.3194 580.954 0.0625 1
76.6648 535.954 0.025974 0
57.9156 585.43 0.0227273 1
81.2265 618.067 0.21 1
55.4891 556.863 0.385366 1
88.4 625.431 0.00595238 1
35.9019 292.596 0.0285714 0
35.9019 292.596 0.0368421 0
47.6259 609.164 0.052356 1
35.2728 292.517 0.0851064 0
35.2728 292.517 0.0285714 0
35.2728 292.517 0.100559 0
41.5331 345.637 0.232432 1
25.3439 351.317 0.0862944 1
32.316 335.388 0.0322581 1
36.5071 292.672 0.0307692 0
36.5071 292.672 0.00595238 0
36.5071 292.672 0.0368421 0
13.6434 324.312 0.129944 1
26.2299 321.896 0.137566 1
17.1893 314.583 0.122727 1
9.95945 322.002 0.0110497 1
29.4545 342.399 0.00609756 1
48.3894 133.614 0.0272727 0
20.6167 443.635 0.192661 0
76.8857 455.831 0.0185185 1
1.80723 471.866 0.2 1
49.5081 145.266 0.0353982 0
52.7611 465.925 0.270492 1
17.2769 474.746 0.11236 1
48.815 431.338 0.0338983 1
55.6281 19.6964 0.212389 0
35.2017 54.5916 0.0697674 1
2.41265 75.3186 0.0603448 1
6.91868 71.2731 0.00961538 1
28.5652 72.0523 0.00862069 1
13.5869 74.9677 0.159091 1
43.9244 73.4346 0.221154 0
30.3188 75.4063 0.0137931 1
9.4457 70.1107 0.0148148 1
49.0737 437.693 0.0952381 0
49.0737 437.693 0.00787402 0
23.4889 69.8373 0.263158 1
52.7271 75.4148 0.0291971 0
71.714 366.339 0.00787402 0
19.21 441.754 0.031746 1
17.2419 426.716 0.348101 1
29.8397 433.254 0.00757576 1
14.241 431.332 0.184524 1
37.6002 415.982 0.037037 1
56.5097 401.901 0.101852 1
7.26721 416.271 0.308219 1
2.46726 423.521 0.037037 1
20.3977 428.164 0.00735294 1
36.7538 342.136 0.0172414 0
10.4782 421.092 0.0689655 1
2.17912 433.96 0.352518 1
33.0449 413.093 0.00925926 0
36.7757 339.898 0.00869565 0
36.7757 339.898 0.0957447 0
14.7436 429.337 0.165354 0
13.1732 61.0493 0.0141844 1
2.86175 72.9208 0.0141844 1
71.8454 546.024 0.2 0
71.8454 546.024 0.025974 0
53.6672 542.883 0.115385 1
13.0355 599.459 0.015625 1
33.7128 611.455 0.0643275 1
6.74135 588.046 0.162651 1
34.029 571.986 0.0295858 1
66.7373 614.768 0.126984 1
97.8292 618.36 0.0916031 1
36.2559 316.192 0.100559 0
36.2559 316.192 0.0301205 0
67.3288 619.94 0.124138 1
35.6516 317.927 0.0301205 0
50.7284 340.051 0.284768 1
36.1168 313.319 0.00653595 0
36.1168 313.319 0.0264901 0
17.1359 334.728 0.00552486 1
35.9104 315.454 0.280303 0
35.9104 315.454 0.130769 0
35.9104 315.454 0.0394737 0
26.3011 337.92 0.0416667 1
31.2602 338.631 0.0674847 1
40.1236 341.136 0.0892857 1
57.6056 309.039 0.00689655 1
18.1567 329.955 0.175573 1
22.9218 341.737 0.335165 1
7.05901 337.862 0.0116959 1
32.0499 16.6764 0.106195 1
24.6233 238.203 0.0633803 1
19.1938 314.173 0.219858 1
45.7513 145.365 0.192661 0
56.1214 452.274 0.272727 1
6.5111 478.735 0.00980392 1
4.35949 466.505 0.11194 1
12.6503 2.21392 0.348624 1
28.093 20.7671 0.202128 1
23.2021 55.4157 0.135593 1
16.6517 446.152 0.163265 1
41.1834 71.712 0.325967 1
20.7004 86.287 0.229299 1
21.8083 91.235 0.105263 1
10.4232 90.5681 0.0240964 1
17.3523 87.8774 0.12 1
39.1455 90.6726 0.221154 0
39.1455 90.6726 0.0131579 0
8.91152 0.669438 0.0733945 0
25.5288 3.76687 0.0283019 0
39.1455 90.6726 0.0131579 0
14.0164 94.4394 0.139706 1
1.64628 84.6481 0.0121951 1
68.9007 343.648 0.0227273 0
58.4331 74.5442 0.0212766 0
39.804 92.7145 0.0827068 0
11.0965 418.192 0.144444 1
8.86994 418.764 0.0661157 1
17.5893 427.446 0.0125786 1
68.9693 340.456 0.0291971 0
68.9693 340.456 0.0227273 0
29.2449 433.17 0.211679 1
6.9501 418.546 0.09375 1
13.6907 411.042 0.0352941 1
11.7114 419.8 0.207143 1
9.60222 413.701 0.0869565 1
30.6494 398.063 0.0612245 1
15.0634 419.453 0.00666667 0
11.0261 408.887 0.27451 1
33.2925 402.056 0.00925926 0
19.2398 16.244 0.0756303 0
33.2925 402.056 0.270492 0
100.458 40.5079 0.0153846 0
28.8435 8.93701 0.115385 0
21.8773 91.922 0.145695 1
67.9438 51.8131 0.00735294 0
30.9123 69.4364 0.0432099 0
14.7143 53.0599 0.151899 1
35.2335 319.138 0.165354 0
35.2335 319.138 0.00666667 0
2.77659 82.9179 0.0756303 0
35.2335 319.138 0.0920245 0
30.4643 73.9809 0.0877193 0
69.685 556.138 0.054878 0
69.685 556.138 0.054878 0
66.112 597.556 0.119318 1
90.3938 620.099 0.101796 1
47.2536 623.513 0.275362 1
59.7308 605.741 0.0183486 1
53.9775 647.781 0.121212 1
103.421 649.702 0.00699301 1
66.2277 671.554 0.172185 1
22.0502 671.939 0.214815 1
11.0019 660.644 0.0148148 1
40.7842 358.462 0.00653595 0
40.7842 358.462 0.280303 0
45.0228 677.209 0.0642857 1
40.4052 357.979 0.0264901 0
40.4052 357.979 0.130769 0
40.4052 357.979 0.0394737 0
40.4052 357.979 0.0125 0
40.4052 357.979 0.0125 0
40.4052 357.979 0.261905 0
33.1835 325.027 0.0621469 1
50.9871 332.369 0.0130719 1
64.8915 331.061 0.00694444 1
78.1644 329.727 0.00636943 1
16.5711 317.564 0.0779221 1
27.7224 328.834 0.0821918 1
8.85328 350.934 0.00636943 1
14.3474 329.441 0.0895522 1
66.8471 330.008 0.0300752 0
45.0957 457.004 0.0714286 1
24.1914 457.037 0.330435 1
7.20579 444.732 0.00724638 1
47.93 381.533 0.162162 1
52.4349 468.68 0.27957 1
25.4704 475.188 0.057377 1
9.30115 463.75 0.180328 1
41.9852 67.3968 0.140187 0
41.9852 67.3968 0.05 0
30.1795 86.1167 0.151261 0
31.7888 90.5172 0.0714286 1
29.3114 88.7406 0.0210526 0
37.996 92.4717 0.0733945 0
29.3114 88.7406 0.00787402 0
36.6307 97.4016 0.206452 0
24.0283 97.4488 0.125 1
15.5468 94.2469 0.0164835 1
37.1517 92.3984 0.0283019 0
67.4412 330.06 0.0212766 0
67.4412 330.06 0.0827068 0
37.6924 425.361 0.297101 0
5.72279 412.893 0.00740741 1
9.112 412.288 0.034965 1
11.992 402.532 0.363636 1
45.1679 381.583 0.175573 1
25.781 415.425 0.0943396 1
31.6367 407.682 0.0301205 1
46.6084 411.844 0.0576923 1
62.4186 398.855 0.357143 1
53.1831 383.363 0.0364963 1
6.21399 412.351 0.14 1
103.154 357.556 0.00657895 0
133.361 409.529 0.0229008 0
35.0007 406.376 0.270492 0
36.9415 323.458 0.0920245 0
65.6415 365.868 0.0275229 1
8.48282 399.391 0.0632184 1
35.071 407.011 0.0153846 0
31.0028 380.451 0.351648 1
37.1472 323.999 0.00884956 0
102.955 358.097 0.019802 0
133.146 410.07 0.0875 0
37.1472 323.999 0.00735294 0
37.1472 323.999 0.197368 0
102.955 358.097 0.0142857 0
133.146 410.07 0.00840336 0
56.3368 338.158 0.0984849 0
128.14 408.632 0.0325203 0
35.2108 406.917 0.115385 0
37.1472 323.999 0.0432099 0
37.1472 323.999 0.0877193 0
37.1472 323.999 0.230337 0
133.146 410.07 0.0137931 0
56.3368 338.158 0.0126582 0
37.1472 323.999 0.00884956 0
37.1472 323.999 0.197368 0
37.1472 323.999 0.230337 0
93.2694 14.1591 0.136364 0
66.5188 3.68536 0.0613497 0
21.097 610.198 0.226667 1
93.4202 679.303 0.0425532 1
10.7262 603.97 0.308176 1
53.36 603.104 0.0737705 1
28.7763 568.612 0.0543478 1
99.4269 694.806 0.174603 1
73.6072 602.015 0.1 1
53.0639 591.769 0.0454545 1
41.026 681.623 0.0217391 1
46.0095 639.79 0.0078125 1
88.6201 692.164 0.184615 1
17.4678 609.959 0.221239 1
36.6822 653.766 0.345455 1
5.98168 648.72 0.00724638 0
5.98168 648.72 0.0508475 0
41.4835 356.822 0.261905 0
5.98168 648.72 0.243056 0
38.724 681.135 0.0231214 0
36.4019 291.898 0.0261438 1
46.3791 336.419 0.0637255 1
29.9224 329.818 0.03125 1
58.4305 345.551 0.048951 1
71.3279 335.597 0.0162602 1
49.8839 330.803 0.036036 1
22.469 362.659 0.117241 1
23.6238 355.741 0.329032 1
27.2911 3.41465 0.0119048 1
28.2307 54.8104 0.389706 1
24.5945 372.592 0.235955 0
39.7743 114.355 0.0300752 0
24.5945 372.592 0.0652174 0
4.46744 471.208 0.111111 1
28.8452 445.424 0.180328 1
79.8756 465 0.132653 1
38.2465 487.53 0.173077 1
35.9559 468.618 0.151163 1
40.266 69.9474 0.140187 0
40.266 69.9474 0.05 0
14.7371 18.8646 0.0188679 1
17.3002 28.3725 0.0194175 1
44.5294 20.5304 0.0550459 1
11.3962 137.966 0.0336134 1
5.12628 145.922 0.0168067 1
13.6579 130.884 0.298969 1
53.6105 34.6524 0.151261 0
53.6105 34.6524 0.0210526 0
53.6105 34.6524 0.00787402 0
18.0412 131.981 0.136364 1
50.5405 30.8134 0.206452 0
6.86521 126.258 0.109091 1
18.3844 120.038 0.00671141 1
16.3882 82.7444 0.0495868 1
47.5524 24.4252 0.178571 0
47.5524 24.4252 0.00588235 0
29.5939 95.1061 0.169355 1
46.7974 22.9331 0.0465116 0
41.8749 83.7368 0.0865385 0
30.0428 96.0404 0.0695652 0
68.3388 333.623 0.297101 0
41.8749 83.7368 0.0847458 0
30.0428 96.0404 0.0852713 0
27.7616 421.599 0.22449 1
15.8728 387.057 0.133803 1
28.6733 399.659 0.0931677 1
52.9575 402.543 0.198473 1
37.1483 409.214 0.225166 1
6.67525 416.108 0.0258065 1
16.0096 425.551 0.183784 1
37.9253 418.546 0.0268456 1
18.5845 419.641 0.174497 1
101.673 355.606 0.0526316 0
131.86 407.579 0.0178571 0
29.9176 405.966 0.027972 1
101.473 355.294 0.00657895 0
101.473 355.294 0.019802 0
101.473 355.294 0.0142857 0
101.473 355.294 0.0526316 0
36.9311 51.9728 0.232558 1
117.29 307.875 0.0246914 0
117.29 307.875 0.04375 0
147.589 61.4808 0.0754717 1
31.451 326.335 0.115646 1
8.73633 268.407 0.0838323 1
106.397 128.971 0.0229008 0
106.397 128.971 0.0875 0
106.397 128.971 0.00840336 0
106.397 128.971 0.0137931 0
106.397 128.971 0.0178571 0
106.397 128.971 0.0070922 0
41.9557 286.152 0.0984849 0
41.9557 286.152 0.0126582 0
79.2895 607.348 0.136364 0
69.3445 415.124 0.0943396 1
93.2686 704.146 0.0526316 1
89.2848 698.732 0.0512821 1
46.5561 304.895 0.0325203 0
84.2844 626.09 0.0613497 0
88.863 680.826 0.115385 1
37.6756 672.011 0.00854701 1
24.9933 688.789 0.0134529 1
22.022 627.921 0.0903226 1
54.2913 662.555 0.0384615 1
79.0367 698.708 0.045045 1
89.3975 686.859 0.0133333 1
55.8845 670.677 0.0268456 1
46.0464 365.933 0.171598 0
46.3256 702.223 0.0151515 0
36.1226 715.107 0.0386473 0
46.0464 365.933 0.00724638 0
46.0464 365.933 0.0508475 0
46.0464 365.933 0.243056 0
46.0464 365.933 0.171598 0
12.9846 336.289 0.0584795 1
46.0299 367.614 0.0178571 0
18.6247 347.493 0.222222 1
45.8775 369.409 0.0231214 0
45.8775 369.409 0.0151515 0
15.5366 319.291 0.163636 1
14.7631 338.409 0.0824742 1
7.92477 327.226 0.0864865 1
91.1558 338.783 0.0124224 1
45.8604 317.384 0.0138889 1
7.15142 340.381 0.00537634 1
5.18104 374.287 0.0173913 1
52.0264 268.017 0.214286 1
6.8152 365.684 0.0413223 1
42.3458 372.294 0.153333 1
35.0573 111.32 0.0652174 0
35.0573 111.32 0.235955 0
35.0573 111.32 0.0210526 0
60.4219 373.412 0.10989 0
35.0573 111.32 0.0210526 0
25.0966 432.79 0.008 1
46.0993 478.829 0.189474 1
24.9583 474.909 0.142857 1
13.5579 459.01 0.0103093 1
51.3889 112.892 0.0128205 1
5.69857 120.198 0.0153846 1
18.3461 131.538 0.295652 1
34.8963 134.059 0.12963 1
17.2625 133.833 0.00775194 1
19.2297 149.532 0.119048 1
12.6409 149.99 0.0478723 1
52.5922 48.0715 0.178571 0
52.5922 48.0715 0.00588235 0
52.5922 48.0715 0.0465116 0
12.2122 131.808 0.0325203 1
52.1782 46.5096 0.0865385 0
52.1782 46.5096 0.0847458 0
22.666 142.55 0.0366972 1
19.3335 283.462 0.0245902 1
19.3181 418.013 0.0421053 1
8.24648 414.071 0.0967742 1
13.2629 408.245 0.0660377 1
5.85462 406.408 0.425 1
67.5558 318.103 0.0695652 0
67.5558 318.103 0.0852713 0
48.0197 406.76 0.338583 1
16.3681 332.35 0.00746269 1
21.9298 401.891 0.09375 1
63.8319 386.597 0.134146 1
8.19883 409.13 0.0100503 1
0.935297 413.528 0.160494 1
26.4799 409.077 0.054878 1
49.0971 385.339 0.153846 1
49.5465 316.568 0.0246914 0
49.5465 316.568 0.0070922 0
49.5465 316.568 0.00847458 0
9.04536 389.243 0.252809 1
49.4867 317.846 0.04375 0
49.4867 317.846 0.00862069 0
70.0723 318.6 0.00694444 0
49.4867 317.846 0.00847458 0
49.4867 317.846 0.00862069 0
49.4867 317.846 0.254098 0
20.6036 636.446 0.0777778 1
59.4309 672.883 0.0943396 1
19.0928 658.924 0.321429 1
24.5739 619.63 0.0514019 1
15.6804 686.994 0.0216216 1
10.9319 683.677 0.00574713 1
19.5573 706.131 0.00568182 1
36.2794 711.48 0.0078125 1
11.4786 636.919 0.199052 1
87.2417 602.921 0.036036 1
28.5443 638.902 0.0338983 1
20.8986 597.196 0.0782123 1
41.6137 332.529 0.0178571 0
41.6137 332.529 0.0386473 0
41.6137 332.529 0.0265957 0
41.6137 332.529 0.0208333 0
118.527 322.481 0.00653595 0
49.6926 352.115 0.0916031 1
33.2821 368.17 0.0346821 1
63.8325 353.114 0.0142857 1
13.8501 346.545 0.0324675 1
46.5432 352.499 0.0844156 1
16.5234 384.558 0.0797546 1
11.0481 384.395 0.234848 1
32.3817 376.582 0.0294118 1
22.2191 379.708 0.134228 1
59.4305 373.299 0.10989 0
20.5447 4.34496 0.333333 1
16.4691 469.614 0.0655738 1
17.7025 437.499 0.0294118 1
11.6064 449.307 0.152 1
53.5733 452.715 0.0218978 1
3.60686 467.153 0.157895 1
19.348 440.357 0.119048 1
16.4784 383.273 0.16129 1
38.679 382.104 0.0316456 1
20.782 403.985 0.0555556 1
9.98312 394.956 0.168605 1
21.0791 412.645 0.0122699 1
29.8387 404.095 0.0393258 1
26.4367 410.601 0.025 1
28.3193 406.586 0.00775194 1
42.6547 394.301 0.018018 1
39.6396 359.673 0.0134228 1
41.7864 403.941 0.00684932 1
90.8994 357.145 0.0804598 1
55.4445 409.326 0.207143 1
14.2999 373.544 0.0909091 1
81.6255 363.011 0.097561 1
38.1118 371.798 0.034188 0
47.6002 288.096 0.254098 0
47.6002 288.096 0.0666667 0
38.1118 371.798 0.0263158 0
47.6002 288.096 0.00694444 0
47.6002 288.096 0.0666667 0
9.99627 659.893 0.2 1
74.102 625.565 0.315068 1
82.3045 674.855 0.0333333 1
101.765 704.1 0.0472441 1
76.0136 615.571 0.0168067 1
20.0594 657.059 0.00584795 1
34.1576 649.241 0.0107527 1
55.8145 703.948 0.0708661 1
47.3132 705.431 0.203297 1
79.5774 668.806 0.0291971 1
92.9064 710.789 0.0176471 1
64.7894 714.144 0.0342857 1
17.789 646.772 0.131313 1
31.9867 599.27 0.0458716 1
82.9874 653.739 0.0115607 1
80.34 662.594 0.0606061 1
67.7478 638.854 0.0726257 1
40.6002 345.082 0.0265957 0
40.6002 345.082 0.0208333 0
40.6002 345.082 0.00653595 0
40.6002 345.082 0.038961 0
20.9406 705.453 0.0335196 0
40.6002 345.082 0.038961 0
40.6002 345.082 0.0297619 0
4.7233 342.223 0.0264901 1
22.9244 359.307 0.242038 1
17.7239 370.596 0.0342857 1
44.1677 362.433 0.00970874 1
62.0966 353.293 0.0148148 1
31.84 346.772 0.0431034 1
37.4554 383.223 0.0960452 1
27.1497 355.522 0.230769 1
7.02684 375.557 0.00680272 1
32.2832 98.2319 0.00813008 0
32.2832 98.2319 0.10219 0
37.5915 328.268 0.038961 1
32.0789 98.016 0.00813008 0
32.0789 98.016 0.097561 0
37.4769 438.401 0.120968 1
14.2598 443.128 0.0245902 1
31.5289 95.9791 0.10219 0
31.5289 95.9791 0.00729927 0
63.8898 460.856 0.282258 1
4.75537 457.838 0.0583942 1
33.6504 459.895 0.183206 1
13.1875 392.322 0.0869565 1
43.2211 410.729 0.0990099 1
11.3687 414.115 0.0902256 1
7.08468 417.276 0.196721 1
15.7295 420.111 0.176471 1
43.4126 421.506 0.238462 1
13.5864 407.432 0.0285714 1
5.26316 390.522 0.0347222 1
29.4353 380.963 0.242718 1
61.7029 415.865 0.222222 0
15.7082 378.071 0.04 1
17.5017 410.087 0.013986 1
29.3459 409.58 0.0224719 1
7.56766 413.147 0.0430108 1
21.3643 398.244 0.0344828 1
3.34726 408.339 0.342541 1
47.6935 308.308 0.0804598 0
12.0481 398.489 0.0285714 1
15.2118 331.555 0.0338983 0
47.6313 309.205 0.034188 0
47.6313 309.205 0.0263158 0
47.6313 309.205 0.0804598 0
47.6313 309.205 0.178571 0
55.8149 640.76 0.176471 1
24.946 655.36 0.0408163 1
47.1324 307.828 0.00719424 0
47.1324 307.828 0.0060241 0
42.6417 638.025 0.054878 1
90.1969 714.59 0.011976 1
62.1354 625.827 0.0728477 1
105.557 705.175 0.00787402 1
85.8232 722.487 0.030303 1
77.1832 713.375 0.0136986 1
49.0805 704.527 0.0351759 1
23.047 696.135 0.0802469 1
89.511 664.546 0.00995025 1
75.2383 657.936 0.12766 1
36.406 636.228 0.0419162 1
25.2184 641.114 0.0451613 1
37.7504 356.184 0.0297619 0
37.7504 356.184 0.0106952 0
37.7504 356.184 0.0310881 0
64.7241 687.271 0.00625 0
37.7504 356.184 0.0106952 0
37.7504 356.184 0.0777778 0
26.9962 331.087 0.433566 1
37.71 343.84 0.0977011 1
5.73612 346.168 0.017341 1
37.6193 356.559 0.0335196 0
37.6193 356.559 0.0310881 0
37.6193 356.559 0.0430108 0
27.9882 353.155 0.0985222 1
8.44762 354.967 0.0352941 1
43.8859 378.761 0.4375 1
29.3804 375.386 0.151685 1
6.05567 378.503 0.0384615 1
17.5788 358.653 0.0251572 1
30.4521 101.274 0.097561 0
30.4521 101.274 0.00729927 0
93.8267 291.945 0.147826 0
30.4521 101.274 0.0774194 0
91.3288 333.936 0.0294118 0
19.9835 363.955 0.0123457 0
93.8267 291.945 0.147826 0
3.06582 41.9917 0.111111 1
30.4521 101.274 0.0774194 0
62.7674 456.549 0.235772 1
33.0688 468.997 0.0306748 1
78.4804 471.65 0.261682 1
22.7957 454.478 0.0231214 1
4.38242 463.473 0.172932 1
58.3273 394.148 0.0402685 1
37.8052 407.816 0.107383 1
44.2629 407.505 0.372781 1
48.4491 408.706 0.121547 1
19.9578 410.5 0.0136054 1
29.9086 412.681 0.0657895 1
50.6802 405.946 0.193548 1
11.2879 409.532 0.0177515 1
7.7908 411.163 0.136752 1
44.7761 409.952 0.027027 0
63.4498 413.718 0.222222 0
14.3682 10.3888 0.40625 1
72.1303 399.966 0.0629921 0
27.4489 9.98587 0.104575 1
7.90461 53.0675 0.0733333 1
63.5431 367.962 0.0629921 0
63.5431 367.962 0.00847458 0
63.5431 367.962 0.0173913 0
11.8614 407.22 0.00854701 1
5.56383 417.83 0.271523 1
13.765 401.074 0.162651 1
29.092 402.557 0.140351 1
13.7215 407.377 0.11976 1
48.6305 361.277 0.118519 1
44.0206 318.365 0.178571 0
44.0206 318.365 0.00719424 0
44.0206 318.365 0.0060241 0
44.0206 318.365 0.216374 0
69.1048 349.239 0.0342466 0
44.0206 318.365 0.0338983 0
44.0206 318.365 0.216374 0
44.0206 318.365 0.155556 0
26.3178 667.604 0.113208 1
44.1374 590.901 0.0903614 1
93.8698 733.911 0.00588235 1
19.5886 628.978 0.038961 1
54.3893 679.698 0.00833333 1
71.819 650.846 0.0550459 1
14.9644 684.414 0.035461 1
42.1235 691.157 0.0382166 1
13.5862 644.365 0.227273 1
62.2978 672.776 0.136364 1
16.1218 624.466 0.0119048 1
49.7775 656.453 0.0538922 1
105.914 651.528 0.0143885 1
37.3688 368.711 0.0462428 0
98.2794 717.613 0.0107527 0
67.8485 665.848 0.0424528 0
37.3688 368.711 0.0777778 0
37.3688 368.711 0.0430108 0
37.3688 368.711 0.0718954 0
67.8485 665.848 0.0208333 0
37.3688 368.711 0.00625 0
37.3688 368.711 0.0462428 0
37.3688 368.711 0.0718954 0
61.1433 348.902 0.0697674 1
30.159 305.598 0.154839 1
7.75003 362.388 0.0136054 1
20.4585 375.68 0.0549451 1
9.28339 372.226 0.00990099 1
15.3202 368.51 0.0512821 1
27.4411 364.098 0.169231 1
17.1699 380.392 0.247706 1
3.98895 380.624 0.210843 1
14.9971 377.13 0.316583 1
58.9574 350.478 0.024 0
93.8185 292.453 0.0294118 0
35.1714 58.0255 0.362319 1
46.3678 471.14 0.116129 1
28.4958 107.555 0.0123457 0
12.7768 453.972 0.119205 1
55.0721 470.776 0.0242424 1
42.3258 473.924 0.130178 1
72.7977 380.441 0.0263158 1
28.9548 413.153 0.00613497 1
39.5505 419.026 0.340426 1
24.5942 415.481 0.107143 1
5.88447 397.177 0.2 1
29.1685 403.423 0.0701754 1
25.8247 419.548 0.102362 1
5.93175 408.845 0.00833333 1
11.0194 406.5 0.0566038 1
17.1652 417.324 0.31677 1
25.0351 408.099 0.0438596 1
32.736 400.574 0.032 1
64.3544 367.741 0.027027 0
64.3544 367.741 0.00847458 0
64.3544 367.741 0.186992 0
64.3544 367.741 0.00714286 0
25.2378 39.6431 0.123077 1
60.0549 349.776 0.0173913 0
60.0549 349.776 0.00729927 0
60.0549 349.776 0.0775194 0
5.19572 399.114 0.22807 1
26.7165 420.143 0.153285 1
7.44152 413.702 0.0184049 1
37.2435 412.863 0.0484848 0
37.2435 412.863 0.0235294 0
13.203 372.065 0.0935673 0
42.7313 326.663 0.155556 0
42.7313 326.663 0.232258 0
42.7313 326.663 0.00617284 0
13.203 372.065 0.222222 0
122.625 364.097 0.0206897 0
42.7313 326.663 0.0342466 0
42.7313 326.663 0.232258 0
29.7048 698.728 0.132075 1
82.1966 689.542 0.16129 1
81.9443 651.223 0.06 1
42.4352 328.542 0.00617284 0
77.5919 683.963 0.0272109 1
34.8195 706.781 0.056 1
68.8073 679.712 0.0533333 1
39.6921 606.401 0.0629371 1
82.0964 659.207 0.0309278 1
45.4529 634.185 0.026087 1
71.6436 669.6 0.00769231 1
34.0537 702.228 0.0927152 1
20.3919 690.807 0.0359281 1
68.0853 666.172 0.0194805 1
99.2693 674.096 0.0852273 1
36.2522 613.666 0.0597826 1
39.1537 375.344 0.00787402 0
39.1537 375.344 0.0107527 0
39.1537 375.344 0.00787402 0
39.1537 375.344 0.0337838 0
39.1537 375.344 0.00641026 0
9.61916 325.067 0.0440252 1
49.5467 305.209 0.0184049 1
38.9351 373.684 0.0424528 0
38.9351 373.684 0.0208333 0
38.9351 373.684 0.0114943 0
38.9351 373.684 0.032967 0
17.7049 370.376 0.119403 1
29.801 357.919 0.00956938 1
10.4541 367.105 0.032967 1
13.0926 376.735 0.215054 1
12.0542 371.757 0.0217391 1
8.31045 373.939 0.21875 1
82.8851 231.54 0.0215827 0
20.7364 373.93 0.220513 1
37.6362 355.764 0.0416667 0
82.7313 230.723 0.024 0
82.7313 230.723 0.0215827 0
59.8336 341.647 0.0454545 1
22.3279 473.11 0.11828 1
11.4276 475.654 0.0258621 1
70.7641 481.784 0.0254777 1
62.3679 493.372 0.0657277 1
65.3193 449.325 0.177419 1
18.3786 476.845 0.173077 1
29.0114 459.401 0.155738 1
15.8638 408.128 0.00892857 1
36.4783 388.228 0.197674 1
12.8912 411.748 0.2 1
26.1171 391.25 0.0584416 1
10.3308 405.415 0.279279 1
58.7794 400.004 0.0331492 1
42.8822 410.327 0.0120482 1
78.4711 397.139 0.281553 1
8.90729 405.571 0.346774 1
25.8431 412.726 0.0188679 1
37.8832 414.117 0.0837696 1
10.4838 416.271 0.00571429 1
61.1005 350.531 0.186992 0
56.0288 404.714 0.00877193 0
61.1005 350.531 0.00714286 0
61.1005 350.531 0.00729927 0
61.1005 350.531 0.0396825 0
56.0288 404.714 0.320611 0
21.2782 395.938 0.0802469 1
60.951 349.81 0.0775194 0
60.951 349.81 0.0396825 0
60.951 349.81 0.0322581 0
5.26319 54.1827 0.0165289 1
59.8681 354.8 0.0322581 0
38.2308 414.888 0.267974 0
56.9796 408.017 0.0652174 0
38.2308 414.888 0.0484848 0
38.2308 414.888 0.0235294 0
38.2308 414.888 0.267974 0
38.2308 414.888 0.0552486 0
18.8575 6.87061 0.336283 1
5.70375 33.1683 0.153846 0
14.889 38.1636 0.00735294 0
42.4494 333.508 0.0406977 0
48.6546 416.74 0.0134228 0
18.582 387.825 0.217391 1
42.5406 334.073 0.0935673 0
42.5406 334.073 0.222222 0
42.5406 334.073 0.0406977 0
75.5476 686.591 0.0320513 1
42.8996 335.155 0.0635838 0
77.8501 692.255 0.355828 1
25.918 679.008 0.0898876 1
42.7298 334.993 0.0206897 0
7.28247 685.693 0.0403226 1
27.9841 682.038 0.148515 1
90.5118 704.867 0.00840336 1
94.7298 725.101 0.00719424 1
37.393 713.625 0.00826446 1
76.1953 657.353 0.0378788 1
94.1332 708.474 0.0508475 1
70.0728 672.618 0.0245902 1
44.79 665.594 0.00662252 1
25.4826 685.362 0.0159574 1
37.5001 382.953 0.0337838 0
37.5001 382.953 0.0114943 0
75.6174 677.614 0.147287 1
84.0342 710.899 0.0815217 0
11.3722 638.273 0.0723684 1
37.2022 382.532 0.00641026 0
37.2022 382.532 0.032967 0
83.9971 709.929 0.09375 0
46.9634 327.397 0.0461538 1
37.5194 379.917 0.0429448 0
7.15002 335.656 0.184615 1
37.4953 380.891 0.0419162 0
76.6214 314.076 0.265152 1
14.4359 369.046 0.00854701 1
31.3779 375.797 0.0142857 1
20.2401 378.099 0.0627803 1
19.2737 376.168 0.153285 1
8.69077 374.823 0.037037 1
25.6295 119.42 0.161074 0
34.7255 373.353 0.00675676 1
15.8898 366.262 0.235294 1
23.8749 362.78 0.010101 0
25.3993 120.618 0.0416667 0
25.3993 120.618 0.161074 0
25.3993 120.618 0.00653595 0
3.30813 483.398 0.0340136 1
54.8117 482.878 0.0372671 1
48.784 477.861 0.171975 1
6.83366 414.648 0.0880503 1
20.7871 415.024 0.194631 1
14.3687 400.277 0.075 1
52.2883 385.773 0.106195 1
35.2589 413.665 0.125874 1
39.6263 395.411 0.0275862 1
14.8633 409.339 0.0952381 1
47.9757 409.334 0.00645161 1
57.865 412.221 0.265432 1
26.3242 373.529 0.255952 1
23.0389 400.375 0.00675676 1
60.9937 353.818 0.00877193 0
60.9937 353.818 0.320611 0
60.9937 353.818 0.0191083 0
44.1741 382.59 0.0552486 0
60.9937 353.818 0.0191083 0
2.69197 398.24 0.0506329 1
13.9888 364.77 0.204819 1
44.0969 381.32 0.0652174 0
5.70375 33.1683 0.153846 0
49.7087 414.488 0.0134228 0
9.22167 4.99526 0.457627 1
53.5218 403.417 0.06 0
11.4451 8.70717 0.0206186 1
16.8416 7.28464 0.0894309 1
29.3002 33.155 0.030303 0
8.36711 9.78694 0.00735294 0
52.3566 371.533 0.00769231 0
40.1096 339.759 0.0635838 0
52.3566 371.533 0.06 0
52.3566 371.533 0.00769231 0
40.1096 339.759 0.0855263 0
52.3566 371.533 0.00740741 0
23.9677 404.688 0.229167 1
49.0673 356.754 0.116279 0
15.1081 375.078 0.00534759 0
40.1797 340.018 0.0855263 0
14.458 696.772 0.0336134 1
32.0436 716.838 0.0404624 1
54.6171 713.002 0.03125 1
13.1918 697.652 0.0223464 1
64.7868 703.862 0.0458015 1
15.2444 687.842 0.00558659 1
40.0724 677.926 0.026087 1
5.74588 710.657 0.112676 1
24.3732 633.998 0.00793651 1
85.3545 666.81 0.0245902 1
16.3688 605.876 0.116279 1
89.2091 709.724 0.102941 1
77.1602 685.616 0.122093 1
15.8999 691.4 0.035503 1
50.3633 667.862 0.0188679 1
63.928 640.658 0.0307692 1
36.3579 373.772 0.0251572 0
60.4713 694.721 0.0275862 1
36.0404 373.992 0.0815217 0
36.0404 373.992 0.09375 0
36.0404 373.992 0.0251572 0
36.0404 373.992 0.115385 0
36.0404 373.992 0.0112994 0
36.0404 373.992 0.0512821 0
36.0404 373.992 0.205 0
36.0404 373.992 0.0429448 0
36.0404 373.992 0.0419162 0
36.0404 373.992 0.115385 0
36.0404 373.992 0.00869565 0
36.0404 373.992 0.0164835 0
46.1117 726.967 0.00649351 0
36.0404 373.992 0.00869565 0
36.0404 373.992 0.0225564 0
10.2922 352.974 0.0672269 1
8.37008 346.055 0.00574713 1
36.0547 375.962 0.0164835 0
36.0547 375.962 0.02 0
28.1538 362.908 0.0408163 1
47.4854 357.677 0.173228 1
20.6897 362.087 0.113475 1
29.7524 367.032 0.390625 1
6.74906 359.93 0.0961538 1
24.8768 122.237 0.00653595 0
24.8768 122.237 0.0792079 0
2.51908 357.774 0.154762 1
24.8768 123.254 0.010101 0
24.8768 123.254 0.0792079 0
46.8165 487.556 0.226415 1
37.8511 484.246 0.0508475 1
72.5293 491.027 0.0596026 1
84.3637 507.738 0.228571 1
74.9408 499.071 0.0916667 1
88.7826 522.018 0.257812 1
16.5282 404.367 0.313559 1
8.84525 405.411 0.153846 1
4.6606 406.553 0.0121212 1
9.66198 381.847 0.0070922 1
25.9481 412.736 0.207071 1
67.5734 399.564 0.0930233 1
29.6131 407.001 0.100775 1
80.9474 404.251 0.136986 1
48.5449 404.034 0.0307692 1
7.79338 403.201 0.16129 1
34.0936 395.813 0.172414 1
53.15 374.094 0.134921 0
5.13483 400.128 0.0986842 1
5.82924 406.225 0.00724638 1
53.157 372.657 0.00740741 0
53.157 372.657 0.134921 0
53.157 372.657 0.188034 0
53.157 372.657 0.0416667 0
53.157 372.657 0.030303 0
53.157 372.657 0.188034 0
12.4486 386.913 0.0333333 0
40.7804 378.039 0.00645161 0
38.0592 332.972 0.116279 0
7.65326 711.011 0.00714286 1
38.0705 331.191 0.00534759 0
26.9817 718.104 0.206278 1
80.13 727.862 0.327044 1
54.5333 684.261 0.0222222 1
73.8604 651.289 0.0659341 1
103.533 734.073 0.0122699 1
9.69662 698.4 0.176136 1
70.6888 620.852 0.153153 1
51.3472 679.366 0.00793651 1
15.4042 666.205 0.12782 1
73.9999 692.911 0.0175439 1
23.964 672.961 0.0316456 1
54.6817 666.948 0.0639535 1
47.2546 688.876 0.23741 1
32.3724 700.896 0.0405405 1
60.2733 694.857 0.0331492 1
27.4857 652.076 0.00671141 1
38.2011 695.774 0.10219 0
36.1022 378.955 0.0112994 0
38.2011 695.774 0.0387097 0
36.1022 378.955 0.0512821 0
38.2011 695.774 0.150289 0
36.1022 378.955 0.205 0
36.1022 378.955 0.0225564 0
36.1022 378.955 0.02 0
36.1022 378.955 0.0581395 0
38.2011 695.774 0.123596 0
36.1022 378.955 0.00649351 0
36.1022 378.955 0.0581395 0
2.12021 316.818 0.0609756 1
12.1582 320.764 0.302326 1
44.392 339.878 0.0429448 1
21.2051 353.997 0.0634921 1
11.9767 351.962 0.271605 1
11.0969 357.047 0.00490196 1
16.8982 358.501 0.0397727 1
29.3398 362.627 0.00862069 1
21.3917 361.008 0.10219 1
13.3546 531.398 0.203125 1
4.8542 535.16 0.0657895 1
30.0971 537.799 0.0330578 1
47.2973 540.414 0.0136986 1
77.7504 545.914 0.0336134 1
88.004 547.68 0.290598 1
12.5134 416.642 0.0104167 1
35.712 407.002 0.0866667 1
52.9367 400.178 0.4 1
21.7263 408.866 0.0549451 1
76.9619 384.507 0.0895522 1
47.2068 404.259 0.0296296 1
6.84622 407.809 0.00478469 1
15.9923 401.59 0.370629 1
44.8925 411.199 0.240602 1
59.3311 407.118 0.201681 1
31.357 390.909 0.144444 1
22.9476 1.47525 0.166667 0
28.5166 25.7201 0.110345 1
5.49994 75.9099 0.331288 1
40.4824 63.7719 0.166667 0
40.4824 63.7719 0.097561 0
13.1556 340.182 0.0822785 1
17.239 409.324 0.184 1
44.0263 363.438 0.064 1
12.6864 401.976 0.132075 1
93.1467 355.756 0.375 1
54.3338 377.761 0.0416667 0
36.6318 329.038 0.10929 0
36.6318 329.038 0.00632911 0
16.0926 420.01 0.140741 0
36.6318 329.038 0.0333333 0
36.6318 329.038 0.10929 0
51.874 749.049 0.0698925 0
68.7204 743.227 0.0774648 1
9.91022 707.838 0.312796 1
74.5919 676.305 0.00571429 1
36.2704 328.312 0.00645161 0
36.2704 328.312 0.00632911 0
51.5142 748.323 0.0248447 0
40.7427 706.234 0.025 1
91.6672 735.377 0.0909091 1
94.6518 732.451 0.202703 1
67.4432 627.02 0.0519481 1
16.3074 684.471 0.14433 1
81.8137 701.774 0.00990099 1
49.0138 697.115 0.340741 1
82.3701 709.581 0.016 1
15.1178 662.697 0.0136986 1
9.4888 672.282 0.0709677 1
83.1635 719.222 0.00641026 1
33.8854 386.924 0.0207254 0
17.2494 693.472 0.123853 1
13.3948 671.612 0.185567 1
33.8376 384.305 0.248447 0
33.8376 384.305 0.00471698 0
30.2845 659.68 0.0052356 0
33.8376 384.305 0.10219 0
33.8376 384.305 0.0387097 0
33.8376 384.305 0.150289 0
33.8376 384.305 0.123596 0
33.8376 384.305 0.0207254 0
33.8376 384.305 0.248447 0
33.8376 384.305 0.169231 0
33.8376 384.305 0.0175439 0
62.5135 275.375 0.01 1
33.46 378.492 0.00471698 0
33.46 378.492 0.101626 0
33.46 378.492 0.018018 0
28.2101 309.402 0.0745614 1
8.36876 307.085 0.0405405 1
47.2016 333.785 0.0526316 1
33.0431 331.871 0.102151 1
20.1713 339.531 0.145038 1
3.52888 339.738 0.016129 1
9.56186 368.078 0.0215827 1
37.3035 339.85 0.123377 0
37.3035 339.85 0.123377 0
23.4108 537.383 0.173913 1
18.3088 195.752 0.00595238 0
11.9938 566.88 0.142857 1
58.2283 551.79 0.0243902 1
49.7069 541.525 0.00740741 1
23.7694 422.812 0.166667 1
14.5277 428.967 0.156627 1
19.0611 428.34 0.0657895 1
9.20072 399.478 0.0588235 1
36.4597 407.122 0.0425532 1
18.4165 417.769 0.02 1
32.8772 415.172 0.057971 1
47.0207 411.639 0.0923077 1
27.149 393.052 0.00606061 1
73.948 400.358 0.142132 1
55.7711 397.073 0.127273 1
28.5063 389.684 0.0708661 1
2.76309 412.563 0.0172414 1
54.034 408.585 0.097561 0
6.79078 425.366 0.00787402 1
16.8991 5.71633 0.402878 1
23.1544 379.127 0.0697674 1
4.34037 431.748 0.125 0
6.78826 428.263 0.0946746 0
16.504 422.202 0.140741 0
50.249 749 0.0698925 0
50.249 749 0.0248447 0
50.249 749 0.0851064 0
50.249 749 0.00613497 0
10.619 6.06035 0.0880503 1
12.4818 16.8036 0.1875 1
49.5198 727.337 0.0851064 0
49.5198 727.337 0.34 0
49.5198 727.337 0.00613497 0
49.5198 727.337 0.035503 0
34.9255 749.942 0.0142857 0
28.7369 704.129 0.416058 1
12.0587 689.928 0.00617284 1
35.0104 748.492 0.0384615 0
16.8287 741.695 0.029703 0
35.0104 748.492 0.00847458 0
16.8287 741.695 0.252174 0
41.7791 690.564 0.0277778 1
16.8883 741.664 0.01 0
91.0397 713.941 0.0776699 1
26.8772 657.844 0.0151515 1
94.5588 730.817 0.0568182 1
35.2293 675.54 0.00819672 1
84.0235 702.252 0.00775194 1
90.9503 707.032 0.0322581 1
45.5296 686.665 0.0674157 1
92.6557 739.597 0.0526316 1
73.4148 692.833 0.0125 1
38.0332 385.161 0.169231 0
38.0332 385.161 0.101626 0
38.0332 385.161 0.0888889 0
33.0961 709.255 0.0422535 0
59.7855 716.943 0.0405405 0
38.0332 385.161 0.0175439 0
38.0332 385.161 0.018018 0
38.0332 385.161 0.039801 0
33.0961 709.255 0.148148 0
59.7855 716.943 0.131313 0
38.0332 385.161 0.0052356 0
38.0332 385.161 0.0888889 0
38.0332 385.161 0.039801 0
38.0332 385.161 0.00520833 0
69.7552 324.094 0.211009 1
96.4833 336.229 0.0881057 1
119.464 357.494 0.108434 1
114.612 376.814 0.0514706 1
58.5958 366.665 0.104575 1
22.1739 352.253 0.04 1
10.663 433.461 0.0707071 0
51.5767 393.86 0.015873 1
16.2265 120.038 0.00595238 0
10.9779 434.9 0.340909 0
18.4513 430.738 0.108844 0
10.9779 434.9 0.0707071 0
10.9779 434.9 0.340909 0
28.5436 4.1624 0.0190476 1
19.047 11.3024 0.391304 1
22.1686 34.5225 0.0102041 1
4.44213 548.39 0.0529801 1
52.0686 539.693 0.189024 1
70.1167 490.446 0.113333 1
3.00408 496.263 0.191011 1
11.7648 424.01 0.0416667 1
16.0798 427.823 0.183824 1
14.7477 415.962 0.1 1
25.8104 398.551 0.23913 1
6.94506 407.008 0.00900901 1
62.5503 395.662 0.201681 1
93.3025 396.727 0.253247 1
83.9985 417.652 0.113333 1
45.3037 430.214 0.0833333 1
25.3974 418.253 0.0171429 1
11.4026 438.058 0.10274 1
20.2818 441.154 0.0238095 1
10.7938 436.391 0.212121 1
7.13359 440.665 0.0625 0
15.2344 436.617 0.0802469 0
4.27561 444.445 0.125 0
15.8434 31.2088 0.290323 1
4.14893 35.6997 0.0149254 1
5.81825 36.6079 0.0884354 1
19.5479 33.0241 0.0631579 1
10.8177 391.874 0.0946746 0
2.72017 40.3051 0.123457 1
48.1705 713.839 0.34 0
48.1705 713.839 0.035503 0
48.1705 713.839 0.00847458 0
38.8004 755.426 0.0142857 0
38.8004 755.426 0.0384615 0
38.8004 755.426 0.00847458 0
38.8004 755.426 0.0224719 0
9.83852 41.587 0.0394737 1
18.5173 47.7147 0.153061 1
30.4038 39.4213 0.0272727 1
43.2726 675.751 0.00847458 0
43.2726 675.751 0.0224719 0
43.2726 675.751 0.00869565 0
43.2726 675.751 0.046729 0
20.8022 748.63 0.162162 0
43.2726 675.751 0.106061 0
9.87196 757.362 0.263158 0
20.8022 748.63 0.029703 0
20.8022 748.63 0.252174 0
20.8022 748.63 0.01 0
20.8022 748.63 0.162162 0
20.8022 748.63 0.0506329 0
23.3429 72.8789 0.0560748 1
34.1252 84.5076 0.188976 1
23.1703 95.9228 0.00840336 1
37.8426 649.62 0.0506329 0
37.8426 649.62 0.0416667 0
37.8426 649.62 0.0625 0
37.8426 649.62 0.0327869 0
28.9112 752.641 0.0181818 0
32.3638 715.936 0.180328 1
37.1325 704.886 0.0813954 1
68.0205 684.308 0.00961538 1
93.7535 752.624 0.00970874 1
81.091 701.583 0.0194175 1
60.0864 665.999 0.0190476 1
9.4663 702.841 0.0666667 1
34.754 309.683 0.00520833 0
34.754 309.683 0.122222 0
34.754 309.683 0.26455 0
37.3404 680.93 0.0229008 0
34.754 309.683 0.0422535 0
34.754 309.683 0.148148 0
34.754 309.683 0.122222 0
4.67985 371.247 0.0254777 1
13.5078 428.802 0.0448718 1
34.8061 310.982 0.0405405 0
34.8061 310.982 0.131313 0
34.8061 310.982 0.26455 0
12.3394 434.661 0.010101 1
108.591 362.74 0.117647 1
10.0507 440.807 0.0070922 1
19.753 463.211 0.0180723 1
88.5943 380.058 0.105263 1
46.8066 413.885 0.0538462 0
8.70617 457.799 0.0125 1
24.7034 447.595 0.0147059 1
46.685 413.108 0.027027 0
46.685 413.108 0.0538462 0
46.685 413.108 0.027027 0
55.0224 48.0267 0.147059 1
10.3321 219.281 0.259494 0
67.2055 198.402 0.291262 1
13.9264 242.565 0.056 1
20.0201 566.933 0.0208333 1
15.1726 109.672 0.108844 0
15.1726 109.672 0.0211268 0
21.8892 562.375 0.0458716 1
64.2502 568.511 0.0130719 1
81.2607 557.237 0.00549451 1
11.3649 440.025 0.0656934 1
6.23625 10.0621 0.00961538 1
6.30257 11.1006 0.415385 1
9.62047 5.57518 0.0338983 1
12.8616 419.241 0.00769231 1
29.5506 417.149 0.0227273 1
38.2449 422.132 0.0298507 1
54.6074 424.588 0.155738 1
33.5259 435.369 0.0129032 1
56.6385 419.427 0.124088 1
44.0076 425.541 0.115 1
4.50643 424.385 0.217105 1
21.0921 410.662 0.330275 1
7.77609 432.803 0.046875 1
3.32644 440.586 0.0192308 1
29.4921 432.206 0.397661 1
45.7282 424.531 0.00806452 1
3.56206 327.939 0.0214286 0
3.56206 327.939 0.0130719 0
3.56206 327.939 0.0802469 0
3.56206 327.939 0.0214286 0
3.56206 327.939 0.00632911 0
3.56206 327.939 0.0625 0
3.56206 327.939 0.0130719 0
3.56206 327.939 0.00699301 0
3.56206 327.939 0.146199 0
24.0932 109.464 0.0111111 1
35.7856 647.971 0.00869565 0
15.5522 115.144 0.311475 1
26.2298 113.228 0.0155039 1
19.3521 119.51 0.177778 1
20.2434 116.777 0.0170455 1
30.3472 641.391 0.046729 0
30.3472 641.391 0.106061 0
30.3472 641.391 0.263158 0
30.3472 641.391 0.0416667 0
27.3277 116.465 0.0265487 1
29.2085 633.127 0.0625 0
29.2085 633.127 0.0327869 0
3.89873 120.219 0.178571 1
29.1332 636.459 0.010989 0
11.5355 123.847 0.133803 1
28.5989 637.851 0.0181818 0
28.5989 637.851 0.0759494 0
12.8256 128.386 0.00613497 1
9.89964 100.43 0.144231 1
29.3689 639.637 0.010989 0
29.3689 639.637 0.0759494 0
29.3689 639.637 0.109091 0
29.3689 639.637 0.0666667 0
7.71063 691.273 0.390244 1
66.3906 633.406 0.154762 1
29.5156 639.502 0.047619 0
47.9534 759.056 0.017094 0
83.4101 708.326 0.00990099 1
34.3219 293.503 0.00961538 0
41.3869 722.333 0.03125 0
34.3219 293.503 0.180952 0
41.3869 722.333 0.247423 0
74.7248 723.417 0.0674157 0
34.3219 293.503 0.0229008 0
34.3219 293.503 0.00961538 0
34.3219 293.503 0.180952 0
28.8403 447.517 0.290323 1
50.0009 425.364 0.106796 1
36.4879 450.566 0.186813 1
35.686 423.258 0.0729167 1
24.3522 471.92 0.038961 1
30.759 461.173 0.0595238 1
13.2698 466.661 0.038674 1
5.87689 456.982 0.00485437 1
4.63491 464.773 0.110092 1
11.0394 463.988 0.0722892 1
2.50415 455.755 0.141104 1
14.6846 122.5 0.259494 0
14.6846 122.5 0.0211268 0
14.6846 122.5 0.00917431 0
10.4444 459.838 0.0119048 1
14.6958 122.869 0.00917431 0
5.82197 567.206 0.0863309 1
9.93648 574.54 0.101695 1
41.1533 545.068 0.0432099 1
90.063 576.451 0.214765 1
30.1894 413.806 0.0265487 1
6.27779 427.784 0.247706 1
23.2928 418.232 0.270833 1
20.9966 425.619 0.0451128 1
6.20551 429.255 0.0148148 1
13.6878 418.528 0.0746269 1
20.5667 408.308 0.145038 1
30.1902 421.548 0.00704225 1
57.4419 415.731 0.0686275 1
9.24468 425.473 0.0805369 1
6.84844 314.431 0.00699301 0
18.3445 433.635 0.102041 1
9.60666 408.773 0.0813008 1
9.73623 427.896 0.0677966 0
7.83665 430.335 0.0243902 0
6.83312 313.761 0.00632911 0
6.83312 313.761 0.146199 0
7.83665 430.335 0.0331126 0
6.83312 313.761 0.0824742 0
7.83665 430.335 0.252525 0
13.952 437.297 0.0327869 0
6.83312 313.761 0.0824742 0
28.4367 118.612 0.226804 1
2.49039 124.493 0.00819672 1
6.43009 129.586 0.0896552 1
10.2101 126.507 0.135338 1
5.07675 126.819 0.117117 1
4.43357 120.88 0.03125 1
17.1368 127.203 0.165354 1
6.80988 122.151 0.142857 1
18.4915 125.794 0.174603 1
29.1767 638.862 0.109091 0
29.1767 638.862 0.0666667 0
29.1767 638.862 0.047619 0
19.2093 120.785 0.176991 1
29.7553 638.57 0.091954 0
3.70376 111.498 0.0283019 1
29.8488 640.06 0.017094 0
29.8488 640.06 0.0166667 0
11.2942 124.086 0.0204082 1
30.1635 640.789 0.091954 0
30.1635 640.789 0.0166667 0
30.1635 640.789 0.221239 0
92.3381 753.842 0.178571 1
30.4686 641.099 0.0608696 0
52.4562 759.747 0.0194175 0
10.6938 683.251 0.0645161 1
41.0436 722.178 0.0123457 0
41.0436 722.178 0.0707071 0
74.3821 723.261 0.175824 0
20.2424 732.133 0.0192308 0
41.0436 722.178 0.03125 0
41.0436 722.178 0.247423 0
41.0436 722.178 0.0123457 0
41.0436 722.178 0.0707071 0
33.3501 1.08309 0.27381 1
8.63196 48.6733 0.0246914 1
57.1827 627.687 0.0555556 0
80.1014 124.742 0.0420168 1
37.9474 305.151 0.00632911 1
5.54847 308.627 0.257732 1
16.5524 438.783 0.0674157 0
16.5524 438.783 0.175824 0
50.4704 139.933 0.0229885 1
14.097 460.501 0.102564 1
6.4212 471.688 0.0150376 1
6.07271 470.338 0.028169 1
15.3443 470.012 0.00699301 1
22.932 473.893 0.192661 1
14.96 472.32 0.0594595 1
6.73843 454.105 0.037037 1
26.2194 453.217 0.143939 1
19.9515 465.213 0.0193548 1
3.04569 466.411 0.0119048 1
22.3355 454.741 0.0652174 0
8.52731 460.879 0.0740741 1
40.8462 436.592 0.0403226 0
22.3139 454.193 0.0652174 0
16.0052 579.45 0.0645161 1
14.0641 124.241 0.256637 0
34.9565 560.833 0.254902 1
14.1162 123.661 0.00657895 0
21.4272 579.107 0.167832 1
14.1739 122.487 0.0534351 0
24.0962 569.282 0.183206 1
69.087 564.215 0.00900901 1
68.9864 573.997 0.186813 1
13.7068 415.985 0.163636 1
57.1191 419.857 0.114286 1
32.9217 416.174 0.00740741 1
8.75575 421.001 0.0283019 1
9.84174 432.303 0.0263158 1
22.7662 422.02 0.0128205 1
17.1175 430.443 0.0229008 1
5.59003 428.607 0.183333 1
14.7423 408.145 0.0327869 1
9.30746 403.371 0.056 1
39.0684 428.909 0.181818 1
26.6368 409.785 0.0359281 1
25.9401 421.187 0.21875 0
16.9558 3.87634 0.282609 1
9.54811 425.704 0.0677966 0
14.9258 113.438 0.0168067 1
38.3367 81.423 0.203252 1
1.87177 145.283 0.201681 1
4.93711 287.37 0.0243902 0
4.93711 287.37 0.0331126 0
4.93711 287.37 0.252525 0
5.72535 149.524 0.113636 1
5.01627 288.334 0.0327869 0
12.2242 143.582 0.0425532 1
2.73857 146.57 0.00819672 1
4.23382 146.939 0.0733945 1
4.71888 143.174 0.0530973 1
8.03649 140.639 0.0733945 1
9.30868 139.541 0.2 1
2.80597 139.945 0.261745 1
4.01764 141.1 0.114865 1
2.75879 138.849 0.0070922 1
7.0719 138.326 0.00892857 1
2.95251 136.363 0.226667 1
32.209 630.163 0.221239 0
32.209 630.163 0.0608696 0
20.5389 129.119 0.00833333 1
9.52515 128.059 0.172185 1
32.7404 630.321 0.0194175 0
17.1555 120.217 0.00704225 1
34.1873 295.832 0.0555556 0
34.1873 295.832 0.034188 0
34.1873 295.832 0.0210526 0
32.2977 629.738 0.143939 0
34.1873 295.832 0.034188 0
3.70063 333.906 0.291925 1
6.11318 431.785 0.30719 1
17.446 432.458 0.561404 1
32.4488 421.945 0.161074 1
33.6791 331.238 0.0192308 0
33.6791 331.238 0.0210526 0
17.7286 430.424 0.00628931 1
29.9755 434.307 0.00662252 1
27.7254 434.715 0.123529 1
19.4165 433.967 0.0326797 1
31.5134 428.066 0.212121 1
13.5154 432.165 0.0758621 1
7.25218 426.106 0.00699301 1
13.3178 163.213 0.256637 0
13.3178 163.213 0.00657895 0
13.3178 163.213 0.0534351 0
13.3178 163.213 0.0545455 0
28.3755 417.413 0.039604 0
13.3178 163.213 0.0403226 0
13.3178 163.213 0.0545455 0
37.3549 564.266 0.336449 1
4.81601 561.072 0.0530973 1
47.9297 563.079 0.279221 1
84.2941 568.773 0.138889 1
50.6645 419.593 0.0121951 1
39.087 420.41 0.111111 1
36.7034 428.497 0.0362319 1
24.0749 431.542 0.171233 1
36.4511 422.751 0.0413223 1
26.9311 421.987 0.0828025 1
37.7542 414.494 0.0547945 1
8.07105 426.557 0.0985916 1
12.0026 402.424 0.00591716 1
45.2559 391.968 0.00909091 1
29.2869 427.76 0.359155 1
40.5551 425.555 0.116505 1
37.0122 423.089 0.0560748 1
54.1549 430.635 0.29 0
14.7962 418.252 0.284314 1
47.9606 415.816 0.423729 1
23.5681 416.788 0.163636 1
4.41956 5.26398 0.21875 0
4.41956 5.26398 0.013986 0
4.41956 5.26398 0.0215827 0
97.8898 393.37 0.025974 1
4.53005 1.00177 0.180451 0
19.6858 433.873 0.155039 1
12.5067 433.908 0.0168067 1
4.1329 435.982 0.0775194 1
7.04274 433.013 0.366906 1
9.97898 433.542 0.262626 1
5.57193 429.344 0.0413793 1
8.08459 432.7 0.0745342 1
6.35504 433.235 0.00995025 1
10.6304 431.307 0.0181818 1
5.83651 430.702 0.025974 1
6.97545 432.261 0.131944 1
11.3307 426.644 0.456897 1
5.49502 430.976 0.401274 1
5.72522 428.985 0.0113636 1
10.2336 423.542 0.0348837 1
33.8154 337.909 0.143939 0
5.53278 424.943 0.00490196 1
4.55909 424.373 0.36036 1
37.5574 399.171 0.0818182 1
15.6068 414.529 0.0769231 1
11.7975 382.542 0.0995025 1
9.55923 415.846 0.0322581 1
2.09422 419.69 0.211982 1
25.41 423.128 0.0128205 1
33.2483 423.55 0.116564 1
35.5285 424.643 0.00645161 1
29.87 424.462 0.162304 1
24.4602 423.532 0.0408163 1
19.9182 424.394 0.0322581 1
11.0158 420.247 0.0583942 1
19.0279 420.099 0.057377 1
1.30057 414.86 0.057971 1
15.4935 399.46 0.0261438 0
28.3479 406.883 0.039604 0
14.5933 7.42298 0.290909 1
15.2455 555.175 0.0689655 1
45.9093 575.047 0.150794 1
16.5804 567.893 0.0916667 1
60.2497 565.243 0.0795455 1
14.8386 398.787 0.189189 1
46.9231 429.484 0.117647 1
22.8607 398.73 0.122581 1
15.0369 405.796 0.0194805 1
21.158 428.609 0.130952 1
13.6931 420.412 0.0896552 1
2.68756 419.65 0.109375 1
17.4074 403.11 0.100559 1
22.744 417.402 0.097561 1
53.9268 428.112 0.0215054 0
53.9268 428.112 0.29 0
53.9268 428.112 0.0215054 0
15.0939 1.78141 0.216667 1
28.5174 1.22247 0.0108696 0
12.922 401.788 0.0406504 1
4.50352 13.0284 0.0243902 0
4.50352 13.0284 0.0204082 0
39.2655 408.947 0.0204082 0
59.2837 404.38 0.310345 0
4.50352 13.0284 0.0243902 0
42.1519 421.976 0.0949721 1
62.3524 417.57 0.302158 1
4.40269 13.6674 0.013986 0
4.40269 13.6674 0.0215827 0
4.40269 13.6674 0.180451 0
4.40269 13.6674 0.0204082 0
36.7947 423.581 0.0791367 1
4.35384 13.6872 0.00666667 0
4.35384 13.6872 0.0740741 0
24.1816 413.57 0.148936 0
24.1816 413.57 0.0763359 0
7.40334 421.658 0.257812 1
3.2499 413.464 0.0366972 1
14.9881 421.502 0.208861 1
2.46411 415.35 0.00966184 1
9.62694 419.288 0.00555556 1
13.429 419.261 0.171233 1
5.13843 419.184 0.0205479 1
3.26434 419.216 0.0123457 1
10.1327 416.75 0.174863 1
7.2397 417.315 0.0470588 1
4.23007 415.561 0.0366972 1
9.81293 416.387 0.3 1
7.34196 415.822 0.00985222 1
8.67889 414.775 0.124402 1
9.68198 410.917 0.158879 1
8.21495 398.28 0.0758929 1
5.52133 400.571 0.00584795 1
14.444 407.867 0.00505051 1
30.4999 411.144 0.11039 1
31.4988 413.438 0.0358974 1
26.3426 412.633 0.304598 1
22.3814 411.712 0.0333333 1
15.4507 408.539 0.326389 1
23.6476 406.156 0.00628931 1
12.4093 186.937 0.144144 0
5.23061 405.731 0.111111 1
12.8078 380.411 0.0625 0
12.4087 187.422 0.0261438 0
12.4087 187.422 0.144144 0
6.32327 567.833 0.0619469 1
64.328 582.479 0.328125 1
30.4187 581.683 0.00636943 1
66.5438 584.573 0.075 1
29.8832 580.93 0.136364 1
76.0767 571.505 0.272727 1
0.917603 397.668 0.234694 1
28.4298 392.16 0.0229008 1
42.5586 396.717 0.00990099 1
6.86766 416.961 0.0932203 1
30.0746 403.427 0.0574713 1
20.625 425.024 0.049505 1
35.8638 408.9 0.298013 1
48.5771 380.635 0.0551724 1
44.4168 416.877 0.128788 1
12.6975 18.259 0.402985 1
70.5561 399.407 0.0818182 0
15.5802 15.3506 0.102804 1
31.1864 20.7799 0.18254 0
67.2821 387.3 0.0384615 0
31.1864 20.7799 0.0108696 0
31.1864 20.7799 0.18254 0
36.4596 408.08 0.353448 1
67.2341 387.322 0.030303 0
62.7884 397.724 0.150538 0
67.2341 387.322 0.034188 0
11.0915 406.159 0.172131 1
62.8057 397.333 0.00900901 0
12.2106 368.589 0.109244 1
3.67285 23.7661 0.0204082 0
3.67285 23.7661 0.00666667 0
28.3264 405.069 0.179487 1
3.64148 23.5182 0.310345 0
3.64148 23.5182 0.0740741 0
26.4443 425.695 0.107692 1
13.3269 421.288 0.0583333 1
3.57485 22.6605 0.148936 0
3.57485 22.6605 0.0763359 0
15.4086 423.741 0.156463 0
30.4787 423.283 0.165138 1
13.8046 401.081 0.0555556 1
16.0599 398.498 0.0545455 1
7.76395 403.778 0.0510204 1
5.84177 406.639 0.291667 1
15.3132 406.044 0.347826 1
6.87575 397.431 0.00947867 1
7.66592 404.137 0.0160428 1
12.3459 404.464 0.00546448 1
6.27046 406.342 0.0214286 1
14.0543 401.836 0.0516432 1
16.6348 398.713 0.0298507 1
5.00934 392.927 0.148325 1
14.8961 394.199 0.029703 1
17.0713 402.541 0.0115607 1
22.4468 403.611 0.00574713 1
26.1557 400.762 0.219251 1
36.048 402.832 0.00609756 1
32.7697 404.76 0.0775862 1
25.7706 401.93 0.00858369 1
18.957 399.655 0.0813954 1
25.6005 403.94 0.0041841 1
14.5998 399.618 0.121951 1
12.045 199.818 0.0693069 0
12.045 199.818 0.0625 0
12.045 199.818 0.0693069 0
50.8806 588.866 0.184713 1
18.8319 565.113 0.23494 1
48.4787 585.253 0.0388889 1
51.3033 565.619 0.0291262 1
15.4318 368.179 0.153061 1
12.0526 392.503 0.0173913 1
3.19627 416.812 0.00833333 1
5.4066 411.814 0.00757576 1
8.59115 411.408 0.0314961 1
19.3578 367.352 0.02 1
14.8863 396.305 0.00694444 1
61.2602 366.662 0.154639 1
12.3082 400.281 0.0108696 1
36.7079 355.039 0.0972222 1
23.5045 368.431 0.0555556 0
67.7978 383.359 0.0818182 0
67.7978 383.359 0.0384615 0
67.7978 383.359 0.23301 0
23.5045 368.431 0.13245 0
67.7978 383.359 0.030303 0
67.7978 383.359 0.034188 0
67.7978 383.359 0.23301 0
45.7557 14.9286 0.148649 1
57.1409 275.756 0.0784314 0
31.9652 395.177 0.206186 1
36.7842 387.554 0.0373134 0
63.4247 393.677 0.150538 0
63.4247 393.677 0.00900901 0
63.4247 393.677 0.09375 0
27.8545 6.12247 0.227642 1
47.1414 331.565 0.09375 0
47.1414 331.565 0.145038 0
19.2366 403.099 0.0693069 0
19.2366 403.099 0.125 0
19.2366 403.099 0.0373832 0
8.50968 423.931 0.0444444 0
4.04475 425.537 0.0737705 0
4.43848 394.105 0.059322 1
3.34246 396.662 0.242718 1
9.32058 386.094 0.0480769 1
8.37225 388.297 0.00833333 1
3.11802 30.8152 0.156463 0
3.11802 30.8152 0.0583333 0
19.7947 392.293 0.0724638 1
3.12251 31.2019 0.0583333 0
3.12251 31.2019 0.00847458 0
32.8466 420.816 0.0833333 1
3.10559 31.1133 0.11 0
3.10559 31.1133 0.00847458 0
3.10559 31.1133 0.075 0
11.1864 378.973 0.0300752 1
20.416 387.995 0.148936 1
3.10096 31.9796 0.075 0
3.10096 31.9796 0.280374 0
16.1044 389.815 0.253425 1
5.23074 392.141 0.223776 1
4.65214 396.521 0.0172414 1
6.10496 396.58 0.0245399 1
9.31597 395.383 0.0117647 1
8.41808 395.1 0.0875912 1
7.50964 393 0.204167 1
5.67639 390.115 0.012987 1
5.03147 390.007 0.0285714 1
16.9137 391.943 0.0746269 1
8.20728 385.808 0.00956938 1
7.15923 390.189 0.389381 1
9.49058 367.203 0.198795 1
18.8317 386.419 0.1625 1
31.2974 389.63 0.287736 1
38.4915 390.452 0.02 1
34.5563 392.156 0.00952381 1
28.9406 393.481 0.0100503 1
29.9706 392.218 0.0386266 1
29.3356 393.683 0.148148 1
27.2748 394.362 0.0242915 1
19.1301 390.602 0.0264901 1
8.31507 385.808 0.134228 1
27.1929 2.36377 0.284483 1
65.1951 586.476 0.424242 1
32.9377 580.942 0.0988372 1
67.2482 582.325 0.0163934 1
79.0735 556.378 0.030303 1
36.0396 271.363 0.130435 1
82.9698 223.803 0.129032 1
26.8261 353.276 0.15534 1
22.5338 423.096 0.206107 1
18.1902 400.404 0.0840336 1
14.4684 379.607 0.106383 1
28.1624 418.146 0.31405 1
33.23 389.329 0.107843 0
53.7464 383.814 0.0165289 0
33.23 389.329 0.0934579 0
53.7464 383.814 0.103175 0
53.7464 383.814 0.0900901 0
4.75568 372.874 0.0617284 1
57.4102 282.876 0.0432432 0
53.7427 383.278 0.00636943 0
57.4102 282.876 0.0994764 0
55.9595 370.571 0.00892857 0
23.3878 353.052 0.12426 0
57.4102 282.876 0.0555556 0
57.4102 282.876 0.13245 0
57.4102 282.876 0.0784314 0
57.4102 282.876 0.0432432 0
57.4102 282.876 0.0994764 0
57.4102 282.876 0.0362319 0
1.78798 87.6956 0.0512821 1
35.7451 65.0077 0.212644 1
47.3377 338.77 0.00826446 0
51.3954 259.329 0.00847458 0
18.0095 349.45 0.225806 1
47.3804 338.414 0.0373134 0
47.3804 338.414 0.145038 0
47.3804 338.414 0.00826446 0
60.3904 71.5339 0.046875 0
47.3804 338.414 0.0769231 0
10.1018 59.9514 0.156522 1
24.5586 66.9721 0.0714286 0
45.6406 74.3245 0.016 0
19.0308 409.948 0.0693069 0
19.0308 409.948 0.125 0
19.0308 409.948 0.0373832 0
64.5401 63.115 0.046875 0
11.669 20.8321 0.126984 1
15.0987 7.55399 0.136842 1
10.683 393.435 0.0444444 0
11.3507 348.545 0.177305 1
3.98445 383.049 0.141509 1
2.99987 46.7075 0.0737705 0
21.2951 364.219 0.0337079 1
8.0439 368.926 0.0642202 1
3.00938 47.1614 0.11 0
36.9541 358.346 0.0487805 1
43.5963 376.495 0.0123457 1
28.0221 380.665 0.0555556 1
17.2382 380.511 0.036036 1
9.7948 384.909 0.0232558 1
3.12147 47.5738 0.280374 0
16.5653 384.174 0.0403226 1
13.25 387.049 0.00621118 1
21.6699 383.383 0.0642857 1
25.8 379.287 0.341085 1
8.11997 383.424 0.00492611 1
15.9413 379.335 0.0121212 1
16.3056 379.932 0.00561798 1
8.56384 380.169 0.0386266 1
22.4058 366.52 0.0106952 1
7.48314 329.885 0.0982143 1
28.2323 362.773 0.268817 1
30.8199 315.477 0.0797101 1
31.3672 382.638 0.0703125 1
24.3571 380.892 0.00862069 1
10.9065 370.38 0.00689655 1
32.0234 381.15 0.236559 1
17.1172 371.725 0.0863309 1
8.77525 377.909 0.00704225 1
29.8172 266.577 0.038961 0
14.8278 359.324 0.0462963 1
29.8082 266.486 0.038961 0
29.1853 493.038 0.0384615 1
11.6018 574.959 0.0289855 1
17.2646 566.926 0.235849 1
55.6337 548.169 0.0914286 1
86.8907 585.169 0.0843373 1
33.268 388.438 0.111111 0
33.268 388.438 0.0446429 0
33.268 388.438 0.107843 0
33.268 388.438 0.0934579 0
33.268 388.438 0.111111 0
33.268 388.438 0.0446429 0
20.7971 5.51525 0.272727 1
46.567 347.465 0.0165289 0
46.567 347.465 0.103175 0
46.567 347.465 0.0900901 0
46.567 347.465 0.00636943 0
46.567 347.465 0.118182 0
51.4386 258.974 0.0362319 0
46.567 347.465 0.118182 0
51.4386 258.974 0.118644 0
51.4386 258.974 0.00892857 0
51.4386 258.974 0.118644 0
51.4386 258.974 0.12426 0
51.4386 258.974 0.00847458 0
51.4386 258.974 0.165354 0
51.6041 346.833 0.0769231 0
51.4386 258.974 0.165354 0
51.6041 346.833 0.149425 0
51.6041 346.833 0.149425 0
24.5586 66.9721 0.173913 0
24.5586 66.9721 0.0714286 0
24.5586 66.9721 0.173913 0
26.6153 361.711 0.316456 1
49.8491 294.698 0.016 0
26.2546 377.549 0.25 1
11.4788 236.174 0.128205 0
11.4788 236.174 0.128205 0
46.0188 327.954 0.030303 0
46.0188 327.954 0.0380435 0
46.0188 327.954 0.047619 0
46.0188 327.954 0.0318471 0
46.0188 327.954 0.030303 0
46.0188 327.954 0.047619 0
46.0188 327.954 0.00740741 0
82.1096 656.193 0.152941 0
82.1096 656.193 0.00740741 0
82.1096 656.193 0.0193548 0
82.1096 656.193 0.152941 0
82.1096 656.193 0.00740741 0
38.0648 380.484 0.0126582 0
38.0648 380.484 0.0909091 0
38.0648 380.484 0.0126582 0
38.0648 380.484 0.0909091 0
11.4788 236.174 0.0666667 0
11.4788 236.174 0.0666667 0
84.1472 362.117 0.238095 0
84.1472 362.117 0.0612245 0
84.1472 362.117 0.0447761 0
84.1472 362.117 0.0647482 0
77.0564 337.579 0.0135135 0
77.0564 337.579 0.00724638 0
46.0188 327.954 0.00740741 0
46.0188 327.954 0.15508 0
46.0188 327.954 0.0380435 0
46.0188 327.954 0.0318471 0
46.0188 327.954 0.15508 0
46.0188 327.954 0.0452261 0
82.1096 656.193 0.00568182 0
82.1096 656.193 0.0196078 0
82.1096 656.193 0.0193548 0
82.1096 656.193 0.00568182 0
82.1096 656.193 0.0121951 0
38.0648 380.484 0.00900901 0
38.0648 380.484 0.296296 0
38.0648 380.484 0.00900901 0
38.0648 380.484 0.260504 0
38.0648 380.484 0.296296 0
38.0648 380.484 0.0603448 0
11.4788 236.174 0.0588235 0
84.1472 362.117 0.238095 0
84.1472 362.117 0.0142857 0
84.1472 362.117 0.0612245 0
84.1472 362.117 0.0447761 0
84.1472 362.117 0.0647482 0
84.1472 362.117 0.0446429 0
77.0564 337.579 0.396694 0
77.0564 337.579 0.018018 0
77.0564 337.579 0.079646 0
77.0564 337.579 0.0135135 0
77.0564 337.579 0.396694 0
77.0564 337.579 0.00724638 0
77.0564 337.579 0.018018 0
77.0564 337.579 0.0884956 0
46.0188 327.954 0.0452261 0
46.0188 327.954 0.00671141 0
82.1096 656.193 0.0121951 0
82.1096 656.193 0.0777778 0
82.1096 656.193 0.00806452 0
82.1096 656.193 0.0196078 0
82.1096 656.193 0.0777778 0
82.1096 656.193 0.114094 0
82.1096 656.193 0.010989 0
38.0648 380.484 0.260504 0
38.0648 380.484 0.0603448 0
38.0648 380.484 0.030303 0
38.0648 380.484 0.00649351 0
38.0648 380.484 0.030303 0
38.0648 380.484 0.0118343 0
38.0648 380.484 0.346821 0
11.4788 236.174 0.0588235 0
11.4788 236.174 0.0531915 0
11.4788 236.174 0.0531915 0
11.4788 236.174 0.0645161 0
84.1472 362.117 0.039604 0
7.20524 24.5386 0.205882 0
7.20524 24.5386 0.111111 0
84.1472 362.117 0.0142857 0
84.1472 362.117 0.0446429 0
84.1472 362.117 0.039604 0
77.0564 337.579 0.172414 0
77.0564 337.579 0.0782609 0
77.0564 337.579 0.0991736 0
77.0564 337.579 0.431193 0
77.0564 337.579 0.079646 0
77.0564 337.579 0.172414 0
77.0564 337.579 0.431193 0
77.0564 337.579 0.0390625 0
77.0564 337.579 0.0884956 0
77.0564 337.579 0.0390625 0
77.0564 337.579 0.16129 0
77.0564 337.579 0.0364963 0
77.0564 337.579 0.0597015 0
77.0564 337.579 0.0737705 0
46.0188 327.954 0.00671141 0
46.0188 327.954 0.180328 0
46.0188 327.954 0.0104167 0
46.0188 327.954 0.180328 0
46.0188 327.954 0.0104167 0
82.1096 656.193 0.114094 0
82.1096 656.193 0.010989 0
82.1096 656.193 0.0382514 0
82.1096 656.193 0.020979 0
82.1096 656.193 0.0181818 0
82.1096 656.193 0.00806452 0
82.1096 656.193 0.0382514 0
38.0648 380.484 0.0118343 0
38.0648 380.484 0.346821 0
38.0648 380.484 0.0827586 0
38.0648 380.484 0.0185185 0
38.0648 380.484 0.0888889 0
38.0648 380.484 0.00735294 0
38.0648 380.484 0.0827586 0
38.0648 380.484 0.00649351 0
11.4788 236.174 0.0645161 0
11.4788 236.174 0.0238095 0
11.4788 236.174 0.0238095 0
11.4788 236.174 0.04 0
11.4788 236.174 0.174757 0
77.0564 337.579 0.15 0
77.0564 337.579 0.0119048 0
77.0564 337.579 0.144578 0
7.20524 24.5386 0.205882 0
77.0564 337.579 0.0782609 0
77.0564 337.579 0.15 0
7.20524 24.5386 0.111111 0
77.0564 337.579 0.0991736 0
1.93215 91.8499 0.00854701 0
77.0564 337.579 0.16129 0
1.93215 91.8499 0.00826446 0
77.0564 337.579 0.0364963 0
77.0564 337.579 0.0597015 0
77.0564 337.579 0.0737705 0
1.93215 91.8499 0.0327869 0
77.0564 337.579 0.00645161 0
46.0188 327.954 0.037037 0
46.0188 327.954 0.0472973 0
46.0188 327.954 0.0465116 0
82.1096 656.193 0.020979 0
82.1096 656.193 0.184211 0
82.1096 656.193 0.00740741 0
82.1096 656.193 0.0181818 0
82.1096 656.193 0.0147059 0
38.0648 380.484 0.0184332 0
38.0648 380.484 0.0185185 0
38.0648 380.484 0.0888889 0
38.0648 380.484 0.0184332 0
38.0648 380.484 0.00735294 0
11.4788 236.174 0.04 0
11.4788 236.174 0.174757 0
11.4788 236.174 0.216 0
11.4788 236.174 0.0789474 0
11.4788 236.174 0.0153846 0
11.4788 236.174 0.216 0
11.4788 236.174 0.0168067 0
11.4788 236.174 0.0789474 0
77.0564 337.579 0.0119048 0
44.8809 14.2119 0.0144928 0
44.8809 14.2119 0.0526316 0
77.0564 337.579 0.144578 0
44.8809 14.2119 0.00775194 0
1.93215 91.8499 0.135922 0
1.93215 91.8499 0.00854701 0
1.93215 91.8499 0.00826446 0
1.93215 91.8499 0.0327869 0
1.93215 91.8499 0.135922 0
1.93215 91.8499 0.12844 0
1.93215 91.8499 0.047619 0
1.93215 91.8499 0.268293 0
1.93215 91.8499 0.12844 0
77.0564 337.579 0.258333 0
77.0564 337.579 0.00645161 0
46.0188 327.954 0.00526316 0
46.0188 327.954 0.00714286 0
46.0188 327.954 0.175258 0
46.0188 327.954 0.037037 0
46.0188 327.954 0.0472973 0
46.0188 327.954 0.00526316 0
46.0188 327.954 0.0465116 0
82.1096 656.193 0.184211 0
82.1096 656.193 0.00740741 0
82.1096 656.193 0.0147059 0
38.0648 380.484 0.0307692 0
38.0648 380.484 0.0851064 0
38.0648 380.484 0.00595238 0
11.4788 236.174 0.0168067 0
11.4788 236.174 0.0272727 0
11.4788 236.174 0.0353982 0
11.4788 236.174 0.0153846 0
44.8809 14.2119 0.0144928 0
44.8809 14.2119 0.0526316 0
44.8809 14.2119 0.00775194 0
44.8809 14.2119 0.212389 0
1.93215 91.8499 0.047619 0
1.93215 91.8499 0.268293 0
77.0564 337.579 0.0166667 0
77.0564 337.579 0.258333 0
77.0564 337.579 0.0166667 0
77.0564 337.579 0.0952381 0
46.0188 327.954 0.00714286 0
46.0188 327.954 0.175258 0
46.0188 327.954 0.0172414 0
46.0188 327.954 0.00869565 0
46.0188 327.954 0.0957447 0
82.1096 656.193 0.2 0
82.1096 656.193 0.025974 0
38.0648 380.484 0.0285714 0
38.0648 380.484 0.0368421 0
38.0648 380.484 0.0851064 0
38.0648 380.484 0.0285714 0
38.0648 380.484 0.100559 0
38.0648 380.484 0.0307692 0
38.0648 380.484 0.00595238 0
38.0648 380.484 0.0368421 0
11.4788 236.174 0.0272727 0
11.4788 236.174 0.192661 0
11.4788 236.174 0.0353982 0
44.8809 14.2119 0.212389 0
36.141 93.6955 0.221154 0
77.0564 337.579 0.0952381 0
77.0564 337.579 0.00787402 0
77.0564 337.579 0.0291971 0
77.0564 337.579 0.00787402 0
46.0188 327.954 0.0172414 0
44.013 410.872 0.00925926 0
46.0188 327.954 0.00869565 0
46.0188 327.954 0.0957447 0
46.0188 327.954 0.165354 0
82.1096 656.193 0.2 0
82.1096 656.193 0.025974 0
38.0648 380.484 0.100559 0
38.0648 380.484 0.0301205 0
38.0648 380.484 0.0301205 0
38.0648 380.484 0.00653595 0
38.0648 380.484 0.0264901 0
38.0648 380.484 0.280303 0
38.0648 380.484 0.130769 0
38.0648 380.484 0.0394737 0
11.4788 236.174 0.192661 0
36.141 93.6955 0.221154 0
36.141 93.6955 0.0131579 0
36.141 93.6955 0.0733945 0
36.141 93.6955 0.0283019 0
36.141 93.6955 0.0131579 0
77.0564 337.579 0.0227273 0
77.0564 337.579 0.0212766 0
77.0564 337.579 0.0827068 0
77.0564 337.579 0.0291971 0
77.0564 337.579 0.0227273 0
46.0188 327.954 0.00666667 0
44.013 410.872 0.00925926 0
2.77659 82.9179 0.0756303 0
44.013 410.872 0.270492 0
44.013 410.872 0.0153846 0
44.013 410.872 0.115385 0
46.0188 327.954 0.00735294 0
46.0188 327.954 0.0432099 0
46.0188 327.954 0.165354 0
46.0188 327.954 0.00666667 0
2.77659 82.9179 0.0756303 0
46.0188 327.954 0.0920245 0
46.0188 327.954 0.0877193 0
82.1096 656.193 0.054878 0
82.1096 656.193 0.054878 0
38.0648 380.484 0.00653595 0
38.0648 380.484 0.280303 0
38.0648 380.484 0.0264901 0
38.0648 380.484 0.130769 0
38.0648 380.484 0.0394737 0
38.0648 380.484 0.0125 0
38.0648 380.484 0.0125 0
38.0648 380.484 0.261905 0
11.4788 236.174 0.0300752 0
77.0564 337.579 0.140187 0
77.0564 337.579 0.05 0
77.0564 337.579 0.151261 0
77.0564 337.579 0.0210526 0
36.141 93.6955 0.0733945 0
77.0564 337.579 0.00787402 0
77.0564 337.579 0.206452 0
36.141 93.6955 0.0283019 0
77.0564 337.579 0.0212766 0
77.0564 337.579 0.0827068 0
77.0564 337.579 0.297101 0
36.3606 328.238 0.00657895 0
36.3606 328.238 0.0229008 0
44.013 410.872 0.270492 0
46.0188 327.954 0.0920245 0
44.013 410.872 0.0153846 0
46.0188 327.954 0.00884956 0
36.3606 328.238 0.019802 0
36.3606 328.238 0.0875 0
46.0188 327.954 0.00735294 0
46.0188 327.954 0.197368 0
36.3606 328.238 0.0142857 0
36.3606 328.238 0.00840336 0
36.3606 328.238 0.0984849 0
36.3606 328.238 0.0325203 0
44.013 410.872 0.115385 0
46.0188 327.954 0.0432099 0
46.0188 327.954 0.0877193 0
46.0188 327.954 0.230337 0
36.3606 328.238 0.0137931 0
36.3606 328.238 0.0126582 0
46.0188 327.954 0.00884956 0
46.0188 327.954 0.197368 0
46.0188 327.954 0.230337 0
82.1096 656.193 0.136364 0
82.1096 656.193 0.0613497 0
38.0648 380.484 0.00724638 0
38.0648 380.484 0.0508475 0
38.0648 380.484 0.261905 0
38.0648 380.484 0.243056 0
38.0648 380.484 0.0231214 0
11.4788 236.174 0.235955 0
11.4788 236.174 0.0300752 0
11.4788 236.174 0.0652174 0
77.0564 337.579 0.140187 0
77.0564 337.579 0.05 0
77.0564 337.579 0.151261 0
77.0564 337.579 0.0210526 0
77.0564 337.579 0.00787402 0
77.0564 337.579 0.206452 0
77.0564 337.579 0.178571 0
77.0564 337.579 0.00588235 0
77.0564 337.579 0.0465116 0
77.0564 337.579 0.0865385 0
77.0564 337.579 0.0695652 0
77.0564 337.579 0.297101 0
77.0564 337.579 0.0847458 0
77.0564 337.579 0.0852713 0
36.3606 328.238 0.0526316 0
36.3606 328.238 0.0178571 0
36.3606 328.238 0.00657895 0
36.3606 328.238 0.019802 0
36.3606 328.238 0.0142857 0
36.3606 328.238 0.0526316 0
36.3606 328.238 0.0246914 0
36.3606 328.238 0.04375 0
36.3606 328.238 0.0229008 0
36.3606 328.238 0.0875 0
36.3606 328.238 0.00840336 0
36.3606 328.238 0.0137931 0
36.3606 328.238 0.0178571 0
36.3606 328.238 0.0070922 0
36.3606 328.238 0.0984849 0
36.3606 328.238 0.0126582 0
82.1096 656.193 0.136364 0
36.3606 328.238 0.0325203 0
82.1096 656.193 0.0613497 0
38.0648 380.484 0.171598 0
38.0648 380.484 0.0151515 0
38.0648 380.484 0.0386473 0
38.0648 380.484 0.00724638 0
38.0648 380.484 0.0508475 0
38.0648 380.484 0.243056 0
38.0648 380.484 0.171598 0
38.0648 380.484 0.0178571 0
38.0648 380.484 0.0231214 0
38.0648 380.484 0.0151515 0
11.4788 236.174 0.0652174 0
11.4788 236.174 0.235955 0
11.4788 236.174 0.0210526 0
11.4788 236.174 0.10989 0
11.4788 236.174 0.0210526 0
77.0564 337.579 0.178571 0
77.0564 337.579 0.00588235 0
77.0564 337.579 0.0465116 0
77.0564 337.579 0.0865385 0
77.0564 337.579 0.0847458 0
77.0564 337.579 0.0695652 0
77.0564 337.579 0.0852713 0
36.3606 328.238 0.0246914 0
36.3606 328.238 0.0070922 0
36.3606 328.238 0.00847458 0
36.3606 328.238 0.04375 0
36.3606 328.238 0.00862069 0
36.3606 328.238 0.00694444 0
36.3606 328.238 0.00847458 0
36.3606 328.238 0.00862069 0
36.3606 328.238 0.254098 0
38.0648 380.484 0.0178571 0
38.0648 380.484 0.0386473 0
38.0648 380.484 0.0265957 0
38.0648 380.484 0.0208333 0
38.0648 380.484 0.00653595 0
11.4788 236.174 0.10989 0
36.3606 328.238 0.034188 0
36.3606 328.238 0.254098 0
36.3606 328.238 0.0666667 0
36.3606 328.238 0.0263158 0
36.3606 328.238 0.00694444 0
36.3606 328.238 0.0666667 0
38.0648 380.484 0.0265957 0
38.0648 380.484 0.0208333 0
38.0648 380.484 0.00653595 0
38.0648 380.484 0.038961 0
38.0648 380.484 0.0335196 0
38.0648 380.484 0.038961 0
38.0648 380.484 0.0297619 0
11.4788 236.174 0.00813008 0
11.4788 236.174 0.10219 0
11.4788 236.174 0.00813008 0
11.4788 236.174 0.097561 0
11.4788 236.174 0.10219 0
11.4788 236.174 0.00729927 0
65.54 366.016 0.222222 0
36.3606 328.238 0.0804598 0
36.3606 328.238 0.0338983 0
36.3606 328.238 0.034188 0
36.3606 328.238 0.0263158 0
36.3606 328.238 0.0804598 0
36.3606 328.238 0.178571 0
36.3606 328.238 0.00719424 0
36.3606 328.238 0.0060241 0
38.0648 380.484 0.0297619 0
38.0648 380.484 0.0106952 0
38.0648 380.484 0.0310881 0
38.0648 380.484 0.00625 0
38.0648 380.484 0.0106952 0
38.0648 380.484 0.0777778 0
38.0648 380.484 0.0335196 0
38.0648 380.484 0.0310881 0
38.0648 380.484 0.0430108 0
11.4788 236.174 0.097561 0
11.4788 236.174 0.00729927 0
11.4788 236.174 0.147826 0
11.4788 236.174 0.0774194 0
11.4788 236.174 0.0294118 0
11.4788 236.174 0.0123457 0
11.4788 236.174 0.147826 0
11.4788 236.174 0.0774194 0
65.54 366.016 0.027027 0
65.54 366.016 0.222222 0
65.54 366.016 0.0629921 0
65.54 366.016 0.0629921 0
65.54 366.016 0.00847458 0
65.54 366.016 0.0173913 0
36.3606 328.238 0.178571 0
36.3606 328.238 0.00719424 0
36.3606 328.238 0.0060241 0
36.3606 328.238 0.216374 0
36.3606 328.238 0.0342466 0
36.3606 328.238 0.0338983 0
36.3606 328.238 0.216374 0
36.3606 328.238 0.155556 0
38.0648 380.484 0.0462428 0
38.0648 380.484 0.0107527 0
38.0648 380.484 0.0424528 0
38.0648 380.484 0.0777778 0
38.0648 380.484 0.0430108 0
38.0648 380.484 0.0718954 0
38.0648 380.484 0.0208333 0
38.0648 380.484 0.00625 0
38.0648 380.484 0.0462428 0
38.0648 380.484 0.0718954 0
11.4788 236.174 0.024 0
11.4788 236.174 0.0294118 0
11.4788 236.174 0.0123457 0
65.54 366.016 0.027027 0
65.54 366.016 0.00847458 0
65.54 366.016 0.186992 0
65.54 366.016 0.00714286 0
65.54 366.016 0.0173913 0
65.54 366.016 0.00729927 0
65.54 366.016 0.0775194 0
48.7295 394.788 0.0484848 0
48.7295 394.788 0.0235294 0
36.3606 328.238 0.0935673 0
36.3606 328.238 0.155556 0
36.3606 328.238 0.232258 0
36.3606 328.238 0.00617284 0
36.3606 328.238 0.222222 0
36.3606 328.238 0.0206897 0
36.3606 328.238 0.0342466 0
36.3606 328.238 0.232258 0
36.3606 328.238 0.00617284 0
38.0648 380.484 0.00787402 0
38.0648 380.484 0.0107527 0
38.0648 380.484 0.00787402 0
38.0648 380.484 0.0337838 0
38.0648 380.484 0.00641026 0
38.0648 380.484 0.0424528 0
38.0648 380.484 0.0208333 0
38.0648 380.484 0.0114943 0
38.0648 380.484 0.032967 0
11.4788 236.174 0.0215827 0
11.4788 236.174 0.0416667 0
11.4788 236.174 0.024 0
11.4788 236.174 0.0215827 0
65.54 366.016 0.186992 0
65.54 366.016 0.00877193 0
65.54 366.016 0.00714286 0
65.54 366.016 0.00729927 0
65.54 366.016 0.0396825 0
65.54 366.016 0.320611 0
65.54 366.016 0.0775194 0
65.54 366.016 0.0396825 0
65.54 366.016 0.0322581 0
65.54 366.016 0.0322581 0
48.7295 394.788 0.267974 0
48.7295 394.788 0.0652174 0
48.7295 394.788 0.0484848 0
48.7295 394.788 0.0235294 0
48.7295 394.788 0.267974 0
48.7295 394.788 0.0552486 0
8.36711 9.78694 0.153846 0
8.36711 9.78694 0.00735294 0
36.3606 328.238 0.0406977 0
56.985 385.001 0.0134228 0
36.3606 328.238 0.0935673 0
36.3606 328.238 0.222222 0
36.3606 328.238 0.0406977 0
36.3606 328.238 0.0635838 0
36.3606 328.238 0.0206897 0
38.0648 380.484 0.0337838 0
38.0648 380.484 0.0114943 0
38.0648 380.484 0.0815217 0
38.0648 380.484 0.00641026 0
38.0648 380.484 0.032967 0
38.0648 380.484 0.09375 0
38.0648 380.484 0.0429448 0
38.0648 380.484 0.0419162 0
11.4788 236.174 0.161074 0
11.4788 236.174 0.010101 0
11.4788 236.174 0.0416667 0
11.4788 236.174 0.161074 0
11.4788 236.174 0.00653595 0
65.54 366.016 0.00877193 0
65.54 366.016 0.320611 0
65.54 366.016 0.0191083 0
48.7295 394.788 0.0552486 0
65.54 366.016 0.0191083 0
48.7295 394.788 0.0652174 0
8.36711 9.78694 0.153846 0
56.985 385.001 0.0134228 0
56.985 385.001 0.06 0
56.985 385.001 0.030303 0
8.36711 9.78694 0.00735294 0
56.985 385.001 0.00769231 0
36.3606 328.238 0.0635838 0
56.985 385.001 0.06 0
56.985 385.001 0.00769231 0
36.3606 328.238 0.0855263 0
56.985 385.001 0.00740741 0
36.3606 328.238 0.116279 0
36.3606 328.238 0.00534759 0
36.3606 328.238 0.0855263 0
38.0648 380.484 0.0251572 0
38.0648 380.484 0.0815217 0
38.0648 380.484 0.09375 0
38.0648 380.484 0.0251572 0
38.0648 380.484 0.115385 0
38.0648 380.484 0.0112994 0
38.0648 380.484 0.0512821 0
38.0648 380.484 0.205 0
38.0648 380.484 0.0429448 0
38.0648 380.484 0.0419162 0
38.0648 380.484 0.115385 0
38.0648 380.484 0.00869565 0
38.0648 380.484 0.0164835 0
38.0648 380.484 0.00649351 0
38.0648 380.484 0.00869565 0
38.0648 380.484 0.0225564 0
38.0648 380.484 0.0164835 0
38.0648 380.484 0.02 0
11.4788 236.174 0.00653595 0
11.4788 236.174 0.0792079 0
11.4788 236.174 0.010101 0
11.4788 236.174 0.0792079 0
56.985 385.001 0.134921 0
56.985 385.001 0.00740741 0
56.985 385.001 0.134921 0
56.985 385.001 0.188034 0
56.985 385.001 0.0416667 0
56.985 385.001 0.030303 0
56.985 385.001 0.188034 0
36.3606 328.238 0.0333333 0
36.3606 328.238 0.00645161 0
36.3606 328.238 0.116279 0
36.3606 328.238 0.00534759 0
38.0648 380.484 0.10219 0
38.0648 380.484 0.0112994 0
38.0648 380.484 0.0387097 0
38.0648 380.484 0.0512821 0
38.0648 380.484 0.150289 0
38.0648 380.484 0.205 0
38.0648 380.484 0.0225564 0
38.0648 380.484 0.02 0
38.0648 380.484 0.0581395 0
38.0648 380.484 0.123596 0
38.0648 380.484 0.00649351 0
38.0648 380.484 0.0581395 0
56.1392 412.546 0.166667 0
56.1392 412.546 0.166667 0
56.1392 412.546 0.097561 0
56.985 385.001 0.0416667 0
36.3606 328.238 0.10929 0
36.3606 328.238 0.00632911 0
3.56629 52.2457 0.140741 0
36.3606 328.238 0.0333333 0
36.3606 328.238 0.10929 0
38.0648 380.484 0.0698925 0
36.3606 328.238 0.00645161 0
36.3606 328.238 0.00632911 0
38.0648 380.484 0.0248447 0
38.0648 380.484 0.0207254 0
38.0648 380.484 0.248447 0
38.0648 380.484 0.00471698 0
38.0648 380.484 0.0052356 0
38.0648 380.484 0.10219 0
38.0648 380.484 0.0387097 0
38.0648 380.484 0.150289 0
38.0648 380.484 0.123596 0
38.0648 380.484 0.0207254 0
38.0648 380.484 0.248447 0
38.0648 380.484 0.169231 0
38.0648 380.484 0.0175439 0
38.0648 380.484 0.00471698 0
38.0648 380.484 0.101626 0
38.0648 380.484 0.018018 0
11.4788 236.174 0.123377 0
11.4788 236.174 0.123377 0
11.4788 236.174 0.00595238 0
56.1392 412.546 0.097561 0
3.56629 52.2457 0.125 0
3.56629 52.2457 0.0946746 0
3.56629 52.2457 0.140741 0
38.0648 380.484 0.0698925 0
38.0648 380.484 0.0248447 0
38.0648 380.484 0.0851064 0
38.0648 380.484 0.00613497 0
38.0648 380.484 0.0851064 0
38.0648 380.484 0.34 0
38.0648 380.484 0.00613497 0
38.0648 380.484 0.035503 0
38.0648 380.484 0.0142857 0
38.0648 380.484 0.0384615 0
38.0648 380.484 0.029703 0
38.0648 380.484 0.00847458 0
38.0648 380.484 0.252174 0
38.0648 380.484 0.01 0
38.0648 380.484 0.169231 0
38.0648 380.484 0.101626 0
38.0648 380.484 0.0888889 0
38.0648 380.484 0.0422535 0
38.0648 380.484 0.0405405 0
38.0648 380.484 0.0175439 0
38.0648 380.484 0.018018 0
38.0648 380.484 0.039801 0
38.0648 380.484 0.148148 0
38.0648 380.484 0.131313 0
38.0648 380.484 0.0052356 0
38.0648 380.484 0.0888889 0
38.0648 380.484 0.039801 0
38.0648 380.484 0.00520833 0
11.4788 236.174 0.0707071 0
11.4788 236.174 0.00595238 0
11.4788 236.174 0.340909 0
11.4788 236.174 0.108844 0
11.4788 236.174 0.0707071 0
11.4788 236.174 0.340909 0
3.56629 52.2457 0.0625 0
3.56629 52.2457 0.0802469 0
3.56629 52.2457 0.125 0
3.56629 52.2457 0.0946746 0
38.0648 380.484 0.34 0
38.0648 380.484 0.035503 0
38.0648 380.484 0.00847458 0
38.0648 380.484 0.0142857 0
38.0648 380.484 0.0384615 0
38.0648 380.484 0.00847458 0
38.0648 380.484 0.0224719 0
38.0648 380.484 0.00847458 0
38.0648 380.484 0.0224719 0
38.0648 380.484 0.00869565 0
38.0648 380.484 0.046729 0
38.0648 380.484 0.162162 0
38.0648 380.484 0.106061 0
38.0648 380.484 0.263158 0
38.0648 380.484 0.029703 0
38.0648 380.484 0.252174 0
38.0648 380.484 0.01 0
38.0648 380.484 0.162162 0
38.0648 380.484 0.0506329 0
38.0648 380.484 0.0506329 0
38.0648 380.484 0.0416667 0
38.0648 380.484 0.0625 0
38.0648 380.484 0.0327869 0
38.0648 380.484 0.0181818 0
38.0648 380.484 0.00520833 0
38.0648 380.484 0.122222 0
38.0648 380.484 0.26455 0
38.0648 380.484 0.0229008 0
38.0648 380.484 0.0422535 0
38.0648 380.484 0.148148 0
38.0648 380.484 0.122222 0
38.0648 380.484 0.0405405 0
38.0648 380.484 0.131313 0
38.0648 380.484 0.26455 0
11.4788 236.174 0.0538462 0
11.4788 236.174 0.027027 0
11.4788 236.174 0.0538462 0
11.4788 236.174 0.027027 0
11.4788 236.174 0.259494 0
11.4788 236.174 0.108844 0
11.4788 236.174 0.0211268 0
3.56629 52.2457 0.0214286 0
3.56629 52.2457 0.0130719 0
3.56629 52.2457 0.0802469 0
3.56629 52.2457 0.0214286 0
3.56629 52.2457 0.00632911 0
3.56629 52.2457 0.0625 0
3.56629 52.2457 0.0130719 0
3.56629 52.2457 0.00699301 0
3.56629 52.2457 0.146199 0
38.0648 380.484 0.00869565 0
38.0648 380.484 0.046729 0
38.0648 380.484 0.106061 0
38.0648 380.484 0.263158 0
38.0648 380.484 0.0416667 0
38.0648 380.484 0.0625 0
38.0648 380.484 0.0327869 0
38.0648 380.484 0.010989 0
38.0648 380.484 0.0181818 0
38.0648 380.484 0.0759494 0
38.0648 380.484 0.010989 0
38.0648 380.484 0.0759494 0
38.0648 380.484 0.109091 0
38.0648 380.484 0.0666667 0
38.0648 380.484 0.047619 0
38.0648 380.484 0.017094 0
38.0648 380.484 0.00961538 0
38.0648 380.484 0.03125 0
38.0648 380.484 0.180952 0
38.0648 380.484 0.247423 0
38.0648 380.484 0.0674157 0
38.0648 380.484 0.0229008 0
38.0648 380.484 0.00961538 0
38.0648 380.484 0.180952 0
11.4788 236.174 0.259494 0
11.4788 236.174 0.0211268 0
11.4788 236.174 0.00917431 0
11.4788 236.174 0.00917431 0
3.56629 52.2457 0.00699301 0
3.56629 52.2457 0.0677966 0
3.56629 52.2457 0.0243902 0
3.56629 52.2457 0.00632911 0
3.56629 52.2457 0.146199 0
3.56629 52.2457 0.0331126 0
3.56629 52.2457 0.0824742 0
3.56629 52.2457 0.252525 0
3.56629 52.2457 0.0327869 0
3.56629 52.2457 0.0824742 0
38.0648 380.484 0.109091 0
38.0648 380.484 0.0666667 0
38.0648 380.484 0.047619 0
38.0648 380.484 0.091954 0
38.0648 380.484 0.017094 0
38.0648 380.484 0.0166667 0
38.0648 380.484 0.091954 0
38.0648 380.484 0.0166667 0
38.0648 380.484 0.221239 0
38.0648 380.484 0.0608696 0
38.0648 380.484 0.0194175 0
38.0648 380.484 0.0123457 0
38.0648 380.484 0.0707071 0
38.0648 380.484 0.175824 0
38.0648 380.484 0.0192308 0
38.0648 380.484 0.03125 0
38.0648 380.484 0.247423 0
38.0648 380.484 0.0123457 0
38.0648 380.484 0.0707071 0
38.0648 380.484 0.0555556 0
38.0648 380.484 0.0674157 0
38.0648 380.484 0.175824 0
11.4788 236.174 0.0652174 0
11.4788 236.174 0.0403226 0
11.4788 236.174 0.0652174 0
11.4788 236.174 0.256637 0
11.4788 236.174 0.00657895 0
11.4788 236.174 0.0534351 0
3.56629 52.2457 0.21875 0
3.56629 52.2457 0.0677966 0
3.56629 52.2457 0.0243902 0
3.56629 52.2457 0.0331126 0
3.56629 52.2457 0.252525 0
3.56629 52.2457 0.0327869 0
38.0648 380.484 0.221239 0
38.0648 380.484 0.0608696 0
38.0648 380.484 0.0194175 0
38.0648 380.484 0.0555556 0
38.0648 380.484 0.034188 0
38.0648 380.484 0.0210526 0
38.0648 380.484 0.143939 0
38.0648 380.484 0.034188 0
38.0648 380.484 0.0192308 0
38.0648 380.484 0.0210526 0
11.4788 236.174 0.256637 0
11.4788 236.174 0.00657895 0
11.4788 236.174 0.0534351 0
11.4788 236.174 0.0545455 0
11.4788 236.174 0.039604 0
11.4788 236.174 0.0403226 0
11.4788 236.174 0.0545455 0
51.4386 258.974 0.29 0
3.56629 52.2457 0.21875 0
3.56629 52.2457 0.013986 0
3.56629 52.2457 0.0215827 0
3.56629 52.2457 0.180451 0
38.0648 380.484 0.143939 0
11.4788 236.174 0.0261438 0
11.4788 236.174 0.039604 0
51.4386 258.974 0.0215054 0
51.4386 258.974 0.29 0
51.4386 258.974 0.0215054 0
51.4386 258.974 0.0108696 0
3.56629 52.2457 0.0243902 0
3.56629 52.2457 0.0204082 0
3.56629 52.2457 0.0204082 0
3.56629 52.2457 0.310345 0
3.56629 52.2457 0.0243902 0
3.56629 52.2457 0.013986 0
3.56629 52.2457 0.0215827 0
3.56629 52.2457 0.180451 0
3.56629 52.2457 0.0204082 0
3.56629 52.2457 0.00666667 0
3.56629 52.2457 0.0740741 0
3.56629 52.2457 0.148936 0
3.56629 52.2457 0.0763359 0
11.4788 236.174 0.144144 0
11.4788 236.174 0.0625 0
11.4788 236.174 0.0261438 0
11.4788 236.174 0.144144 0
51.4386 258.974 0.0818182 0
51.4386 258.974 0.18254 0
51.4386 258.974 0.0384615 0
51.4386 258.974 0.0108696 0
51.4386 258.974 0.18254 0
51.4386 258.974 0.030303 0
51.6041 346.833 0.150538 0
51.4386 258.974 0.034188 0
51.6041 346.833 0.00900901 0
3.56629 52.2457 0.0204082 0
3.56629 52.2457 0.00666667 0
3.56629 52.2457 0.310345 0
3.56629 52.2457 0.0740741 0
3.56629 52.2457 0.148936 0
3.56629 52.2457 0.0763359 0
3.56629 52.2457 0.156463 0
11.4788 236.174 0.0693069 0
11.4788 236.174 0.0625 0
11.4788 236.174 0.0693069 0
51.4386 258.974 0.0555556 0
51.4386 258.974 0.0818182 0
51.4386 258.974 0.0384615 0
51.4386 258.974 0.23301 0
51.4386 258.974 0.13245 0
51.4386 258.974 0.030303 0
51.4386 258.974 0.034188 0
51.4386 258.974 0.23301 0
51.4386 258.974 0.0784314 0
51.6041 346.833 0.0373134 0
51.6041 346.833 0.150538 0
51.6041 346.833 0.00900901 0
51.6041 346.833 0.09375 0
51.6041 346.833 0.09375 0
51.6041 346.833 0.145038 0
3.56629 52.2457 0.0693069 0
3.56629 52.2457 0.125 0
3.56629 52.2457 0.0373832 0
3.56629 52.2457 0.0444444 0
3.56629 52.2457 0.0737705 0
3.56629 52.2457 0.156463 0
3.56629 52.2457 0.0583333 0
3.56629 52.2457 0.0583333 0
3.56629 52.2457 0.00847458 0
3.56629 52.2457 0.11 0
3.56629 52.2457 0.00847458 0
3.56629 52.2457 0.075 0
3.56629 52.2457 0.075 0
3.56629 52.2457 0.280374 0
46.567 347.465 0.107843 0
46.567 347.465 0.0165289 0
46.567 347.465 0.0934579 0
46.567 347.465 0.103175 0
46.567 347.465 0.0900901 0
51.4386 258.974 0.0432432 0
46.567 347.465 0.00636943 0
51.4386 258.974 0.0994764 0
51.4386 258.974 0.00892857 0
51.4386 258.974 0.12426 0
51.4386 258.974 0.0555556 0
51.4386 258.974 0.13245 0
51.4386 258.974 0.0784314 0
51.4386 258.974 0.0432432 0
51.4386 258.974 0.0994764 0
51.4386 258.974 0.0362319 0
51.6041 346.833 0.00826446 0
51.4386 258.974 0.00847458 0
51.6041 346.833 0.0373134 0
51.6041 346.833 0.145038 0
51.6041 346.833 0.00826446 0
49.7932 294.588 0.046875 0
51.6041 346.833 0.0769231 0
49.7932 294.588 0.0714286 0
49.7932 294.588 0.016 0
3.56629 52.2457 0.0693069 0
3.56629 52.2457 0.125 0
3.56629 52.2457 0.0373832 0
49.7932 294.588 0.046875 0
3.56629 52.2457 0.0444444 0
3.56629 52.2457 0.0737705 0
3.56629 52.2457 0.11 0
3.56629 52.2457 0.280374 0
11.4788 236.174 0.038961 0
11.4788 236.174 0.038961 0
46.567 347.465 0.111111 0
46.567 347.465 0.0446429 0
46.567 347.465 0.107843 0
46.567 347.465 0.0934579 0
46.567 347.465 0.111111 0
46.567 347.465 0.0446429 0
46.567 347.465 0.0165289 0
46.567 347.465 0.103175 0
46.567 347.465 0.0900901 0
46.567 347.465 0.00636943 0
46.567 347.465 0.118182 0
51.4386 258.974 0.0362319 0
46.567 347.465 0.118182 0
51.4386 258.974 0.118644 0
51.4386 258.974 0.00892857 0
51.4386 258.974 0.118644 0
51.4386 258.974 0.12426 0
51.4386 258.974 0.00847458 0
51.4386 258.974 0.165354 0
51.6041 346.833 0.0769231 0
51.4386 258.974 0.165354 0
51.6041 346.833 0.149425 0
51.6041 346.833 0.149425 0
49.7932 294.588 0.173913 0
49.7932 294.588 0.0714286 0
49.7932 294.588 0.173913 0
49.7932 294.588 0.016 0
11.4788 236.174 0.128205 0
11.4788 236.174 0.128205 0
