31.8496 27.1486 0.173913 1
3.50642 78.232 0.225806 1
17.0961 83.5438 0.0280374 1
31.0312 84.7346 0.0583942 1
16.7773 99.8637 0.0631068 1
16.3604 94.8748 0.21608 1
6.33352 93.4302 0.00454545 1
19.4317 85.0296 0.470588 1
4.8264 83.4973 0.00657895 1
7.14877 86.7553 0.0728155 1
1.23046 83.994 0.0111732 1
8.20233 78.9713 0.135922 1
2.84996 79.5637 0.0052356 1
11.2969 75.8367 0.206731 1
3.23991 75.4832 0.044843 1
5.06864 72.9079 0.11215 1
9.57215 67.834 0.0141844 1
5.98098 72.141 0.0406977 1
5.43003 70.8831 0.00502513 1
8.05971 67.6455 0.235294 1
1.34042 67.7955 0.00531915 1
10.6992 65.7912 0.25431 1
4.4613 66.5549 0.0594595 1
4.02366 65.218 0.0805085 1
6.7692 65.1575 0.0124481 1
8.29263 63.1355 0.0939227 1
7.39444 63.9927 0.167421 1
10.5212 62.2942 0.0160428 1
1.95666 61.9094 0.0214592 1
3.40304 60.6729 0.0257732 1
6.11952 61.1723 0.097561 1
6.52079 58.8131 0.0177778 1
10.0087 58.9976 0.107623 1
7.35991 56.8099 0.00392157 1
4.83197 58.7349 0.0240385 1
1.41625 56.9274 0.00877193 1
9.05735 56.6738 0.00480769 1
7.43924 56.9654 0.0987654 1
6.35639 54.6935 0.0697674 1
9.44551 54.325 0.0125523 1
4.18637 55.1156 0.0840708 1
6.41722 55.0881 0.0418848 1
7.06154 54.2495 0.0338164 1
3.40818 53.7788 0.12 1
8.87815 53.0051 0.0241935 1
4.05471 53.0429 0.219653 1
6.60997 53.5877 0.0169492 1
8.88191 51.3085 0.0194175 1
7.94072 51.0795 0.0728155 1
2.98194 51.9891 0.00581395 1
4.13566 50.3705 0.0456621 1
8.57343 49.0992 0.0116959 1
4.79482 50.4041 0.00414938 1
3.7492 46.4922 0.180769 1
2.76306 46.5928 0.0278884 1
5.04655 47.6503 0.0282686 1
6.79058 43.9061 0.285714 1
4.62317 38.6444 0.0945946 1
30.6564 19.3334 0.00847458 1
14.9279 45.8751 0.293233 1
200.584 4.13751 0.0434783 0
162.719 16.009 0.0194175 0
102.676 2.71344 0.310345 0
193.08 11.6339 0.0102041 0
26.0789 28.8769 0.0612245 1
138.547 37.0337 0.030303 0
200.325 7.6196 0.0434783 0
39.047 20.1465 0.161905 1
82.5182 121.3 0.166667 1
15.7264 161.224 0.13 1
46.3925 111.586 0.029703 1
177.2 222.046 0.0194175 0
60.9736 212.157 0.116505 1
91.5264 302.986 0.122222 1
59.4782 453.845 0.045977 1
115.909 447.197 0.0606061 1
94.4791 663.112 0.0574713 1
123.798 703.82 0.00826446 1
2.08161 686.841 0.0823529 1
60.8251 735.584 0.16129 1
109.461 787.915 0.0728477 1
84.019 836.449 0.0841122 1
10.7836 47.9211 0.119266 1
2.71556 56.2712 0.0326797 1
2.60712 56.2094 0.023622 1
1.24036 57.2457 0.025974 1
4.63964 55.4802 0.00537634 1
8.40831 53.7958 0.00552486 1
9.07535 55.7966 0.00490196 1
9.89695 57.0983 0.00913242 1
7.6668 56.483 0.109375 1
2.72007 56.2102 0.038835 1
4.69467 55.2132 0.0112994 1
4.24334 56.1658 0.0218341 1
1.96176 55.2262 0.010929 1
5.01762 54.9419 0.0347826 1
9.73209 55.7365 0.0347222 1
1.60354 55.8923 0.00421941 1
4.81663 55.0589 0.0105634 1
8.82933 55.0056 0.00540541 1
7.85285 54.6827 0.195266 1
3.3018 53.3045 0.077821 1
7.55361 51.431 0.0171674 1
72.6119 795.715 0.310345 0
72.6119 795.715 0.0151515 0
72.6119 795.715 0.0102041 0
72.6119 795.715 0.00943396 0
10.0151 830.89 0.252747 1
61.4436 826.567 0.0188679 1
46.6791 832.144 0.0865385 1
11.8437 804.92 0.0333333 1
29.6954 807.113 0.038835 1
38.3268 766.856 0.0225564 1
61.3262 816.457 0.153465 1
65.778 808.552 0.0288462 1
22.0576 44.7909 0.00833333 1
8.89475 48.6773 0.164384 1
18.129 48.8072 0.136364 1
4.40375 53.4462 0.0175439 1
5.38744 53.853 0.236686 1
4.90039 54.2404 0.0802139 1
2.73603 52.8756 0.0188679 1
3.77171 51.2125 0.00591716 1
0.959911 53.5601 0.0375587 1
3.29324 55.3433 0.0469484 1
5.23737 54.1455 0.015 1
4.42355 53.1925 0.0669643 1
3.27757 52.6133 0.0611354 1
5.52301 52.6324 0.0194175 1
7.3038 53.5255 0.227468 1
0.409145 52.5771 0.0392157 1
4.75816 53.809 0.00983607 1
7.20281 52.1935 0.0221239 1
6.55843 52.5822 0.0232558 1
3.42046 51.89 0.00793651 1
5.48108 50.4855 0.0125 1
1.44698 44.359 0.00813008 1
1.45439 51.5696 0.0119522 1
4.81164 41.6716 0.0826087 1
15.9574 44.5817 0.00578035 1
54.1121 753.703 0.0151515 0
54.1121 753.703 0.00943396 0
54.1121 753.703 0.140187 0
54.1121 753.703 0.00980392 0
29.7352 43.186 0.0984849 1
53.9067 751.421 0.030303 0
53.9067 751.421 0.140187 0
53.9067 751.421 0.0225564 0
53.9067 751.421 0.00980392 0
53.9067 751.421 0.046875 0
31.8276 802.957 0.0176471 0
53.9067 751.421 0.00787402 0
133.886 740.23 0.0631579 1
103.861 792.91 0.0178571 1
40.9052 854.529 0.0448718 0
70.8354 758.27 0.12381 1
21.7433 817.016 0.11236 1
49.5924 837.781 0.0957447 1
66.688 851.666 0.312849 1
5.81693 50.4474 0.0581395 1
11.9261 51.9246 0.0533333 1
3.97671 53.0952 0.0331126 1
1.50146 50.8126 0.0972222 1
0.854664 53.809 0.012605 1
5.16887 50.785 0.010582 1
7.65447 52.0643 0.112821 1
16.8358 47.5034 0.0143541 1
2.1745 52.2577 0.140845 1
9.82341 52.5451 0.0378788 1
7.02926 51.5623 0.302326 1
2.03491 53.0199 0.059633 1
7.24484 52.4656 0.0229885 1
2.90988 50.6808 0.0218579 1
2.465 51.7603 0.00568182 1
5.87854 47.0476 0.0157068 1
25.5555 25.4327 0.0701754 1
37.6574 37.678 0.0344828 1
22.7983 54.8896 0.125714 1
59.4037 788.009 0.0225564 0
59.4037 788.009 0.046875 0
59.4037 788.009 0.00787402 0
29.8729 52.1846 0.0170455 1
22.4061 53.5778 0.0223881 1
59.0424 785.65 0.0177515 0
19.4125 819.263 0.0190476 0
41.4369 835.828 0.0833333 0
72.6204 801.753 0.0103093 1
122.267 785.776 0.118812 1
24.1937 838.668 0.0277778 0
25.2741 812.352 0.0377358 1
101.972 810.506 0.00877193 1
24.0701 832.078 0.112 1
47.2146 809.409 0.032 1
69.7458 833.898 0.00980392 1
14.6814 57.7549 0.015625 1
7.93872 58.2744 0.0214286 1
8.52306 57.8226 0.0392157 1
5.99713 58.4155 0.0337838 1
11.1 58.2284 0.0060241 1
7.76318 58.1733 0.0993789 1
5.03401 59.9463 0.00471698 1
13.313 55.8145 0.287037 1
8.86683 59.4348 0.027027 1
3.99006 58.9035 0.0431655 1
4.51925 61.3474 0.093617 1
2.41462 57.5442 0.0442478 1
6.35419 59.4089 0.0339806 1
10.5443 58.6138 0.118943 1
3.62889 60.4572 0.253968 1
5.85894 57.6089 0.00320513 1
9.42477 52.9935 0.304348 1
17.6109 48.3836 0.0113636 1
13.4027 48.9573 0.0188679 1
43.8086 51.599 0.129412 1
43.7913 43.9127 0.0375 1
65.1203 53.8265 0.0243902 1
41.919 71.6896 0.00952381 1
51.0818 75.4964 0.06 1
54.7967 75.6952 0.00990099 0
35.4667 81.2194 0.0124224 1
64.0944 765.233 0.0176471 0
64.0944 765.233 0.0448718 0
64.0944 765.233 0.0177515 0
6.39768 78.7374 0.011976 1
16.4423 80.7225 0.2 1
38.7689 64.8368 0.135922 1
63.7632 763.757 0.0190476 0
63.7632 763.757 0.0277778 0
63.7632 763.757 0.0212766 0
60.2252 67.9514 0.212598 0
63.7632 763.757 0.0813954 0
46.2659 78.8731 0.0462963 1
81.6031 67.2524 0.0131579 0
36.3177 63.9843 0.0145985 0
25.8804 48.1015 0.0377358 0
63.5399 761.11 0.0212766 0
18.3441 828.362 0.0365854 1
14.3951 808.991 0.0686275 1
18.3614 89.8329 0.0340909 1
3.78077 94.1103 0.00487805 1
6.57207 89.3724 0.0420168 1
9.45554 91.2605 0.0680628 1
1.57518 93.6186 0.123894 1
5.52073 94.3265 0.00398406 1
2.81038 93.418 0.0502283 1
23.1719 86.4875 0.101266 1
17.2308 93.1476 0.348485 1
6.29721 94.5162 0.00657895 1
9.81422 92.1778 0.0555556 1
21.7221 87.8233 0.161017 1
15.2777 87.8687 0.45283 1
4.12216 93.9118 0.0138249 1
7.34761 92.7076 0.00724638 1
12.2798 95.0786 0.075 1
8.37608 94.8559 0.0592334 1
1.90231 72.2366 0.0119048 1
20.0569 87.9013 0.0967742 1
27.7208 89.1565 0.05 1
31.6634 66.3208 0.0326087 1
61.6496 73.2961 0.154762 1
73.1833 92.6331 0.242857 1
52.6017 97.9572 0.158273 0
52.6017 97.9572 0.272727 0
22.4004 93.4935 0.0416667 0
22.4004 93.4935 0.0133333 0
13.3408 102.856 0.0763889 0
62.1829 734.813 0.0833333 0
62.1829 734.813 0.00671141 0
62.1829 734.813 0.00719424 0
58.5419 87.2203 0.212598 0
8.0334 822.033 0.056 1
62.073 725.221 0.129252 0
37.9568 805.826 0.142045 1
40.8775 787.141 0.0827586 1
60.2661 719.927 0.0813954 0
60.2661 719.927 0.00671141 0
83.6994 786.525 0.0326087 1
30.3222 799.261 0.00884956 1
56.4297 787.603 0.023622 1
45.7983 796.877 0.0434783 1
72.6382 822.719 0.149123 1
4.46482 110.481 0.117925 1
5.7772 109.456 0.0445344 1
10.2545 109.243 0.107345 1
2.86649 112.024 0.0492958 1
5.08666 111.905 0.0409357 1
3.91364 107.443 0.020979 1
8.23533 110.223 0.0106383 1
12.2849 110.28 0.00641026 1
17.1474 108.364 0.0298507 1
9.23714 108.029 0.0434783 1
3.41594 106.585 0.00581395 1
4.48937 107.543 0.133663 1
6.61833 98.1329 0.0448718 1
3.36582 93.3323 0.0632911 1
51.4801 88.7064 0.0106383 1
74.1062 77.308 0.00925926 1
83.7349 100.039 0.0792079 1
51.7024 130.226 0.0275229 0
51.7024 130.226 0.0603448 0
51.7024 130.226 0.00990099 0
51.7024 130.226 0.158273 0
51.7024 130.226 0.272727 0
51.7024 130.226 0.0275229 0
51.7024 130.226 0.0603448 0
51.7024 130.226 0.0619469 0
15.4048 25.6605 0.158537 1
34.2384 16.2508 0.00934579 1
58.8369 684.599 0.0170455 0
12.8368 135.125 0.146154 0
75.2315 89.7138 0.015748 0
58.8369 684.599 0.129252 0
58.8369 684.599 0.03125 0
58.8369 684.599 0.184713 0
10.9176 134.791 0.00473934 0
12.8368 135.125 0.045045 0
75.2315 89.7138 0.101852 0
29.2346 116.386 0.00699301 0
58.8369 684.599 0.0131579 0
58.8369 684.599 0.00719424 0
58.8369 684.599 0.03125 0
58.8369 684.599 0.0145985 0
58.8369 684.599 0.0170455 0
58.8369 684.599 0.184713 0
52.2686 819.724 0.0214286 1
25.0232 774.058 0.10219 1
53.3075 802.89 0.27619 1
36.6337 795.563 0.0988372 1
14.6424 761.753 0.0384615 1
55.7471 674.414 0.0377358 0
19.549 795.567 0.0238095 1
14.5611 789.857 0.0686275 1
42.5725 790.44 0.0574713 1
61.4884 803.505 0.0662651 1
14.1064 139.879 0.0405405 1
16.9588 142.271 0.0167364 1
11.1239 142.385 0.0912548 1
5.74561 143.91 0.00438596 1
4.13571 137.628 0.113861 1
10.735 142.229 0.122222 1
3.57906 137.462 0.349112 1
5.42086 127.329 0.0242424 1
12.6277 131.948 0.0769231 1
27.6799 124.329 0.0973451 1
74.7452 126.163 0.027027 1
88.1425 121.779 0.00787402 1
33.6951 64.4574 0.0619469 0
109.127 122.492 0.201754 0
89.767 90.7759 0.0196078 0
109.127 122.492 0.201754 0
80.1741 58.0351 0.0481928 1
51.4253 98.6243 0.0540541 0
92.1523 201.701 0.277778 1
105.253 419.95 0.00833333 1
35.0977 580.485 0.0535714 1
42.0305 541.536 0.0816327 1
67.0993 594.205 0.1 1
76.0931 627.479 0.0108696 1
80.6596 483.085 0.0416667 0
80.6596 483.085 0.0133333 0
88.1988 636.758 0.015 1
64.5319 702.833 0.120773 1
51.3935 679.262 0.0448718 1
42.4352 500.093 0.00473934 0
14.7808 141.953 0.164948 1
39.8691 782.699 0.0769231 1
45.0021 790.643 0.00888889 1
49.6164 634.961 0.0763889 0
49.6164 634.961 0.146154 0
49.6164 634.961 0.045045 0
49.6164 634.961 0.015748 0
49.6164 634.961 0.101852 0
16.606 757.965 0.102564 1
55.3864 724.353 0.324675 1
75.3115 762.621 0.00793651 1
39.8484 754.013 0.0169492 1
87.6519 769.805 0.00704225 1
17.3759 760.549 0.0608696 1
10.5945 158.766 0.39759 1
15.4084 160.382 0.110429 1
2.99857 151.628 0.0561224 1
15.6758 138.006 0.0217391 1
2.765 152.192 0.0238095 1
17.5583 153.115 0.00578035 1
4.97889 152.661 0.307143 1
10.4073 143.204 0.00787402 1
30.0935 139.392 0.0396825 1
38.5389 129.096 0.0333333 1
28.0866 147.865 0.0285714 1
19.7547 154.329 0.105263 1
50.638 140.306 0.184466 1
77.2551 152.242 0.0420168 1
36.6612 159.602 0.219048 1
63.7038 162.113 0.075188 1
52.3912 164.249 0.111111 1
47.5682 167.418 0.163636 1
50.8307 141.632 0.0204082 1
59.574 171.208 0.115385 1
60.3052 140.573 0.192308 1
106.954 138.273 0.274074 1
149.293 185.079 0.00584795 0
49.7049 582.161 0.0540541 0
49.7049 582.161 0.0413793 0
49.7049 582.161 0.0413793 0
49.7049 582.161 0.020979 0
119.487 733.31 0.147239 1
106.497 770.034 0.0952381 1
80.9558 790.806 0.0842105 1
137.15 737.584 0.030303 1
37.1085 814.92 0.0810811 1
35.7616 802.135 0.0340136 1
53.6869 610.952 0.00699301 0
9.36815 804.277 0.0291262 1
71.688 770.162 0.00813008 1
66.8258 813.678 0.111888 1
48.8811 807.011 0.00699301 1
61.6007 815.375 0.0307692 1
67.6145 810.734 0.291667 1
16.6258 187.986 0.202247 1
46.8842 179.595 0.0704225 1
42.342 201.402 0.0853659 1
26.7911 189.383 0.0140845 1
32.6264 205.396 0.0166667 1
18.6856 208.953 0.00877193 1
59.4002 195.49 0.0967742 1
45.4107 195.966 0.019802 1
47.1433 205.713 0.121951 1
69.0862 181.161 0.0243902 1
85.7569 192.049 0.0114943 1
66.5334 209.103 0.0674157 1
50.6136 219.035 0.0731707 1
67.0161 222.556 0.132653 1
39.8248 214.943 0.211679 1
32.658 218.036 0.0140845 1
29.0326 213.658 0.00684932 1
47.9855 584.398 0.020979 0
47.9855 584.398 0.0703125 0
146.558 204.295 0.0416667 0
47.9855 584.398 0.0703125 0
99.5884 788.693 0.262195 1
114.213 798.282 0.0530303 1
91.312 808.881 0.033557 1
68.8999 787.03 0.030303 1
41.6864 797.215 0.0141844 1
31.7006 776.147 0.0454545 1
51.9102 595.428 0.0196078 0
23.1091 781.366 0.256637 1
96.4675 787.921 0.0137931 1
17.2257 782.424 0.0887097 1
16.0224 779.479 0.00884956 1
27.3437 798.697 0.0288462 1
62.8818 813.013 0.236181 1
70.0122 818.85 0.0104167 1
8.61684 200.561 0.0582524 1
10.5913 219.153 0.12766 1
35.5278 211.121 0.0330578 1
21.1113 25.4896 0.192308 1
70.6034 162.344 0.125 1
23.2269 233.183 0.177215 1
20.9877 235.11 0.0346821 1
79.8667 219.109 0.152381 1
64.7937 227.757 0.26087 1
33.206 237.378 0.0503597 1
25.288 239.207 0.0782609 1
27.2678 240.948 0.00649351 1
31.7885 241.178 0.0594595 1
96.3818 213.579 0.0898876 1
37.951 237.741 0.048 1
42.2176 249.41 0.0294118 1
40.3333 244.929 0.00598802 1
33.0543 252.549 0.0446429 1
67.7975 205.835 0.0841122 0
104.067 207.799 0.00884956 0
67.7975 205.835 0.196429 0
67.7975 205.835 0.107143 0
119.399 217.12 0.0416667 0
48.6699 567.071 0.00584795 0
48.6699 567.071 0.0416667 0
71.9845 784.191 0.340136 1
122.492 781.284 0.088 1
97.0362 804.596 0.0242424 1
74.8952 803.442 0.0197368 1
101.578 772.695 0.153846 1
52.0517 808.293 0.02 1
76.2669 787.025 0.070922 1
112.783 765.143 0.015625 1
54.3698 789.228 0.00990099 1
104.595 805.18 0.0294118 1
90.7767 815.364 0.0670732 1
81.2166 808.402 0.00625 1
57.0205 817.643 0.048 1
37.7069 817.219 0.0218978 1
46.8108 817.088 0.125 1
72.5714 832.69 0.0679612 1
37.5631 235.335 0.02 1
10.0502 237.507 0.0136054 1
22.8806 249.265 0.0070922 1
38.3323 248.919 0.0120482 1
16.229 251.653 0.164894 1
3.88907 249.005 0.01875 1
26.1054 247.976 0.0348837 1
21.3334 244.355 0.0429448 1
31.6314 237.808 0.201149 1
96.7164 184.41 0.0178571 0
144.515 197.293 0.00671141 0
23.651 239.7 0.0138889 1
96.6169 184.294 0.134921 0
65.6295 201.415 0.133929 1
46.144 21.8737 0.0617284 1
69.2908 122.724 0.079646 1
33.2131 284.689 0.0344828 1
129.965 99.3769 0.25974 0
129.965 99.3769 0.0841122 0
129.965 99.3769 0.196429 0
129.965 99.3769 0.107143 0
76.6843 482.409 0.0882353 1
79.1879 787.665 0.0247934 1
57.5669 586.905 0.0416667 0
76.9183 826.355 0.00675676 1
24.7453 817.701 0.00793651 1
48.2757 797.595 0.0246914 1
107.961 806.182 0.0208333 1
108.58 801.806 0.0103093 1
88.1774 806.266 0.03125 1
13.1501 811.164 0.210938 1
28.2737 808.565 0.088 1
58.7887 820.96 0.15625 1
5.67786 221.163 0.152778 1
29.0944 244.425 0.162602 1
44.937 249.23 0.165289 1
33.08 230.894 0.0169492 1
15.7222 247.13 0.0437956 1
8.35249 252.317 0.387097 1
8.49451 249.647 0.0181818 1
119.046 176.203 0.0145985 0
66.0616 202.232 0.110169 0
16.7311 244.8 0.141844 1
58.27 206.234 0.0241935 0
118.997 176.008 0.0145985 0
53.0739 26.0291 0.391304 1
100.063 71.2451 0.0217391 0
71.2239 95.7173 0.244898 1
86.9947 308.675 0.146667 1
143.907 197.2 0.00613497 0
96.1053 184.316 0.0428571 0
132.472 198.746 0.00746269 0
143.907 197.2 0.00671141 0
143.907 197.2 0.00613497 0
47.907 12.8833 0.268041 1
50.4765 121.591 0.359649 1
151.844 39.293 0.0594059 0
19.5696 159.453 0.043956 1
19.7956 397.341 0.0943396 1
54.7557 361.905 0.00952381 1
139.155 192.624 0.0326087 0
38.3695 204.262 0.142857 1
139.087 192.406 0.01 0
128.676 816.6 0.142857 1
109.423 823.358 0.116438 1
86.6982 816.17 0.15 1
17.2951 773.793 0.00943396 1
62.7152 597.024 0.00884956 0
68.1315 815.046 0.00666667 1
88.8514 814.14 0.0576923 1
25.8624 814.75 0.0137931 1
43.7109 799.78 0.0169492 1
19.2244 793.897 0.0185185 1
75.7873 807.416 0.242038 1
123.16 805.804 0.0168067 1
52.7611 817.754 0.120805 1
22.0636 822.162 0.00724638 1
15.6292 827.081 0.048 1
46.2602 827.621 0.0347826 1
68.7604 841.859 0.00833333 1
88.6435 846.672 0.116667 1
81.1321 848.248 0.0488722 1
54.7127 240.809 0.201923 1
26.4692 225.849 0.12931 1
17.7875 248.771 0.0347826 1
2.49862 249.036 0.0714286 1
14.8265 251.115 0.167883 1
0.849617 244.515 0.0462963 1
6.44938 251.229 0.0785714 1
3.12118 253.223 0.0538462 1
10.8215 250.71 0.0126582 1
7.11307 250.188 0.373016 1
13.3962 245.597 0.158273 1
4.4103 248.609 0.0497512 1
41.4845 220.326 0.00961538 1
138.616 193.68 0.110092 0
18.1382 230.335 0.0533333 1
138.537 193.925 0.110169 0
138.537 193.925 0.110092 0
138.537 193.925 0.0659341 0
138.537 193.925 0.0217391 0
138.537 193.925 0.0117647 0
138.537 193.925 0.126582 0
25.2493 227.813 0.281818 1
138.471 193.966 0.0178571 0
138.471 193.966 0.134921 0
138.471 193.966 0.0428571 0
138.471 193.966 0.0326087 0
138.471 193.966 0.0117647 0
138.471 193.966 0.102564 0
138.471 193.966 0.0273973 0
138.471 193.966 0.0105263 0
18.3237 405.229 0.00917431 1
136.932 186.857 0.0222222 0
63.3822 598.296 0.25974 0
136.932 186.857 0.0594059 0
136.932 186.857 0.102564 0
136.932 186.857 0.0105263 0
136.932 186.857 0.0625 0
136.932 186.857 0.0813954 0
63.3822 598.296 0.00806452 0
136.932 186.857 0.0625 0
136.932 186.857 0.010989 0
74.8455 411.439 0.311594 1
66.7267 830.666 0.10084 1
53.2475 792.14 0.00662252 1
54.3877 775.374 0.032 1
45.3642 815.814 0.113821 1
67.2002 768.844 0.246032 1
23.309 834.676 0.0694444 1
36.2549 823.763 0.00740741 1
34.7648 812.551 0.0560748 1
34.2468 824.279 0.15534 1
97.9251 752.324 0.0194175 1
39.2507 791.402 0.0111111 1
74.0258 789.965 0.0785714 1
11.3077 809.523 0.0283019 1
38.6017 828.456 0.127451 1
21.3813 828.346 0.0408163 1
65.4678 832.324 0.139785 1
81.9676 841.994 0.155738 1
93.1772 846.233 0.00833333 1
85.1952 846.835 0.0331492 1
91.239 840.258 0.0264901 1
9.26846 249.478 0.226316 1
6.75138 252.362 0.00531915 1
14.5277 252.213 0.0227273 1
87.8765 208 0.0352941 0
139.066 191.339 0.0103093 0
8.60499 235.239 0.0903226 1
16.73 234.311 0.0152672 1
87.8025 207.387 0.0352941 0
87.8025 207.387 0.48 0
51.3291 16.6602 0.388889 1
119.072 99.4594 0.0689655 0
119.072 99.4594 0.0113636 0
57.8938 102.327 0.0657895 1
50.6413 198.72 0.0566038 1
67.1245 599.02 0.0166667 0
126.764 834.427 0.230089 1
68.1052 610.403 0.0172414 0
14.8248 776.698 0.0275229 1
78.0569 531.844 0.0232558 1
111.812 784.688 0.0243902 1
69.6763 616.894 0.0241935 0
69.6763 616.894 0.00746269 0
69.6763 616.894 0.126582 0
42.7255 833.949 0.0581395 1
69.8807 615.72 0.354839 0
69.8807 615.72 0.010989 0
65.4679 818.032 0.312 1
60.1313 798.281 0.00884956 1
42.2044 816.574 0.0560748 1
70.6992 613.828 0.0273973 0
70.6992 613.828 0.0222222 0
70.6992 613.828 0.010989 0
70.6992 613.828 0.010989 0
70.6992 613.828 0.333333 0
70.6992 613.828 0.00943396 0
70.6992 613.828 0.0212766 0
70.6992 613.828 0.01 0
70.6992 613.828 0.0813954 0
70.6992 613.828 0.333333 0
70.6992 613.828 0.00806452 0
30.8106 849.895 0.0505618 1
40.2584 840.918 0.39759 1
8.52052 813.227 0.0431034 1
23.219 836.255 0.0967742 1
33.364 816.957 0.0863309 1
31.313 820.507 0.00546448 1
18.8211 810.245 0.143885 1
57.2987 774.305 0.0173913 1
10.2864 798.991 0.0162602 1
48.26 837.034 0.0869565 1
88.3701 850.881 0.0628931 1
85.733 849.045 0.0478723 1
89.8377 853.042 0.144509 1
91.7824 853.178 0.0804598 1
95.2151 852.007 0.0760234 1
88.2778 852.18 0.0183486 1
20.9166 246.642 0.264463 1
1.73585 247.429 0.0683761 1
9.23661 241.779 0.105263 1
12.1692 249.193 0.011236 1
10.4792 233.474 0.0121212 1
67.5144 603.811 0.48 0
67.5144 603.811 0.177419 0
67.5144 603.811 0.047619 0
67.5144 603.811 0.0983607 0
67.5144 603.811 0.0103093 0
67.5144 603.811 0.177419 0
67.5144 603.811 0.05 0
80.0606 802.152 0.040404 1
125.848 832.02 0.0588235 1
8.40096 780.628 0.0140845 1
68.6322 608.662 0.0659341 0
68.6322 608.662 0.0689655 0
68.6322 608.662 0.0166667 0
68.6322 608.662 0.163265 0
68.6322 608.662 0.00740741 0
68.6322 608.662 0.0172414 0
68.6322 608.662 0.354839 0
68.6322 608.662 0.153846 0
68.6322 608.662 0.0152672 0
16.2675 231.861 0.165217 1
68.5785 608.954 0.153846 0
68.5785 608.954 0.148148 0
8.81167 807.913 0.0210526 1
68.5819 608.278 0.00943396 0
105.063 786.242 0.146552 1
31.4376 767.025 0.0183486 1
68.9104 609.826 0.0212766 0
37.3876 792.742 0.0148148 1
34.0629 793.132 0.112903 1
37.833 790.147 0.0628931 1
91.4173 754.11 0.0107527 1
63.0183 809.717 0.0654206 1
89.991 764.748 0.110092 1
45.5873 809.423 0.327434 1
16.874 818.548 0.0212766 1
37.656 835.214 0.0416667 1
61.3279 849.76 0.183908 1
82.2095 850.15 0.0519481 1
75.2157 851.853 0.0263158 1
89.6533 857.618 0.141079 1
89.1283 857.697 0.0042735 1
102.525 857.158 0.0309278 1
6.2944 243.139 0.173228 1
12.1186 244.896 0.045 1
17.9299 245.467 0.0255319 1
102.123 149.011 0.0970149 0
24.4867 212.702 0.0152672 1
77.0456 177.537 0.00813008 0
68.0076 611.165 0.0113636 0
68.0076 611.165 0.05 0
68.0076 611.165 0.0075188 0
102.093 149.002 0.0454545 0
77.0456 177.537 0.111111 0
68.0076 611.165 0.0075188 0
68.0076 611.165 0.0377358 0
19.3846 788.702 0.0816327 1
110.75 788.847 0.3 1
55.7869 847.717 0.0166667 0
68.4207 613.054 0.047619 0
68.4207 613.054 0.0983607 0
68.4207 613.054 0.163265 0
76.0309 774.548 0.0769231 1
56.1634 847.845 0.0813954 0
68.8052 613.182 0.00740741 0
68.8052 613.182 0.0152672 0
68.8052 613.182 0.00819672 0
118.45 822.082 0.0325203 1
48.4307 824.338 0.00884956 0
69.3077 616.131 0.148148 0
69.3077 616.131 0.00819672 0
69.3077 616.131 0.0430108 0
24.4464 208.207 0.185567 1
64.5472 829.341 0.00877193 1
79.3147 795.446 0.153153 1
46.538 822.944 0.115385 1
23.0976 814.461 0.0471698 1
25.8373 808.497 0.0446429 1
47.6505 803.754 0.0701754 1
61.683 809.505 0.0382166 1
90.585 814.011 0.0510204 1
112.919 824.762 0.104478 1
22.9864 834.256 0.00769231 1
4.86378 810.534 0.0186916 1
121.061 834.068 0.0212766 1
40.0795 824.449 0.173469 1
89.8923 809.666 0.273504 1
15.6947 835.079 0.0208333 1
27.3265 848.292 0.0336134 1
70.6894 852.009 0.0901639 1
63.1879 848.238 0.0530973 1
51.4689 851.63 0.0970874 1
66.4021 844.047 0.0506329 1
85.6151 857.454 0.165 1
99.3187 863.638 0.00549451 1
89.1646 860.596 0.0205761 1
93.9105 862.448 0.0350877 1
86.5685 862.218 0.0041841 1
92.7409 855.721 0.142292 1
14.1625 249.335 0.312236 1
16.9256 245.93 0.00888889 1
22.6389 247.957 0.226667 1
8.27578 236.932 0.0516432 1
102.217 148.067 0.0186916 0
31.5103 208.108 0.319588 1
90.2077 157.787 0.0434783 0
102.188 148.112 0.0970149 0
102.188 148.112 0.0454545 0
102.188 148.112 0.0186916 0
78.9591 50.5728 0.192771 1
151.809 62.0463 0.0843373 0
151.809 62.0463 0.131579 0
31.0922 262.229 0.0934579 1
17.1336 226.253 0.122222 1
77.5211 588.867 0.106667 1
27.6329 776.828 0.0425532 1
124.876 847.266 0.0873786 1
55.6802 846.301 0.0192308 0
69.4585 620.798 0.0377358 0
69.4585 620.798 0.0843373 0
69.4585 620.798 0.0192308 0
69.4585 620.798 0.0344828 0
69.4585 620.798 0.263889 0
19.0594 225.503 0.287129 1
127.725 155.696 0.00869565 0
56.6317 854.57 0.00813008 0
56.6317 854.57 0.358696 0
58.9844 776.711 0.0442478 1
33.3433 737.801 0.0490196 1
51.8454 794.655 0.047619 1
69.5917 619.597 0.00862069 0
33.421 793.757 0.017094 1
69.5176 618.907 0.0430108 0
69.5176 618.907 0.488095 0
105.953 799.421 0.0645161 1
89.4514 749.187 0.149606 1
45.2139 798.527 0.114094 1
37.5154 835.182 0.00877193 1
22.668 804.477 0.108108 1
45.5717 795.021 0.0299401 1
14.9852 806.784 0.00877193 1
25.3448 833.176 0.212121 1
27.2824 833.44 0.0522876 1
111.579 798.248 0.0107527 1
41.7004 807.936 0.0204082 1
17.8243 838.421 0.0537634 1
13.7902 841.879 0.0631579 1
36.8646 844.526 0.259542 1
16.9847 827.163 0.0516129 1
70.6111 786.906 0.00719424 1
26.5727 813.181 0.00641026 1
36.9897 827.639 0.0277778 1
55.4112 841.657 0.0277778 1
80.7954 852.375 0.169231 1
96.7591 856.536 0.00641026 1
92.7365 858.143 0.126761 1
18.5398 244.384 0.266667 1
69.8838 611.314 0.131579 0
69.8838 611.314 0.0618557 0
69.8838 611.314 0.0375 0
69.8838 611.314 0.369048 0
31.5888 204.08 0.015873 0
69.8838 611.314 0.0192308 0
69.8838 611.314 0.0618557 0
116.988 808.724 0.0530973 1
80.8835 798.567 0.0465116 1
44.6957 817.345 0.0319149 1
88.741 726.471 0.306569 1
23.3093 751.544 0.0769231 1
70.6502 613.148 0.0344828 0
70.6502 613.148 0.0375 0
70.6502 613.148 0.00813008 0
70.6502 613.148 0.111111 0
70.6502 613.148 0.263889 0
70.6502 613.148 0.139785 0
116.531 798.311 0.192593 1
58.0667 848.005 0.0166667 0
58.0667 848.005 0.0813954 0
58.0667 848.005 0.00813008 0
58.0667 848.005 0.358696 0
58.0667 848.005 0.00775194 0
58.0667 848.005 0.0338983 0
95.1319 771.928 0.257576 1
71.383 616.133 0.00884956 0
71.383 616.133 0.00862069 0
71.383 616.133 0.488095 0
71.383 616.133 0.0245902 0
71.383 616.133 0.0449438 0
71.383 616.133 0.0245902 0
83.5181 746.439 0.0775194 1
27.1511 840.371 0.181818 1
38.4169 841.554 0.0227273 1
28.3931 799.221 0.00980392 1
64.7188 793.935 0.031746 1
24.5553 797.802 0.12931 1
17.3944 828.86 0.00980392 1
59.3125 843.016 0.0347826 1
21.968 818.532 0.0152672 1
41.6286 828.993 0.0517241 1
43.5459 814.309 0.0142857 1
38.189 733.64 0.0232558 1
31.3531 822.635 0.072 1
91.7577 858.13 0.129412 1
92.7399 851.433 0.173387 1
87.3414 859.08 0.030837 1
22.1664 246.375 0.156069 1
17.5237 244.425 0.03125 1
70.2295 612.826 0.00862069 0
12.8295 224.192 0.278846 1
9.58614 238.174 0.0230769 1
110.384 789.672 0.0873786 1
29.1318 779.235 0.0105263 1
70.5595 613.656 0.0434783 0
70.5595 613.656 0.369048 0
70.5595 613.656 0.00862069 0
70.5595 613.656 0.1 0
31.3412 821.607 0.0149254 0
70.5595 613.656 0.0192308 0
70.5595 613.656 0.139785 0
70.5595 613.656 0.0367647 0
70.5595 613.656 0.135714 0
44.2362 182.087 0.0935252 0
70.5595 613.656 0.00869565 0
57.4156 846.01 0.00775194 0
70.5595 613.656 0.0367647 0
39.5585 795.743 0.0196078 1
57.2592 845.647 0.0338983 0
57.5687 830.108 0.188679 1
33.3317 785.331 0.035461 1
25.7175 743.772 0.00787402 1
90.4697 738.507 0.00704225 1
70.4551 613.404 0.0449438 0
49.1011 829.748 0.0564516 1
62.2203 826.27 0.0588235 1
20.4739 772.413 0.18797 1
94.9318 731.729 0.00757576 1
49.5142 824.923 0.149533 1
29.1039 807.709 0.145833 1
103.388 718.172 0.00662252 1
19.9722 796.24 0.121951 1
57.4107 839.059 0.0241935 1
18.9358 784.297 0.0266667 1
84.659 686.72 0.144231 1
35.3394 787.865 0.238938 1
80.9894 801.998 0.0121951 1
100.458 811.386 0.188679 1
70.1941 855.33 0.29661 1
87.4645 859.726 0.00483092 1
88.2788 862.345 0.0265487 1
93.5642 848.143 0.132597 1
20.341 245.428 0.0487805 1
15.6514 243.139 0.012931 1
69.5995 619.841 0.1 0
45.6762 207.261 0.2 1
10.74 224.528 0.0425532 1
109.413 184.317 0.0571429 0
44.2367 804.296 0.1875 1
69.5998 619.808 0.015873 0
68.7582 769.463 0.0215054 1
104.156 757.884 0.0616438 1
70.0799 621.23 0.135714 0
109.957 772.904 0.0472973 1
22.3741 746.748 0.00666667 1
54.2672 769.483 0.0516129 1
42.9932 836.327 0.141026 1
68.8313 851.187 0.00757576 1
58.6789 839.981 0.0131579 1
52.7968 782.614 0.0444444 1
35.0474 793.129 0.0483871 1
26.5599 756.306 0.00621118 1
72.9497 849.706 0.04 1
52.5747 847.161 0.146552 1
57.0358 848.908 0.0380952 1
115.858 807.053 0.0315789 1
34.7758 824.13 0.0103093 1
23.3669 827.367 0.166667 1
20.9432 801.931 0.0288462 1
111.483 813.718 0.173913 1
11.5779 821.325 0.030303 1
19.2296 836.449 0.0125 1
73.0653 806.453 0.0578035 1
33.4443 792.742 0.17033 1
35.1778 840.075 0.0458716 1
76.875 858.522 0.0909091 1
58.8839 851.777 0.0782609 1
92.9924 864.76 0.130435 1
45.0831 824.383 0.0263158 1
69.2034 620.664 0.0149254 0
69.2034 620.664 0.0285714 0
69.2034 620.664 0.446809 0
75.6049 166.043 0.0263158 1
153.023 182.441 0.0181818 0
69.1602 619.393 0.0285714 0
124.171 831.659 0.0483871 1
87.0129 805.022 0.0860215 1
63.294 779.378 0.0507246 1
70.0827 622.674 0.0935252 0
23.7965 818.093 0.0162602 1
113.099 792.266 0.0230769 1
110.762 815.002 0.285714 1
30.4175 782.223 0.0353982 1
76.9596 802.168 0.00666667 1
120.882 831.83 0.0234375 1
34.7098 831.877 0.0206897 1
18.4828 817.025 0.0512821 1
117.831 839.939 0.159664 1
95.6816 787.861 0.00724638 1
51.2692 846.926 0.0649351 1
32.3989 770.192 0.0217391 1
41.9394 821.277 0.0352113 1
68.4553 812.263 0.08 1
68.6475 845.294 0.015625 1
63.858 769.146 0.154362 1
31.4744 809.672 0.0508475 1
38.1534 828.212 0.0373832 1
69.1698 857.415 0.264463 1
54.0763 837.668 0.00819672 1
24.2638 809 0.119658 1
68.9999 804.485 0.00900901 1
18.3626 835.728 0.031746 1
90.7021 872.206 0.0752688 1
95.1448 872.011 0.00578035 1
62.1326 856.247 0.0168067 1
76.3373 863.638 0.145985 1
85.9215 871.227 0.122642 1
90.2538 872.604 0.0355731 1
80.5438 860.353 0.146739 1
19.1961 814.879 0.373626 1
67.2348 797.996 0.115789 1
16.8248 247.204 0.244898 1
21.1085 247.332 0.0188679 1
21.2832 245.209 0.00512821 1
9.07687 239.599 0.0195122 1
16.6519 244.998 0.122605 1
21.9805 198.379 0.0614035 1
69.535 626.409 0.0571429 0
69.535 626.409 0.446809 0
69.535 626.409 0.0155039 0
71.1807 769.115 0.166667 1
27.7825 802.482 0.0546875 1
57.822 822.922 0.00793651 1
35.5555 824.568 0.0384615 1
19.5961 783.104 0.0761905 1
10.0346 812.132 0.0204082 1
105.07 764.231 0.391608 1
27.5915 789.046 0.00724638 1
11.2477 804.629 0.0721649 1
30.1261 806.964 0.0145985 1
56.5748 849.264 0.0745342 1
101.863 739.22 0.0747664 1
15.3691 783.412 0.0736842 1
61.9861 842.408 0.190184 1
58.6924 855.187 0.00699301 1
52.1795 802.274 0.0322581 1
30.9291 835.115 0.0642202 1
91.6988 868.155 0.0614754 1
89.4168 868.698 0.00847458 1
95.7703 869.362 0.0597826 1
22.9394 246.358 0.00378788 1
23.2915 244.669 0.00873362 1
27.0081 244.844 0.0326087 1
13.1222 242.62 0.132948 1
7.76707 232.242 0.130435 1
69.3174 624.959 0.393443 0
69.3174 624.959 0.0512821 0
69.3174 624.959 0.0181818 0
69.3174 624.959 0.393443 0
69.3174 624.959 0.0204082 0
120.049 802.645 0.00729927 1
83.2732 810.931 0.00609756 1
110.226 802.69 0.024 1
55.5844 799.831 0.171233 1
117.222 837.07 0.0442478 1
40.6491 844.051 0.2 1
88.9692 761.971 0.00793651 1
53.8262 804.796 0.00787402 1
18.2304 805.38 0.0947368 1
44.4736 837.723 0.224 1
109.741 782.198 0.0409836 1
25.6926 821.45 0.23301 1
69.0152 801.232 0.00740741 1
20.4608 818.2 0.0183486 1
74.3938 864.22 0.042735 1
88.386 874.363 0.0166667 1
82.4072 874.008 0.103659 1
95.2267 876.033 0.011236 1
84.3045 870.335 0.11588 1
91.3256 875.98 0.021097 1
89.4772 867.747 0.00546448 1
17.8589 244.55 0.124481 1
22.1821 245.713 0.0229358 1
18.0784 244.65 0.0222222 1
25.8927 245.053 0.044898 1
26.1769 244.034 0.0277778 1
22.3465 243.853 0.027668 1
22.2015 244.108 0.00429185 1
69.9378 632.796 0.0155039 0
69.9378 632.796 0.0204082 0
69.9378 632.796 0.130435 0
86.3347 169.208 0.115385 1
11.9475 228.168 0.0508475 1
69.8736 630.964 0.0512821 0
69.8736 630.964 0.130435 0
69.8736 630.964 0.173333 0
69.8736 630.964 0.120879 0
34.745 780.784 0.125 1
77.804 787.465 0.0992908 1
44.081 823.141 0.00892857 0
27.3945 830.057 0.056338 1
51.8274 840.574 0.0285714 1
16.2347 837.129 0.0507246 1
23.5531 839.827 0.0503597 1
19.0009 847.628 0.0141844 1
73.4581 824.693 0.0136054 1
89.4858 835.701 0.171975 1
40.002 835.621 0.00775194 1
36.4125 825.375 0.016 1
51.6973 855.512 0.0289855 1
55.0376 809.898 0.162963 1
49.8392 811.715 0.0204082 1
86.2527 790.971 0.0521739 1
28.9186 760.82 0.116505 1
55.3727 860.597 0.0983607 1
51.7134 843.546 0.0142857 1
109.225 798.1 0.0540541 1
65.894 866.517 0.00862069 1
24.6382 842.475 0.0909091 1
64.0293 852.356 0.047619 1
88.9157 873.763 0.0507614 1
82.8569 870.611 0.260204 1
91.1714 875.643 0.0199203 1
20.3392 238.78 0.0379147 1
19.9162 245.069 0.00581395 1
28.5847 245.688 0.00689655 1
15.8523 242.917 0.0116959 1
30.5178 245.995 0.0566038 1
5.81977 240.096 0.0373134 1
69.9766 628.975 0.173333 0
69.9766 628.975 0.120879 0
69.9766 628.975 0.0338983 0
29.8613 192.082 0.0508475 1
69.9479 628.922 0.0338983 0
69.9479 628.922 0.4625 0
69.9479 628.922 0.0458716 0
47.7859 852.276 0.0285714 0
73.0805 858.06 0.0134228 0
47.7859 852.276 0.0666667 0
66.4968 867.192 0.01 0
34.2645 824.477 0.0945946 1
119.074 828.4 0.142857 1
51.1146 842.74 0.0125 1
111.34 812.065 0.137615 1
19.685 853.483 0.0208333 1
76.7721 834.8 0.024 1
15.5448 844.396 0.0508475 1
16.3514 834.806 0.0366972 1
109.06 804.021 0.11194 1
75.2704 811.755 0.011976 1
31.3944 839.051 0.117117 1
34.3954 812.264 0.00793651 1
74.5723 809.79 0.0604027 1
46.2235 780.649 0.0127389 1
53.2251 853.913 0.322835 1
54.794 855.523 0.0569106 1
34.9877 854.86 0.125 1
17.4326 844.106 0.0978261 1
84.6759 871.505 0.0214286 1
95.8252 874.096 0.027933 1
88.6655 873.726 0.0693878 1
88.3577 869.443 0.00403226 1
109.088 873.195 0.1 1
24.7344 245.126 0.0146341 1
23.3712 245.818 0.0883978 1
26.5051 246.723 0.0434783 1
27.7564 246.536 0.00510204 1
15.126 245.636 0.034188 1
24.2014 244.698 0.190661 1
10.9505 246.06 0.206704 1
8.47914 232.218 0.110236 1
70.3584 632.191 0.00892857 0
70.3584 632.191 0.4625 0
70.3584 632.191 0.0458716 0
5.68017 228.359 0.05 1
47.7504 854.766 0.535211 0
70.3656 632.46 0.00869565 0
66.4683 869.681 0.0520833 0
46.1935 848.321 0.0357143 1
47.7311 854.736 0.0285714 0
47.7311 854.736 0.0666667 0
47.7311 854.736 0.535211 0
24.3375 222.305 0.0172414 1
7.07066 237.214 0.381443 1
70.3177 632.633 0.0422535 0
70.3177 632.633 0.0350877 0
59.7845 841.013 0.0559441 1
17.4866 826.943 0.039604 1
33.4877 823.38 0.00892857 1
103.606 813.752 0.166667 1
25.0855 837.858 0.16129 1
47.6742 797.962 0.0363636 1
116.526 823.341 0.0625 1
46.9143 856.711 0.00847458 1
27.461 856.964 0.0075188 1
24.6502 846.825 0.141844 1
22.3702 813.97 0.181818 1
47.7136 835.463 0.0518519 1
45.3524 833.081 0.00813008 1
112.042 807.575 0.0307692 1
7.94293 812.712 0.00877193 1
17.395 821.642 0.0185185 1
91.9682 875.953 0.276 1
88.7032 874.514 0.0153846 1
96.8777 875.118 0.0128205 1
92.0875 875.382 0.0143541 1
110.007 874.694 0.075 1
19.2603 242.368 0.0188679 1
17.4784 239.229 0.0107527 1
24.4389 244.718 0.0306122 1
20.8626 242.871 0.0193548 1
18.2799 244.786 0.206186 1
16.8652 243.12 0.0927152 1
14.1319 244.018 0.0447761 1
12.6182 243.891 0.00552486 1
14.8226 243.274 0.00961538 1
10.3905 239.337 0.0191388 1
70.9537 635.019 0.0134228 0
70.9537 635.019 0.00869565 0
70.9537 635.019 0.01 0
70.9537 635.019 0.0520833 0
70.9537 635.019 0.0731707 0
7.66016 235.643 0.0185185 1
6.14271 238.672 0.0359712 1
70.9571 635.432 0.0422535 0
72.3446 796.385 0.0147059 1
37.4741 856.962 0.0588235 1
48.0427 856.214 0.00724638 1
48.47 821.475 0.0151515 1
65.2157 853.222 0.0291971 1
93.8335 813.065 0.0714286 1
9.21436 855.042 0.00675676 1
80.7654 843.982 0.00666667 1
73.2703 823.718 0.00584795 1
25.4833 838.39 0.0969388 1
39.0884 853.924 0.00531915 1
72.2996 830.515 0.0232558 1
96.1441 804.219 0.327586 1
62.0853 808.656 0.00628931 1
103.485 806.123 0.0740741 1
21.8741 826.059 0.0555556 1
74.6735 866.087 0.0808081 1
58.1747 846.242 0.039604 1
83.9049 870.886 0.112554 1
98.6305 877.606 0.00689655 1
94.0956 877.545 0.0292887 1
90.6111 871.199 0.026616 1
23.0788 242.724 0.0491803 1
26.2459 240.343 0.0539216 1
28.4119 242.618 0.052381 1
28.0976 242.161 0.031746 1
26.3832 243.645 0.0144928 1
22.9897 242.362 0.0512821 1
21.0383 241.299 0.0194175 1
17.443 243.965 0.0260417 1
21.4903 243.236 0.0661157 1
17.2437 243.193 0.0783133 1
17.174 241.101 0.1 1
13.8861 242.629 0.0268199 1
20.2095 242.192 0.08 1
13.5091 242.285 0.0334572 1
10.1067 237.406 0.0151515 1
13.9106 241.275 0.0034965 1
72.2516 637.022 0.0350877 0
72.2516 637.022 0.0731707 0
72.2516 637.022 0.176471 0
41.8189 835.06 0.0638298 0
72.2516 637.022 0.0263158 0
41.8189 835.06 0.181818 0
72.173 865.279 0.0210526 0
17.4654 827.492 0.102564 1
41.8175 834.812 0.242424 0
41.8175 834.812 0.078125 0
43.2053 842.13 0.493506 0
69.5282 864.843 0.0294118 0
77.9793 824.252 0.309524 1
46.062 821.298 0.106918 1
37.6673 827.26 0.0342466 1
22.7117 828.338 0.0114943 0
17.6385 859.241 0.00909091 1
22.7288 827.792 0.0102041 0
53.8651 780.502 0.00571429 1
13.7182 836.596 0.00606061 1
52.158 822.586 0.0122699 1
37.6815 841.602 0.0152672 1
27.3652 820.08 0.0531915 1
91.9585 874.468 0.0223464 1
88.9007 873.872 0.0392157 1
19.0876 240.771 0.0034965 1
24.3219 241.864 0.0606061 1
23.0758 241.048 0.00395257 1
30.9966 240.468 0.00595238 1
20.1899 240.33 0.0285714 1
12.6234 240.987 0.0190476 1
18.0013 240.816 0.0245902 1
18.1485 240.87 0.0403226 1
16.8415 241.05 0.00657895 1
18.2804 240.264 0.0638298 1
72.8503 635.129 0.176471 0
72.8503 635.129 0.0263158 0
34.2277 197.013 0.109589 1
5.12642 227.293 0.150442 1
72.8299 635.3 0.0638298 0
72.8299 635.3 0.181818 0
72.8299 635.3 0.242424 0
72.8299 635.3 0.078125 0
32.0274 204.161 0.0153846 1
72.8014 635.24 0.0192308 0
72.8014 635.24 0.493506 0
72.8014 635.24 0.0192308 0
72.8014 635.24 0.0873786 0
6.85057 226.934 0.378641 1
80.1177 193.077 0.084507 0
27.8823 204.796 0.031746 1
72.7815 635.419 0.0873786 0
20.598 828.51 0.0833333 1
22.6588 825.797 0.0175439 0
22.6588 825.797 0.0168067 0
22.6588 825.797 0.0808081 0
93.3014 825.476 0.181818 1
117.426 837.247 0.0097561 1
84.4776 828.538 0.0927152 1
83.0534 873.24 0.035461 1
74.8741 873.208 0.0384615 1
89.0183 878.092 0.0454545 1
96.8902 877.506 0.0272727 1
89.3747 873.794 0.0046729 1
92.9115 878.589 0.0235294 1
89.3121 877.964 0.0114286 1
112.153 878.297 0.0342466 1
28.5852 239.815 0.0103093 1
27.8829 240.442 0.0160428 1
25.4576 241.975 0.205128 1
22.6908 240.023 0.0645161 1
25.5773 238.43 0.0133333 1
14.7817 239.203 0.0285714 1
16.431 240.891 0.0380952 1
19.6869 239.897 0.046729 1
14.047 239.707 0.0379147 1
13.2314 239.76 0.0330578 1
20.8812 239.112 0.0114943 1
9.55521 232.61 0.0372671 1
8.86364 236.986 0.0869565 1
13.7718 238.196 0.00369004 1
10.8989 236.389 0.0663265 1
72.5397 641.672 0.0210526 0
72.5397 641.672 0.0294118 0
6.46226 231.885 0.240876 1
72.548 641.893 0.084507 0
72.548 641.893 0.5 0
66.5457 855.093 0.0113636 0
21.8847 830.869 0.0761905 0
66.5457 855.093 0.0578512 0
21.8847 830.869 0.391304 0
66.5457 855.093 0.0185185 0
52.0255 851.547 0.0125 0
21.8847 830.869 0.0114943 0
21.8847 830.869 0.0102041 0
21.8847 830.869 0.0175439 0
21.8847 830.869 0.0168067 0
21.8847 830.869 0.0808081 0
21.8847 830.869 0.0761905 0
21.8847 830.869 0.391304 0
21.8847 830.869 0.0208333 0
47.9487 24.2237 0.15625 1
27.4844 125.652 0.0070922 1
15.1508 90.8113 0.176471 1
49.5349 94.4509 0.0434783 0
65.3962 753.726 0.0208333 0
67.6779 830.257 0.00925926 1
16.2211 848.151 0.247059 1
24.8695 855.613 0.325203 1
18.5615 850.952 0.0246914 1
18.1605 865.513 0.0145985 1
69.1334 835.297 0.0176991 1
47.1274 828.92 0.03125 1
36.5776 848.129 0.0697674 1
59.8904 856.782 0.106383 1
84.907 870.198 0.167513 1
94.2719 877.259 0.137725 1
84.9777 877.475 0.0689655 1
93.762 867.3 0.153846 1
24.3951 236.078 0.123288 1
21.9043 237.893 0.0238095 1
16.721 237.329 0.0133333 1
18.2168 237.691 0.015748 1
18.3656 236.247 0.0396825 1
20.5709 236.107 0.0454545 1
20.9135 237.056 0.00746269 1
12.2208 237.573 0.0215827 1
19.2466 237.392 0.176101 1
16.1224 238.888 0.00588235 1
12.2679 237.792 0.110577 1
15.276 238.541 0.277056 1
17.7214 237.118 0.00877193 1
17.3729 236.943 0.0480349 1
12.7686 237.089 0.00877193 1
15.2103 236.996 0.0792453 1
13.2788 236.633 0.0484582 1
19.521 236.178 0.027027 1
11.486 235.713 0.0263158 1
13.0193 235.863 0.0898438 1
17.2903 236.564 0.00483092 1
15.5285 237 0.0045045 1
16.6113 237.108 0.0163934 1
8.21685 226.139 0.132867 1
72.6468 644.109 0.5 0
9.65474 108.546 0.0375 1
72.5942 644.195 0.0113636 0
72.5942 644.195 0.0578512 0
72.5942 644.195 0.0185185 0
11.6184 233.416 0.0304878 1
16.7991 235.651 0.00990099 1
3.51851 222.377 0.106918 1
72.6565 644.74 0.00769231 0
12.5668 233.576 0.0223214 1
72.6916 644.975 0.0125 0
72.6916 644.975 0.438596 0
108.919 811.964 0.12844 1
30.7164 805.056 0.315789 1
95.6383 844.539 0.0165746 1
18.4682 838.823 0.0381679 1
46.2028 838.198 0.0148148 1
28.9337 839.216 0.0519481 1
66.048 863.28 0.0652174 1
89.9726 879.053 0.00711744 1
86.4637 877.258 0.0136986 1
19.3373 231.469 0.203463 1
28.2162 234.151 0.00769231 1
24.738 234.451 0.0588235 1
23.004 233.014 0.048 1
16.1878 233.775 0.0331126 1
16.1834 234.792 0.00363636 1
20.7641 233.636 0.134615 1
10.8372 233.433 0.00485437 1
17.3982 234.064 0.0125 1
14.6228 234.969 0.00649351 1
19.6401 232.807 0.0133333 1
18.0387 233.11 0.0210526 1
19.3045 233.178 0.0167598 1
12.5139 232.941 0.031746 1
14.7846 234.343 0.00584795 1
18.1405 233.347 0.0148515 1
12.8118 232.057 0.0353698 1
18.867 233.318 0.0268456 1
16.0681 233.085 0.00460829 1
18.6834 233.059 0.0107527 1
17.3958 231.533 0.168605 1
15.0159 231.339 0.017316 1
73.1484 647.816 0.0344828 0
18.1654 197.979 0.22807 1
6.51984 229.526 0.170213 1
5.41309 221.709 0.0307692 1
73.1341 648.262 0.0434783 0
73.1341 648.262 0.00769231 0
73.1341 648.262 0.438596 0
73.1341 648.262 0.0344828 0
73.1341 648.262 0.0352941 0
15.1318 796.203 0.0595238 1
53.8366 856.208 0.0175439 0
78.772 838.475 0.0380952 1
106.373 842.121 0.194444 1
58.93 842.229 0.140187 1
25.9766 843.82 0.0113636 1
79.5569 872.985 0.0923913 1
86.4451 877.784 0.00408163 1
89.4192 877.47 0.00373134 1
110.951 880.226 0.0106383 1
21.6796 229.11 0.005 1
21.0313 230.843 0.0440529 1
17.9138 229.869 0.131579 1
27.5367 229.287 0.0263158 1
12.8073 230.955 0.00452489 1
13.7903 232.65 0.0326797 1
16.4528 229.603 0.0641026 1
10.2736 231.226 0.0382514 1
14.2359 231.524 0.0403226 1
11.696 229.505 0.0042735 1
15.3345 231.862 0.0042735 1
15.3456 231.58 0.0960452 1
12.1706 230.676 0.0544747 1
16.4762 228.121 0.00411523 1
9.33536 227.109 0.0120482 1
73.2536 651.163 0.0352941 0
73.2536 651.163 0.232323 0
73.2536 651.163 0.0843373 0
20.7542 206.103 0.0285714 1
73.2176 651.176 0.232323 0
73.2176 651.176 0.0843373 0
73.2176 651.176 0.223684 0
118.746 836.852 0.0821918 1
129.424 864.829 0.0116279 1
73.8515 654.353 0.00884956 0
122.902 856.329 0.00934579 1
88.0397 838.892 0.148515 1
17.6551 848.467 0.1875 1
60.4201 853.616 0.0119048 1
93.4753 881.89 0.268199 1
85.797 882.392 0.00974026 1
91.9686 873.108 0.037037 1
24.1197 229.323 0.00380228 1
15.6049 227.49 0.0544218 1
20.1121 228.92 0.0142857 1
15.8947 227.857 0.0143885 1
23.8934 229.234 0.0531915 1
19.8583 228.335 0.0212766 1
18.567 227.233 0.027933 1
15.4038 227.275 0.0210084 1
9.90116 228.363 0.00784314 1
10.3189 226.305 0.0042735 1
11.9983 228.527 0.0425532 1
15.8739 227.341 0.00917431 1
14.9363 227.679 0.010989 1
10.5878 229.088 0.0238095 1
17.3788 226.959 0.0592105 1
11.3268 228.362 0.00537634 1
17.2363 226.75 0.0238095 1
10.6512 226.904 0.00952381 1
11.7906 227.109 0.00458716 1
18.9264 225.99 0.0762712 1
15.5402 226.376 0.0550847 1
12.0912 226.085 0.0322581 1
10.807 217.634 0.096 1
2.69299 222.535 0.0551724 1
73.9478 658.628 0.0175439 0
73.9478 658.628 0.223684 0
73.9478 658.628 0.00884956 0
73.9478 658.628 0.0105263 0
28.0211 192.773 0.152381 1
73.903 658.489 0.0105263 0
73.903 658.489 0.0490196 0
95.2647 792.634 0.0215054 1
48.0211 804.273 0.0520833 1
80.7367 879.212 0.0478723 1
89.5375 880.469 0.341772 1
19.5185 223.882 0.115385 1
25.6392 225.344 0.0471204 1
15.87 226.61 0.0463918 1
19.8844 226.796 0.110656 1
26.3516 226.459 0.0960452 1
19.4363 226.477 0.00526316 1
16.8094 226.571 0.0265487 1
13.2741 227.169 0.0052356 1
16.9068 225.857 0.0151515 1
13.7107 227.099 0.0118577 1
9.51915 226.736 0.00515464 1
16.785 225.101 0.00632911 1
9.01533 225.851 0.0657277 1
12.9866 225.948 0.013986 1
13.7211 225.033 0.0135593 1
14.1318 226.885 0.00390625 1
15.0299 225.855 0.00578035 1
17.5222 224.595 0.0202703 1
13.6161 226.424 0.025974 1
12.0459 226.273 0.00529101 1
15.4071 224.493 0.0265152 1
16.7309 224.192 0.015544 1
11.5462 224.404 0.0847458 1
14.4495 225.078 0.0184332 1
11.2832 222.053 0.0151515 1
5.15155 219.864 0.00454545 1
9.42129 198.879 0.0659341 1
26.3262 849.153 0.0609756 0
48.0741 187.548 0.303797 1
100.712 181.703 0.015625 1
199.649 188.263 0.0714286 0
61.5407 206.755 0.282051 1
83.793 188.055 0.0280374 1
73.9482 653.908 0.0609756 0
73.9482 653.908 0.0608696 0
127.097 845.956 0.133333 1
25.3803 830.539 0.126437 1
57.943 866.652 0.0927835 1
75.3314 879.183 0.126984 1
85.7625 882.124 0.264808 1
83.3591 884.308 0.0535714 1
85.9495 882.496 0.00434783 1
104.682 867.672 0.0761905 1
21.5767 231.992 0.00442478 1
14.9017 230.577 0.00561798 1
16.624 229.957 0.0136986 1
24.3882 229.304 0.0218978 1
22.7453 230.898 0.0346535 1
12.7382 231.862 0.0969388 1
14.0875 231.273 0.0145631 1
8.86428 229.644 0.0528455 1
8.3485 229.646 0.00621118 1
10.7396 231.462 0.00636943 1
14.0808 230.093 0.0784314 1
9.85793 230.27 0.177778 1
9.45681 230.202 0.0114286 1
16.076 228.375 0.0194805 1
11.0741 230.086 0.130841 1
16.1839 229.167 0.00469484 1
10.5095 229.165 0.00609756 1
11.3063 229.713 0.00621118 1
16.8155 229.916 0.0224215 1
17.479 227.908 0.0140845 1
16.56 228.661 0.00917431 1
13.3896 229.806 0.0128755 1
9.28985 227.207 0.0150376 1
73.7327 659.087 0.0490196 0
73.7327 659.087 0.0608696 0
73.7327 659.087 0.017094 0
73.7327 659.087 0.0686275 0
128.123 163.343 0.189655 1
77.888 188.034 0.0123457 1
72.9699 214.9 0.00877193 1
73.4106 640.256 0.0714286 0
73.4106 640.256 0.017094 0
73.4106 640.256 0.0686275 0
73.4106 640.256 0.0758621 0
105.712 821.527 0.114754 1
125.613 850.283 0.0416667 1
69.1653 822.886 0.0485437 1
27.9819 835.618 0.09375 1
20.2945 851.68 0.0227273 1
75.2898 870.795 0.0127119 1
87.5105 881.932 0.233716 1
90.9082 879.574 0.0575221 1
20.3797 245.752 0.021097 1
19.1872 247.006 0.0272727 1
22.9715 248.326 0.0163043 1
18.2729 245.522 0.00829876 1
23.7589 245.223 0.0130435 1
16.7994 246.455 0.00666667 1
13.2276 247.568 0.0075188 1
9.36984 246.194 0.00448431 1
15.6997 245.489 0.0135135 1
15.1916 246.569 0.153527 1
14.2938 245.548 0.00763359 1
11.2059 246.116 0.0657895 1
14.1482 247.136 0.0213523 1
13.6922 246.186 0.00803213 1
13.826 246.48 0.211538 1
2.47278 232.633 0.0245399 1
25.8983 218.455 0.112903 1
167.615 187.241 0.361111 1
52.8037 234.317 0.105769 1
73.5584 613.551 0.0758621 0
73.5584 613.551 0.0689655 0
73.5584 613.551 0.027972 0
73.5584 613.551 0.0689655 0
73.5584 613.551 0.0298507 0
90.306 747.31 0.0307692 1
23.8825 797.059 0.0377358 1
44.0681 853.069 0.0104167 1
16.8304 273.09 0.0778688 1
25.9446 276.078 0.0229008 1
14.9879 274.498 0.027027 1
12.576 277.149 0.0327103 1
11.8294 276.223 0.0576923 1
8.81576 275.149 0.0179641 1
10.9963 276.004 0.0240385 1
15.3907 274.355 0.0163934 1
8.78783 275.861 0.0252525 1
12.2722 276.428 0.0708661 1
11.2927 274.619 0.0619835 1
12.7646 275.375 0.00487805 1
11.595 275.483 0.00531915 1
8.28044 273.148 0.0944882 1
17.7072 274.165 0.12069 1
15.5001 273.895 0.0961538 1
18.0341 273.193 0.140541 1
11.3436 274.173 0.0854271 1
10.7674 274.51 0.047619 1
10.6762 273.945 0.00485437 1
18.6414 273.415 0.0472973 1
15.3389 274.37 0.00558659 1
11.6279 271.829 0.00460829 1
17.1665 272.749 0.0904523 1
74.154 616.789 0.0298507 0
74.154 616.789 0.0454545 0
28.0604 251.577 0.0550459 1
74.1369 616.775 0.027972 0
74.1369 616.775 0.0454545 0
74.1369 616.775 0.00925926 0
64.4601 852.911 0.0763889 1
83.7129 882.096 0.0315315 1
109.685 889.742 0.0841122 1
22.6503 273.906 0.200855 1
18.5946 271.754 0.0197628 1
20.3345 272.943 0.0286885 1
17.9431 271.834 0.137725 1
23.0756 271.44 0.041841 1
17.8904 272.086 0.210526 1
17.6206 271.976 0.0165746 1
8.39001 271.756 0.0442478 1
13.985 271.912 0.147186 1
13.1915 272.824 0.0430108 1
9.46765 272.745 0.0481928 1
16.8004 272.685 0.0294118 1
13.7933 272.756 0.00458716 1
14.6109 271.019 0.0588235 1
8.28084 271.718 0.0918367 1
16.7699 271.645 0.0078125 1
13.6401 271.835 0.00925926 1
9.83109 271.49 0.0103093 1
13.7199 270.643 0.010989 1
13.741 271.662 0.114286 1
14.7833 271.865 0.0807453 1
12.6206 270.135 0.0372093 1
12.1536 270.103 0.021164 1
15.3582 271.781 0.0471204 1
15.2479 270.483 0.252874 1
10.9464 268.683 0.00581395 1
18.0885 269.79 0.113924 1
16.4262 269.224 0.00869565 1
6.1625 261.458 0.0444444 1
4.95576 253.506 0.197802 1
20.5189 224.348 0.0106383 1
74.2236 621.503 0.00925926 0
74.2236 621.503 0.0508475 0
74.2236 621.503 0.0508475 0
74.2236 621.503 0.0787402 0
107.501 819.975 0.189655 1
64.8642 812.059 0.0958904 1
74.4564 621.957 0.0526316 0
20.794 844.266 0.038835 1
31.6268 835.824 0.0818182 1
74.4758 621.263 0.0373832 0
44.2287 784.323 0.0366972 1
85.966 870.593 0.0810811 1
11.7774 268.341 0.284483 1
16.3173 264.718 0.0352113 1
16.4418 266.146 0.00416667 1
25.2327 269.052 0.0578512 1
11.3504 269.172 0.0052356 1
12.9996 268.795 0.0326797 1
13.9279 267.36 0.00787402 1
12.1875 268.087 0.0268456 1
14.3962 268.546 0.0689655 1
8.42686 267.932 0.0402299 1
10.6844 269.284 0.120253 1
7.59504 267.616 0.0518519 1
10.7451 267.887 0.00833333 1
16.5199 268.272 0.00561798 1
14.8277 267.181 0.00543478 1
10.1627 266.756 0.0299401 1
17.6934 266.37 0.0344828 1
15.0548 268.306 0.0157895 1
17.1531 267.364 0.0205128 1
14.7943 267.191 0.0603448 1
11.4784 266.785 0.015625 1
18.3314 266.619 0.00699301 1
11.9719 266.95 0.047619 1
18.4953 264.613 0.0320513 1
13.6472 265.376 0.624413 1
8.96352 261.465 0.0519481 1
15.825 265.401 0.0186047 1
18.1515 265.2 0.0299401 1
15.3569 263.76 0.0325581 1
2.09802 248.086 0.0491803 1
74.5982 625.85 0.0787402 0
74.5982 625.85 0.0526316 0
74.5982 625.85 0.0373832 0
24.6227 224.879 0.134021 1
74.5839 625.828 0.0116279 0
48.6921 814.242 0.0283019 1
74.6612 625.557 0.146552 0
10.476 830.958 0.0234375 1
21.1206 264.177 0.0353535 1
17.4377 263.415 0.00420168 1
17.1461 262.359 0.00480769 1
13.7859 262.962 0.00487805 1
20.1069 264.728 0.0253165 1
7.3364 264.124 0.0194805 1
15.7038 265.011 0.0171429 1
7.19869 263.924 0.00641026 1
14.21 263.605 0.0241546 1
12.1396 264.112 0.00833333 1
8.37597 264.686 0.0125 1
12.404 264.336 0.0106762 1
14.9713 262.5 0.0209059 1
9.97947 263.524 0.0235849 1
12.8735 263.777 0.0179211 1
12.5038 264.002 0.187919 1
14.857 263.249 0.049505 1
18.1747 263.463 0.027972 1
14.3963 263.8 0.0294118 1
15.3062 263.326 0.0436893 1
10.2836 262.422 0.0225989 1
13.6408 263.498 0.0143541 1
13.7618 259.13 0.0583942 1
6.56017 256.248 0.023166 1
10.3248 261.236 0.0100671 1
5.36978 248.083 0.057971 1
75.1375 628.694 0.0116279 0
75.1375 628.694 0.146552 0
75.1375 628.694 0.0430108 0
75.1375 628.694 0.133333 0
75.1375 628.694 0.0430108 0
18.6902 678.824 0.0583333 1
75.1569 628.129 0.016 0
31.6783 858.906 0.0561798 1
76.1213 831.091 0.201923 1
18.4873 258.973 0.155556 1
12.8671 260.751 0.0310345 1
23.7992 260.716 0.10582 1
21.9563 260.199 0.0333333 1
16.5739 259.085 0.02 1
10.4156 262.163 0.0343137 1
13.3236 258.745 0.0122699 1
14.1052 261.843 0.0233918 1
7.13044 261.278 0.0419162 1
11.1449 261.804 0.00465116 1
10.9666 261.859 0.00961538 1
6.92676 259.865 0.0584795 1
6.64776 260.35 0.00595238 1
13.8294 259.516 0.00384615 1
10.2087 261.498 0.00359712 1
9.71254 260.015 0.0833333 1
8.40104 260.156 0.00543478 1
10.7937 259.717 0.0201005 1
12.8259 260.708 0.00373134 1
9.5232 258.716 0.0408163 1
16.5781 258.962 0.00581395 1
14.8563 259.605 0.00420168 1
19.7407 259.354 0.047619 1
7.12529 252.561 0.00429185 1
15.9796 259.114 0.0363636 1
19.1486 248.388 0.00763359 1
75.3658 631.701 0.133333 0
22.94 856.693 0.00813008 1
14.3806 859.51 0.192857 1
51.2543 854.555 0.0545455 1
17.1159 254.099 0.0213904 1
15.963 257.06 0.0350195 1
13.616 257.902 0.00478469 1
20.0075 257.613 0.0309278 1
20.5548 257.802 0.00518135 1
15.432 256.317 0.0459184 1
6.35073 257.185 0.00555556 1
11.3669 255.675 0.167568 1
8.22325 256.539 0.0397727 1
12.1666 257.327 0.0238095 1
9.98841 258.321 0.0122951 1
10.9058 257.096 0.00675676 1
12.7093 256.518 0.0348837 1
6.77158 257.984 0.0364963 1
14.8309 256.643 0.00628931 1
12.854 254.568 0.0277778 1
11.1457 256.723 0.0652174 1
7.32095 256.009 0.0136364 1
12.4085 257.893 0.00609756 1
10.01 255.956 0.0238095 1
15.5368 256.52 0.0309735 1
12.6394 257.138 0.037234 1
11.4168 256.102 0.0496894 1
16.0253 255.572 0.0252101 1
8.17466 254.776 0.00552486 1
13.1795 255.78 0.00392157 1
10.4706 255.618 0.0155642 1
11.6028 250.797 0.0434783 1
75.8019 633.986 0.296296 0
82.5122 203.538 0.0333333 0
38.9587 217.239 0.176471 0
2.88392 221.036 0.0113636 1
75.799 634.263 0.016 0
75.799 634.263 0.160377 0
75.799 634.263 0.296296 0
75.799 634.263 0.160377 0
10.7714 837.523 0.0394737 1
52.6073 836.204 0.11828 1
15.6682 254.549 0.0045045 1
12.8326 248.655 0.0160428 1
17.9961 251.354 0.0125 1
20.3244 251.821 0.00847458 1
9.74492 254.441 0.0204082 1
13.4572 253.171 0.00956938 1
5.62036 250.097 0.0535714 1
9.60071 252.059 0.0669856 1
11.3574 252.371 0.0884956 1
6.20811 252.554 0.026178 1
5.56382 252.152 0.0561224 1
11.6629 250.921 0.110672 1
12.8731 252.552 0.0097561 1
13.7686 251.693 0.03125 1
8.73774 251.407 0.0413223 1
14.0907 248.537 0.0553506 1
9.20506 251.28 0.0449827 1
13.8576 247.718 0.0236486 1
6.845 249.033 0.0252101 1
8.73608 246.383 0.015 1
39.3688 213.66 0.0223881 0
76.2622 637.156 0.0333333 0
37.0137 850.816 0.315068 1
24.6579 845.154 0.0422535 1
76.2101 636.866 0.079646 0
45.7026 714.546 0.010989 1
12.0494 246.761 0.0295567 1
14.9357 248.492 0.0116959 1
12.4796 249.015 0.0328638 1
5.82285 247.83 0.361868 1
5.8183 250.324 0.0168776 1
9.72013 250.14 0.00677966 1
8.22203 248.656 0.00512821 1
11.584 250.128 0.00520833 1
9.64893 246.794 0.0310345 1
6.97657 249.548 0.00502513 1
13.2403 248.249 0.0861423 1
9.29948 248.445 0.238095 1
10.17 244.912 0.0585774 1
3.05986 235.167 0.174157 1
76.5625 638.331 0.176471 0
76.5625 638.331 0.0223881 0
76.5625 638.331 0.128713 0
76.5625 638.331 0.079646 0
76.5625 638.331 0.128713 0
71.1158 174.881 0.153153 0
12.918 813.212 0.0181818 1
23.8778 795.185 0.123188 1
43.0623 733.643 0.152542 1
52.5205 143.48 0.00526316 1
102.784 192.582 0.0689655 0
102.784 192.582 0.0689655 0
29.4772 829.072 0.278689 1
76.5238 635.98 0.153153 0
76.5238 635.98 0.0434783 0
76.5238 635.98 0.0194175 0
76.5238 635.98 0.310345 0
76.5238 635.98 0.0102041 0
76.5238 635.98 0.030303 0
76.5238 635.98 0.0434783 0
76.5238 635.98 0.0194175 0
76.5238 635.98 0.310345 0
76.5238 635.98 0.0151515 0
76.5238 635.98 0.0102041 0
76.5238 635.98 0.00943396 0
76.5238 635.98 0.0151515 0
76.5238 635.98 0.00943396 0
76.5238 635.98 0.140187 0
76.5238 635.98 0.00980392 0
76.5238 635.98 0.030303 0
76.5238 635.98 0.140187 0
76.5238 635.98 0.0225564 0
76.5238 635.98 0.00980392 0
76.5238 635.98 0.046875 0
76.5238 635.98 0.0176471 0
76.5238 635.98 0.00787402 0
76.5238 635.98 0.0448718 0
76.5238 635.98 0.0225564 0
76.5238 635.98 0.046875 0
76.5238 635.98 0.00787402 0
76.5238 635.98 0.0177515 0
76.5238 635.98 0.0190476 0
76.5238 635.98 0.0833333 0
76.5238 635.98 0.0277778 0
76.5238 635.98 0.00990099 0
76.5238 635.98 0.0176471 0
76.5238 635.98 0.0448718 0
76.5238 635.98 0.0177515 0
76.5238 635.98 0.0190476 0
76.5238 635.98 0.0277778 0
76.5238 635.98 0.0212766 0
76.5238 635.98 0.212598 0
76.5238 635.98 0.0813954 0
76.5238 635.98 0.0131579 0
76.5238 635.98 0.0145985 0
76.5238 635.98 0.0377358 0
76.5238 635.98 0.0212766 0
76.5238 635.98 0.158273 0
76.5238 635.98 0.272727 0
76.5238 635.98 0.0416667 0
76.5238 635.98 0.0133333 0
76.5238 635.98 0.0763889 0
76.5238 635.98 0.0833333 0
76.5238 635.98 0.00671141 0
76.5238 635.98 0.00719424 0
76.5238 635.98 0.212598 0
76.5238 635.98 0.129252 0
76.5238 635.98 0.0813954 0
76.5238 635.98 0.00671141 0
76.5238 635.98 0.0275229 0
76.5238 635.98 0.0603448 0
76.5238 635.98 0.00990099 0
76.5238 635.98 0.158273 0
76.5238 635.98 0.272727 0
76.5238 635.98 0.0275229 0
76.5238 635.98 0.0603448 0
76.5238 635.98 0.0619469 0
76.5238 635.98 0.0170455 0
76.5238 635.98 0.146154 0
76.5238 635.98 0.015748 0
76.5238 635.98 0.129252 0
76.5238 635.98 0.03125 0
76.5238 635.98 0.184713 0
76.5238 635.98 0.00473934 0
76.5238 635.98 0.045045 0
76.5238 635.98 0.101852 0
76.5238 635.98 0.00699301 0
76.5238 635.98 0.0131579 0
76.5238 635.98 0.00719424 0
76.5238 635.98 0.03125 0
76.5238 635.98 0.0145985 0
76.5238 635.98 0.0170455 0
76.5238 635.98 0.184713 0
76.5238 635.98 0.0377358 0
76.5238 635.98 0.0619469 0
76.5238 635.98 0.201754 0
76.5238 635.98 0.0196078 0
76.5238 635.98 0.201754 0
76.5238 635.98 0.0540541 0
76.5238 635.98 0.0416667 0
76.5238 635.98 0.0133333 0
76.5238 635.98 0.00473934 0
76.5238 635.98 0.0763889 0
76.5238 635.98 0.146154 0
76.5238 635.98 0.045045 0
76.5238 635.98 0.015748 0
76.5238 635.98 0.101852 0
76.5238 635.98 0.00584795 0
76.5238 635.98 0.0540541 0
76.5238 635.98 0.0413793 0
76.5238 635.98 0.0413793 0
76.5238 635.98 0.020979 0
76.5238 635.98 0.00699301 0
76.5238 635.98 0.020979 0
76.5238 635.98 0.0703125 0
76.5238 635.98 0.0416667 0
76.5238 635.98 0.0703125 0
76.5238 635.98 0.0196078 0
76.5238 635.98 0.0841122 0
76.5238 635.98 0.00884956 0
76.5238 635.98 0.196429 0
76.5238 635.98 0.107143 0
76.5238 635.98 0.0416667 0
76.5238 635.98 0.00584795 0
76.5238 635.98 0.0416667 0
76.5238 635.98 0.0178571 0
76.5238 635.98 0.00671141 0
76.5238 635.98 0.134921 0
76.5238 635.98 0.25974 0
76.5238 635.98 0.0841122 0
76.5238 635.98 0.196429 0
76.5238 635.98 0.107143 0
76.5238 635.98 0.0416667 0
76.5238 635.98 0.0145985 0
76.5238 635.98 0.110169 0
76.5238 635.98 0.0241935 0
76.5238 635.98 0.0145985 0
76.5238 635.98 0.0217391 0
76.5238 635.98 0.00613497 0
76.5238 635.98 0.0428571 0
76.5238 635.98 0.00746269 0
76.5238 635.98 0.00671141 0
76.5238 635.98 0.00613497 0
76.5238 635.98 0.0594059 0
76.5238 635.98 0.0326087 0
76.5238 635.98 0.01 0
76.5238 635.98 0.00884956 0
76.5238 635.98 0.110092 0
76.5238 635.98 0.110169 0
76.5238 635.98 0.110092 0
76.5238 635.98 0.0659341 0
76.5238 635.98 0.0217391 0
76.5238 635.98 0.0117647 0
76.5238 635.98 0.126582 0
76.5238 635.98 0.0178571 0
76.5238 635.98 0.134921 0
76.5238 635.98 0.0428571 0
76.5238 635.98 0.0326087 0
76.5238 635.98 0.0117647 0
76.5238 635.98 0.102564 0
76.5238 635.98 0.0273973 0
76.5238 635.98 0.0105263 0
76.5238 635.98 0.0222222 0
76.5238 635.98 0.25974 0
76.5238 635.98 0.0594059 0
76.5238 635.98 0.102564 0
76.5238 635.98 0.0105263 0
76.5238 635.98 0.0625 0
76.5238 635.98 0.0813954 0
76.5238 635.98 0.00806452 0
76.5238 635.98 0.0625 0
76.5238 635.98 0.010989 0
76.5238 635.98 0.0352941 0
76.5238 635.98 0.0103093 0
76.5238 635.98 0.0352941 0
76.5238 635.98 0.48 0
76.5238 635.98 0.0689655 0
76.5238 635.98 0.0113636 0
76.5238 635.98 0.0166667 0
76.5238 635.98 0.0172414 0
76.5238 635.98 0.0241935 0
76.5238 635.98 0.00746269 0
76.5238 635.98 0.126582 0
76.5238 635.98 0.354839 0
76.5238 635.98 0.010989 0
76.5238 635.98 0.0273973 0
76.5238 635.98 0.0222222 0
76.5238 635.98 0.010989 0
76.5238 635.98 0.010989 0
76.5238 635.98 0.333333 0
76.5238 635.98 0.00943396 0
76.5238 635.98 0.0212766 0
76.5238 635.98 0.01 0
76.5238 635.98 0.0813954 0
76.5238 635.98 0.333333 0
76.5238 635.98 0.00806452 0
76.5238 635.98 0.48 0
76.5238 635.98 0.177419 0
76.5238 635.98 0.047619 0
76.5238 635.98 0.0983607 0
76.5238 635.98 0.0103093 0
76.5238 635.98 0.177419 0
76.5238 635.98 0.05 0
76.5238 635.98 0.0659341 0
76.5238 635.98 0.0689655 0
76.5238 635.98 0.0166667 0
76.5238 635.98 0.163265 0
76.5238 635.98 0.00740741 0
76.5238 635.98 0.0172414 0
76.5238 635.98 0.354839 0
76.5238 635.98 0.153846 0
76.5238 635.98 0.0152672 0
76.5238 635.98 0.153846 0
76.5238 635.98 0.148148 0
76.5238 635.98 0.00943396 0
76.5238 635.98 0.0212766 0
76.5238 635.98 0.0970149 0
76.5238 635.98 0.00813008 0
76.5238 635.98 0.0113636 0
76.5238 635.98 0.05 0
76.5238 635.98 0.0075188 0
76.5238 635.98 0.0454545 0
76.5238 635.98 0.111111 0
76.5238 635.98 0.0075188 0
76.5238 635.98 0.0377358 0
52.4256 870.105 0.0166667 0
76.5238 635.98 0.047619 0
76.5238 635.98 0.0983607 0
76.5238 635.98 0.163265 0
52.4256 870.105 0.0813954 0
76.5238 635.98 0.00740741 0
76.5238 635.98 0.0152672 0
76.5238 635.98 0.00819672 0
76.5238 635.98 0.00884956 0
76.5238 635.98 0.148148 0
76.5238 635.98 0.00819672 0
76.5238 635.98 0.0430108 0
76.5238 635.98 0.0186916 0
76.5238 635.98 0.0434783 0
76.5238 635.98 0.0970149 0
76.5238 635.98 0.0454545 0
76.5238 635.98 0.0186916 0
76.5238 635.98 0.0843373 0
76.5238 635.98 0.131579 0
76.5238 635.98 0.0192308 0
76.5238 635.98 0.0377358 0
76.5238 635.98 0.0843373 0
76.5238 635.98 0.0192308 0
76.5238 635.98 0.0344828 0
76.5238 635.98 0.263889 0
76.5238 635.98 0.00869565 0
52.4256 870.105 0.00813008 0
52.4256 870.105 0.358696 0
76.5238 635.98 0.00862069 0
76.5238 635.98 0.0430108 0
76.5238 635.98 0.488095 0
76.5238 635.98 0.131579 0
76.5238 635.98 0.0618557 0
76.5238 635.98 0.0375 0
76.5238 635.98 0.369048 0
76.5238 635.98 0.015873 0
76.5238 635.98 0.0192308 0
76.5238 635.98 0.0618557 0
76.5238 635.98 0.0344828 0
76.5238 635.98 0.0375 0
76.5238 635.98 0.00813008 0
76.5238 635.98 0.111111 0
76.5238 635.98 0.263889 0
76.5238 635.98 0.139785 0
52.4256 870.105 0.0166667 0
52.4256 870.105 0.0813954 0
52.4256 870.105 0.00813008 0
52.4256 870.105 0.358696 0
52.4256 870.105 0.00775194 0
52.4256 870.105 0.0338983 0
76.5238 635.98 0.00884956 0
76.5238 635.98 0.00862069 0
76.5238 635.98 0.488095 0
76.5238 635.98 0.0245902 0
76.5238 635.98 0.0449438 0
76.5238 635.98 0.0245902 0
76.5238 635.98 0.00862069 0
76.5238 635.98 0.0434783 0
76.5238 635.98 0.369048 0
76.5238 635.98 0.00862069 0
76.5238 635.98 0.1 0
76.5238 635.98 0.0149254 0
76.5238 635.98 0.0192308 0
76.5238 635.98 0.139785 0
76.5238 635.98 0.0367647 0
76.5238 635.98 0.135714 0
76.5238 635.98 0.0935252 0
76.5238 635.98 0.00869565 0
52.4256 870.105 0.00775194 0
76.5238 635.98 0.0367647 0
52.4256 870.105 0.0338983 0
76.5238 635.98 0.0449438 0
76.5238 635.98 0.1 0
76.5238 635.98 0.0571429 0
76.5238 635.98 0.015873 0
76.5238 635.98 0.135714 0
76.5238 635.98 0.0149254 0
76.5238 635.98 0.0285714 0
76.5238 635.98 0.446809 0
76.5238 635.98 0.0181818 0
76.5238 635.98 0.0285714 0
76.5238 635.98 0.0935252 0
76.5238 635.98 0.0571429 0
76.5238 635.98 0.446809 0
76.5238 635.98 0.0155039 0
76.5238 635.98 0.393443 0
76.5238 635.98 0.0512821 0
76.5238 635.98 0.0181818 0
76.5238 635.98 0.393443 0
76.5238 635.98 0.0204082 0
76.5238 635.98 0.0155039 0
76.5238 635.98 0.0204082 0
76.5238 635.98 0.130435 0
76.5238 635.98 0.0512821 0
76.5238 635.98 0.130435 0
76.5238 635.98 0.173333 0
76.5238 635.98 0.120879 0
76.5238 635.98 0.00892857 0
76.5238 635.98 0.173333 0
76.5238 635.98 0.120879 0
76.5238 635.98 0.0338983 0
76.5238 635.98 0.0338983 0
76.5238 635.98 0.4625 0
76.5238 635.98 0.0458716 0
76.5238 635.98 0.0285714 0
76.5238 635.98 0.0134228 0
76.5238 635.98 0.0666667 0
76.5238 635.98 0.01 0
76.5238 635.98 0.00892857 0
76.5238 635.98 0.4625 0
76.5238 635.98 0.0458716 0
76.5238 635.98 0.535211 0
76.5238 635.98 0.00869565 0
76.5238 635.98 0.0520833 0
76.5238 635.98 0.0285714 0
76.5238 635.98 0.0666667 0
76.5238 635.98 0.535211 0
76.5238 635.98 0.0422535 0
76.5238 635.98 0.0350877 0
76.5238 635.98 0.0134228 0
76.5238 635.98 0.00869565 0
76.5238 635.98 0.01 0
76.5238 635.98 0.0520833 0
76.5238 635.98 0.0731707 0
76.5238 635.98 0.0422535 0
76.5238 635.98 0.0350877 0
76.5238 635.98 0.0731707 0
76.5238 635.98 0.176471 0
76.5238 635.98 0.0638298 0
76.5238 635.98 0.0263158 0
76.5238 635.98 0.181818 0
76.5238 635.98 0.0210526 0
76.5238 635.98 0.242424 0
76.5238 635.98 0.078125 0
76.5238 635.98 0.493506 0
76.5238 635.98 0.0294118 0
76.5238 635.98 0.0114943 0
76.5238 635.98 0.0102041 0
76.5238 635.98 0.176471 0
76.5238 635.98 0.0263158 0
76.5238 635.98 0.0638298 0
76.5238 635.98 0.181818 0
76.5238 635.98 0.242424 0
76.5238 635.98 0.078125 0
76.5238 635.98 0.0192308 0
76.5238 635.98 0.493506 0
76.5238 635.98 0.0192308 0
76.5238 635.98 0.0873786 0
76.5238 635.98 0.084507 0
76.5238 635.98 0.0873786 0
76.5238 635.98 0.0175439 0
76.5238 635.98 0.0168067 0
76.5238 635.98 0.0808081 0
76.5238 635.98 0.0210526 0
76.5238 635.98 0.0294118 0
76.5238 635.98 0.084507 0
76.5238 635.98 0.5 0
76.5238 635.98 0.0113636 0
76.5238 635.98 0.0761905 0
76.5238 635.98 0.0578512 0
76.5238 635.98 0.391304 0
76.5238 635.98 0.0185185 0
76.5238 635.98 0.0125 0
76.5238 635.98 0.0114943 0
76.5238 635.98 0.0102041 0
76.5238 635.98 0.0175439 0
76.5238 635.98 0.0168067 0
76.5238 635.98 0.0808081 0
76.5238 635.98 0.0761905 0
76.5238 635.98 0.391304 0
76.5238 635.98 0.0208333 0
76.5238 635.98 0.0434783 0
76.5238 635.98 0.0208333 0
76.5238 635.98 0.5 0
76.5238 635.98 0.0113636 0
76.5238 635.98 0.0578512 0
76.5238 635.98 0.0185185 0
76.5238 635.98 0.00769231 0
76.5238 635.98 0.0125 0
76.5238 635.98 0.438596 0
76.5238 635.98 0.0344828 0
76.5238 635.98 0.0434783 0
76.5238 635.98 0.00769231 0
76.5238 635.98 0.438596 0
76.5238 635.98 0.0344828 0
76.5238 635.98 0.0352941 0
76.5238 635.98 0.0175439 0
76.5238 635.98 0.0352941 0
76.5238 635.98 0.232323 0
76.5238 635.98 0.0843373 0
76.5238 635.98 0.232323 0
76.5238 635.98 0.0843373 0
76.5238 635.98 0.223684 0
76.5238 635.98 0.00884956 0
76.5238 635.98 0.0175439 0
76.5238 635.98 0.223684 0
76.5238 635.98 0.00884956 0
76.5238 635.98 0.0105263 0
76.5238 635.98 0.0105263 0
76.5238 635.98 0.0490196 0
76.5238 635.98 0.0609756 0
76.5238 635.98 0.0714286 0
76.5238 635.98 0.0609756 0
76.5238 635.98 0.0608696 0
76.5238 635.98 0.0490196 0
76.5238 635.98 0.0608696 0
76.5238 635.98 0.017094 0
76.5238 635.98 0.0686275 0
76.5238 635.98 0.0714286 0
76.5238 635.98 0.017094 0
76.5238 635.98 0.0686275 0
76.5238 635.98 0.0758621 0
76.5238 635.98 0.0758621 0
76.5238 635.98 0.0689655 0
76.5238 635.98 0.027972 0
76.5238 635.98 0.0689655 0
76.5238 635.98 0.0298507 0
76.5238 635.98 0.0298507 0
76.5238 635.98 0.0454545 0
76.5238 635.98 0.027972 0
76.5238 635.98 0.0454545 0
76.5238 635.98 0.00925926 0
76.5238 635.98 0.00925926 0
76.5238 635.98 0.0508475 0
76.5238 635.98 0.0508475 0
76.5238 635.98 0.0787402 0
76.5238 635.98 0.0526316 0
76.5238 635.98 0.0373832 0
76.5238 635.98 0.0787402 0
76.5238 635.98 0.0526316 0
76.5238 635.98 0.0373832 0
76.5238 635.98 0.0116279 0
76.5238 635.98 0.146552 0
76.5238 635.98 0.0116279 0
76.5238 635.98 0.146552 0
76.5238 635.98 0.0430108 0
76.5238 635.98 0.133333 0
76.5238 635.98 0.0430108 0
76.5238 635.98 0.016 0
76.5238 635.98 0.133333 0
76.5238 635.98 0.296296 0
76.5238 635.98 0.0333333 0
76.5238 635.98 0.176471 0
76.5238 635.98 0.016 0
76.5238 635.98 0.160377 0
76.5238 635.98 0.296296 0
76.5238 635.98 0.160377 0
76.5238 635.98 0.0223881 0
76.5238 635.98 0.0333333 0
76.5238 635.98 0.079646 0
76.5238 635.98 0.176471 0
76.5238 635.98 0.0223881 0
76.5238 635.98 0.128713 0
76.5238 635.98 0.079646 0
76.5238 635.98 0.128713 0
76.5238 635.98 0.153153 0
76.5238 635.98 0.0689655 0
76.5238 635.98 0.0689655 0
76.5238 635.98 0.153153 0
