72.2554 74.3251 0.25 1
83.9558 1258.98 0.0629371 0
51.0308 1947.44 0.00540541 1
12.5368 1675.94 0.219101 1
35.1862 1140.78 0.0833333 1
43.9902 1274.67 0.0106952 1
17.4792 1320.18 0.0348259 1
69.8437 547.728 0.0629371 0
69.8437 547.728 0.024 0
69.8437 547.728 0.0625 0
17.0225 978.495 0.159509 1
91.0998 1123.88 0.00657895 1
44.3864 1571.29 0.179775 1
47.7319 1481.1 0.208145 1
20.5889 1496.78 0.0842697 1
57.1826 1461.73 0.0106952 1
57.8828 1496.93 0.00581395 1
18.307 1464.08 0.0192308 1
28.8151 1566.55 0.0736842 1
7.98921 1649.95 0.0167598 1
2.66924 1472.15 0.0149254 1
39.0922 1360.47 0.0657277 1
51.0539 1505.51 0.381443 1
53.0334 1550.54 0.0148515 1
48.0289 1525.86 0.0628019 1
7.43199 1647.59 0.00938967 1
26.774 1348.91 0.334928 1
45.3725 1437.44 0.034965 1
39.9156 1442.45 0.014218 1
5.46814 1584.84 0.0974359 1
21.8854 1444.56 0.041958 1
22.5138 1373.87 0.132353 1
48.7012 1403.02 0.0212766 1
40.2975 1315.09 0.111702 1
25.0207 1248.72 0.0276243 1
13.9593 1488.63 0.0694444 1
7.5451 1403.63 0.00529101 1
6.51309 1184.84 0.180952 1
46.0793 1315.38 0.0941176 1
40.2428 1309.69 0.27897 1
1.05215 1226.23 0.0138889 1
78.9217 1294.31 0.0277778 1
57.5461 1384.8 0.175258 1
29.3344 1455.65 0.321429 1
53.6665 1415.99 0.0263158 1
0.804871 1482.35 0.0989011 0
11.9953 1510.05 0.00471698 0
21.3554 1513.16 0.0723404 0
31.3955 1508.17 0.00390625 0
0.804871 1482.35 0.0989011 0
12.8002 27.693 0.229167 1
14.2363 52.3011 0.0299401 1
13.2995 1433.78 0.00471698 0
12.6287 78.4375 0.145455 1
6.15656 69.5493 0.0352941 1
15.4322 74.0381 0.102273 1
21.2608 55.2414 0.125 1
13.4275 88.0012 0.06 1
46.6095 86.9712 0.008 1
25.5797 187.685 0.0283019 0
0.0133667 252.63 0.0451128 1
4.97514 229.162 0.132075 1
24.8331 120.87 0.00735294 0
13.4286 196.231 0.184834 1
3.98766 191.61 0.0912281 1
40.8882 117.34 0.00423729 0
4.10974 173.709 0.182186 1
1.37636 158.62 0.0234375 1
10.2555 164.764 0.0180723 1
31.6073 20.3618 0.00502513 1
7.30492 150.953 0.123016 1
24.2407 3.79919 0.0683761 1
9.97071 181.648 0.0982659 1
17.1072 184.888 0.0213904 1
24.3087 187.713 0.00625 1
21.1638 186.434 0.00793651 1
5.89629 177.971 0.00595238 1
13.6908 170.332 0.0549451 1
16.0996 209.347 0.184549 1
5.47052 209.364 0.0128205 1
11.9941 195.628 0.12766 1
1.35072 201.513 0.0284091 1
10.8722 163.512 0.0559006 1
8.14426 177.575 0.0769231 1
2.00488 175.624 0.0326797 1
19.1872 147.79 0.00877193 1
29.9427 59.3156 0.10084 1
65.5951 136.7 0.168831 1
1.87347 228.882 0.0408163 1
50.8628 187.907 0.242424 1
9.97989 301.933 0.0272109 1
18.0036 292.738 0.0482759 1
1.31194 305.231 0.183246 1
14.814 293.952 0.0419162 1
6.36023 297.913 0.012605 1
15.8832 269.605 0.00649351 1
13.281 288.403 0.0193548 1
12.2521 241.642 0.306977 1
3.60629 263.867 0.0817308 1
32.4207 783.836 0.024 0
63.2979 605.125 0.0714286 0
39.6402 1286.25 0.142857 1
33.5311 790.588 0.0625 0
32.1298 1379.39 0.291667 1
32.1829 1461.05 0.244048 1
69.2415 1472.51 0.0629371 1
49.0708 1455.59 0.00934579 1
36.1089 1418.84 0.036036 1
43.5192 1514.35 0.00869565 1
1.28915 1493.07 0.01 1
10.8527 1246.51 0.0298507 1
30.6007 1437.68 0.0517241 1
77.6405 1392.21 0.205714 1
25.3711 1276.55 0.0133333 1
69.0325 1378.07 0.113772 1
28.4687 1543.06 0.00952381 1
55.5152 1487.21 0.028777 1
23.1944 1535.83 0.00495049 1
45.8219 1526.23 0.00943396 1
5.50296 1430.08 0.0326797 1
79.7453 1527.2 0.147651 1
107.664 1579.77 0.018018 1
59.3695 1644.68 0.0151515 1
78.9684 1728.19 0.0971429 1
16.0399 1599.71 0.0298507 0
47.8686 1730.71 0.205405 1
15.3284 1607.53 0.0723404 0
15.3284 1607.53 0.0298507 0
15.3284 1607.53 0.0294118 0
1.09293 224.458 0.0119522 1
15.367 1615.44 0.00390625 0
28.8855 147.356 0.00561798 0
15.367 1615.44 0.00904977 0
15.367 1615.44 0.137778 0
51.6074 160.887 0.0487805 0
28.8855 147.356 0.00561798 0
5.00328 44.624 0.12069 1
26.6719 160.924 0.132979 0
26.6719 160.924 0.018018 0
26.6719 160.924 0.0283019 0
26.6719 160.924 0.00735294 0
26.6719 160.924 0.018018 0
26.6719 160.924 0.0484848 0
26.6719 160.924 0.052381 0
23.1221 58.8743 0.388889 1
18.2819 155.701 0.186667 1
31.9242 31.2999 0.0484848 0
40.9991 208.452 0.0213904 0
31.9242 31.2999 0.0392157 0
31.9242 31.2999 0.0564972 0
40.9991 208.452 0.00423729 0
40.9991 208.452 0.0213904 0
40.9991 208.452 0.0310881 0
9.07489 177.153 0.0540541 1
35.107 155.567 0.274286 1
22.1102 325.825 0.123188 1
38.3273 95.9055 0.0310881 0
38.3273 95.9055 0.127517 0
38.3273 95.9055 0.0443038 0
49.0978 249.842 0.004329 0
44.8967 134.624 0.137725 1
0.21431 264.455 0.109375 1
38.7919 80.552 0.0136054 0
15.5761 287.855 0.00917431 1
9.2739 279.858 0.0468085 1
5.68121 283.345 0.102857 1
13.9684 276.916 0.0558376 1
5.79214 274.83 0.111628 1
1.10867 266.467 0.0267857 1
36.7062 198.106 0.0824742 1
6.05119 286.174 0.0111111 1
2.07179 276.438 0.0263158 1
2.67294 280.572 0.0373134 1
5.86437 274.123 0.00438596 1
12.7281 267.187 0.0276498 1
7.67081 266.283 0.125 1
25.3148 244.014 0.0220588 1
25.3797 242.591 0.0287081 1
58.283 975.757 0.0714286 0
141.051 686.875 0.00714286 0
64.83 771.766 0.0956522 0
82.7681 1662.63 0.0052356 1
4.97141 300.268 0.060241 1
29.6346 1742.45 0.126374 1
2.49446 1875.54 0.101523 1
44.4548 1804.58 0.209184 1
84.6469 1899.44 0.00653595 1
15.283 1900.35 0.029703 1
30.3646 1786.47 0.0632184 1
38.0111 1799.39 0.0157068 1
58.1827 1825.65 0.00621118 1
63.8056 1607.71 0.0913979 1
10.1833 1804.44 0.0138249 1
50.231 1688.18 0.0245902 1
65.8129 1884.76 0.282828 1
27.212 1829.38 0.0530303 1
7.82312 1867.74 0.0559441 1
56.5177 1796.19 0.00617284 1
5.51349 1732.22 0.0410256 1
67.0854 1813.14 0.00662252 1
25.7391 1863.96 0.239726 1
17.427 1671.81 0.00904977 0
5.26135 1814.24 0.0125786 1
17.4702 1657.12 0.0294118 0
17.4702 1657.12 0.137778 0
22.5475 1874.71 0.00520833 1
49.109 1740.93 0.00591716 1
10.5572 1834.55 0.0430622 1
50.633 159.955 0.0487805 0
68.6244 1779.68 0.0202703 1
38.7503 1859.31 0.222222 1
52.6062 1854.07 0.0650406 1
27.5668 1754.72 0.0149254 1
39.3018 96.8372 0.132979 0
39.3018 96.8372 0.052381 0
39.3018 96.8372 0.0135135 0
16.2839 1624.37 0.015625 0
16.2839 1624.37 0.053719 0
77.7697 1813.46 0.236641 1
18.28 1848 0.0148148 1
39.3018 96.8372 0.0392157 0
23.7751 1541.98 0.00632911 1
17.109 1804.15 0.00645161 1
40.2216 1799.56 0.0070922 1
17.5616 1557.92 0.0564972 0
17.5616 1557.92 0.0135135 0
17.5616 1557.92 0.127517 0
17.5616 1557.92 0.0443038 0
17.5616 1557.92 0.0136054 0
32.5106 1806.83 0.0718563 1
16.621 1800.16 0.22293 1
18.1301 1532.72 0.004329 0
18.1301 1532.72 0.00568182 0
18.1301 1532.72 0.0199005 0
48.7309 1773.72 0.243523 1
8.98125 1803.12 0.00448431 0
18.4639 1536.72 0.00568182 0
9.4827 266.401 0.0251572 1
3.07921 266.22 0.014218 1
18.3646 1542.77 0.0199005 0
18.3646 1542.77 0.026178 0
15.6262 260.404 0.0174419 1
1.60755 269.368 0.0315315 1
15.0565 248.426 0.0625 1
4.52008 261.534 0.0307018 1
8.57668 255.408 0.0247525 1
48.9886 188.967 0.192661 1
9.13659 268.082 0.10989 1
11.8828 289.103 0.38191 1
1.20308 284.593 0.0758294 1
18.5905 276.974 0.0446927 1
13.4757 284.462 0.0188679 1
18.8238 279.847 0.0422535 1
12.1343 273.428 0.0176471 1
60.4054 896.113 0.00714286 0
29.0862 276.304 0.100478 1
52.5172 1714.75 0.285047 1
61.2525 912.472 0.0956522 0
25.0555 1706.36 0.00534759 1
37.0616 1757.59 0.181818 1
68.1461 1778.5 0.111732 1
35.3195 1764.07 0.136646 1
0.196594 1795.73 0.00675676 1
51.0159 1723.8 0.0535714 1
20.3122 1686.75 0.00456621 1
8.13979 1750.35 0.0555556 1
31.869 1670.38 0.0543478 1
67.4257 1602.73 0.0458015 1
12.0282 1648.36 0.251064 1
36.0136 1717.74 0.00520833 1
71.1454 1595.81 0.0634921 1
0.847748 1663.53 0.164706 1
86.0554 1622.55 0.00970874 1
24.7631 1683.48 0.259887 1
40.9476 1734.02 0.266355 1
20.3982 1635.36 0.00497512 1
0.268097 1611.16 0.0188679 1
20.4393 1721.99 0.0130719 1
28.4107 1675.4 0.1 1
18.9372 1473.68 0.015625 0
72.1394 1587.39 0.010989 1
63.0938 1679.65 0.0949721 1
7.21692 1679.17 0.0787879 1
32.5741 1732.81 0.0322581 1
17.9806 1494.97 0.053719 0
23.9846 1701.27 0.048951 1
1.95716 1705.41 0.0162162 1
38.0439 1695.48 0.00483092 1
2.44289 1707.21 0.00769231 1
18.2613 1468.37 0.026178 0
18.2613 1468.37 0.0187793 0
35.081 1513.85 0.015873 1
18.2204 1468.04 0.00448431 0
18.2204 1468.04 0.0187793 0
18.2204 1468.04 0.109244 0
18.2204 1468.04 0.10625 0
9.42169 262.664 0.00546448 1
18.1137 1470.02 0.00819672 0
18.1137 1470.02 0.00666667 0
9.25707 268.464 0.0333333 1
2.35633 268.154 0.169421 1
4.16917 254.515 0.09375 1
15.2468 144.235 0.0223464 1
1.65546 261.212 0.0135135 1
5.69717 258.262 0.0316456 1
18.0923 256.216 0.419048 1
8.66461 244.343 0.0125 1
8.52698 257.223 0.0829016 1
16.1944 248.87 0.0613497 1
4.46337 249.733 0.190955 1
14.1489 245.793 0.015873 1
2.33378 206.014 0.218085 1
45.6876 1564.37 0.0310559 1
6.71262 1573.31 0.0938967 1
57.0448 1694.92 0.037037 1
84.4801 1682.72 0.346821 1
17.1175 1681.53 0.0434783 1
54.8701 1715.19 0.00540541 1
27.5026 1757.42 0.115942 1
23.8049 1732.2 0.00552486 1
12.2162 1750.92 0.09 1
17.7867 1646.4 0.0271493 1
4.536 1534.3 0.232143 1
31.9741 1382.57 0.0238095 1
71.5064 1635.39 0.0220994 1
47.358 1650.33 0.0163934 1
19.2925 1565.81 0.0314136 1
36.6566 1607.58 0.157143 1
74.5384 1540.08 0.224599 1
49.9239 1672.48 0.0956938 1
9.83709 1694.05 0.00952381 1
38.0793 1718.26 0.00925926 1
58.9777 1716.26 0.0205479 1
12.727 1735.91 0.0342857 1
45.5723 1739.64 0.0160428 1
92.2054 1675.2 0.0106952 1
4.94287 1719.77 0.0331492 1
31.5337 1781.56 0.0410959 1
11.0009 1760.12 0.0872093 1
71.863 1725.54 0.0294118 1
48.2338 1781.93 0.423077 1
27.622 1708.21 0.0952381 1
12.5184 1757.03 0.0206897 1
25.4008 1788.32 0.0414938 1
39.5444 1727.49 0.00571429 1
15.7641 1555.91 0.109244 0
45.8664 1750.95 0.0609756 1
16.0772 1558.22 0.0427807 0
15.8984 1756.01 0.0408163 1
17.9454 1758.54 0.00452489 0
16.1688 1549.55 0.10625 0
16.1688 1549.55 0.00819672 0
16.1688 1549.55 0.00666667 0
16.1688 1549.55 0.0427807 0
16.1688 1549.55 0.0235849 0
16.1688 1549.55 0.0236686 0
1.77657 208.99 0.201031 1
17.2664 231.759 0.4 1
6.69344 233.674 0.0408163 1
10.0364 243.75 0.0157895 1
51.059 176.636 0.0168067 1
0.199562 265.51 0.395122 1
11.285 251.385 0.0710901 1
2.13255 268.928 0.0878049 1
31.246 255.601 0.125 1
13.5114 268.117 0.029661 1
28.7783 251.014 0.0833333 1
19.4005 262.161 0.0189873 1
39.8158 1016.87 0.277778 1
41.5262 1620.18 0.185714 1
13.6132 1715.08 0.115385 1
40.0411 1754.66 0.0178571 1
19.5602 1662.25 0.0431655 1
72.4754 1688.11 0.350746 1
1.10684 1674.71 0.08 1
45.2935 1731.97 0.144385 1
18.449 1698.11 0.0777202 1
45.0439 1707.95 0.291971 1
44.3726 1719.17 0.0198676 1
48.7441 1730.58 0.00549451 1
16.9552 1635.9 0.05 1
72.3353 1731.56 0.00609756 1
52.2202 1217.63 0.0144928 1
16.6694 1632.28 0.0875576 1
1.1913 1191.46 0.027027 1
72.3695 1693.91 0.0204082 1
14.1357 1699.44 0.0107527 1
43.6921 1749.85 0.0165746 1
79.127 1761.2 0.016 1
6.12652 1743.16 0.00966184 1
48.9418 1710.62 0.00641026 1
27.6619 1706.79 0.157303 1
16.8907 1585.58 0.0172414 1
32.829 1726.53 0.0617978 1
57.5898 1708.32 0.0391061 1
28.491 1695.65 0.02 1
19.4023 1760.66 0.00454545 1
42.579 1731.67 0.00746269 1
30.0654 1700.59 0.0130719 1
2.98975 1679.41 0.0170455 1
17.2979 1490.8 0.0235849 0
31.5271 1714.12 0.171103 1
51.7355 1709.14 0.00970874 1
17.6993 1488.78 0.0236686 0
17.6993 1488.78 0.182266 0
45.0083 1705.02 0.141176 1
22.6786 1742.12 0.005 1
18.0621 1483.67 0.00452489 0
18.0621 1483.67 0.182266 0
18.0621 1483.67 0.00444444 0
21.8282 214.735 0.304598 1
29.5184 237.419 0.0243902 0
6.26992 267.414 0.00826446 1
34.4883 217.602 0.025 1
29.6336 238.24 0.00628931 0
16.9472 265.387 0.0431034 1
15.1503 268.104 0.38914 1
18.5141 267.253 0.0703518 1
4.91257 274.038 0.0287081 1
7.83546 271.339 0.0512821 1
29.0904 234.597 0.010989 1
9.21783 262.288 0.0823045 1
64.6601 1269.95 0.167785 1
17.1927 1572.22 0.223529 1
7.91467 1405.18 0.0643275 1
63.5993 1684.84 0.0103627 1
10.3556 1633.97 0.00613497 1
42.1588 1676.36 0.00515464 1
74.8095 1670.67 0.0991736 1
31.0021 1669.33 0.0431655 1
2.74487 1727.03 0.0628571 1
19.6344 1614.35 0.0758621 1
37.7134 1577.08 0.0140845 1
31.0688 1631.15 0.0343137 1
11.7052 1545.32 0.0549451 1
35.1477 1642.42 0.0797546 1
98.3071 1731.42 0.0145985 1
82.5082 1711.33 0.0197368 1
39.6966 1643.02 0.00526316 1
56.3699 1531.51 0.00704225 1
18.8294 1705.84 0.00529101 1
61.2281 1759.3 0.00699301 1
14.1924 1698.45 0.0725389 1
19.4653 1735.37 0.00480769 1
20.556 1621.2 0.00529101 1
15.1659 1622.76 0.046083 1
58.0806 1528.07 0.0377358 1
2.75474 1666.53 0.0108696 1
83.4509 1682.74 0.383178 1
2.87455 1704.97 0.0338983 1
33.7388 1718.87 0.337349 1
67.9876 1643.59 0.00595238 1
5.75322 1734.88 0.288793 1
53.9053 1727.96 0.00694444 1
41.5217 1618.53 0.0717949 1
8.61011 1603.57 0.0393258 1
17.5451 1714.23 0.0164609 1
37.1562 1705.94 0.15625 1
3.7743 1704.94 0.0136054 1
19.0415 1470.81 0.00444444 0
11.3484 1705.62 0.0995475 1
12.881 1663.53 0.0222222 1
20.7811 1652.41 0.0178571 1
19.0092 1455.75 0.0243902 0
19.0092 1455.75 0.00628931 0
39.4667 1594.17 0.210191 1
19.1405 1455.61 0.0438596 0
3.62939 220.871 0.00757576 0
30.0375 208.483 0.0207254 0
19.1405 1455.61 0.0120482 0
19.1405 1455.61 0.0136986 0
30.0375 208.483 0.00657895 0
3.62939 220.871 0.0530303 0
30.0375 208.483 0.015544 0
30.0375 208.483 0.0172414 0
24.6874 270.768 0.03125 1
10.425 271.86 0.211009 1
30.2429 208.369 0.0190476 0
13.8371 256.561 0.0994475 1
39.2297 242.063 0.00840336 1
13.9849 263.42 0.125 1
1.51662 250.746 0.021645 1
79.1 1314.05 0.197605 1
40.8117 1559.32 0.0609137 1
58.2995 1667.98 0.00641026 1
35.4168 1678.56 0.0956938 1
52.6706 1647.67 0.011236 1
10.5497 1628.17 0.295082 1
31.9125 1701.96 0.115854 1
18.2009 1679.04 0.0639535 1
57.7555 1614.38 0.00840336 1
6.74751 1578 0.125 1
22.5616 1638.17 0.0387097 1
16.885 1652.26 0.00515464 1
65.1322 1680.9 0.0405405 1
79.0529 1679.85 0.0298507 1
60.0475 1682.63 0.137931 1
106.97 1745.5 0.27907 1
78.0783 1708.88 0.112903 1
10.1268 1628.38 0.0430622 1
28.5177 1770.85 0.01 1
57.3864 1686.8 0.0320513 1
3.72262 1764.25 0.0913979 1
63.1448 1538.25 0.0273973 1
42.6564 1645.23 0.0466667 1
4.6218 1689.91 0.0344828 1
29.6055 1765.83 0.050505 1
8.04026 1744.6 0.0165746 1
7.58356 1719.24 0.0397727 1
37.6371 1760.41 0.0045045 1
17.7777 1722.42 0.012987 1
23.1866 1687.14 0.0409357 1
51.3774 1724.25 0.00662252 1
37.5971 1723.68 0.0853081 1
25.2128 1678.14 0.105727 1
36.2771 1626.12 0.0982143 1
20.2167 1745.92 0.0248756 1
19.5503 1505.16 0.0120482 0
19.5503 1505.16 0.0438596 0
19.5503 1505.16 0.0136986 0
15.2925 1725.08 0.00892857 1
33.2329 1700.61 0.018018 1
19.5926 1500.33 0.00757576 0
19.5926 1500.33 0.0530303 0
11.0733 1707.85 0.17801 1
42.5303 1706.89 0.225806 1
40.328 1692.96 0.00699301 1
24.1966 1736.26 0.0216216 1
19.8119 1488.44 0.0207254 0
19.8119 1488.44 0.00657895 0
19.8119 1488.44 0.015544 0
19.8119 1488.44 0.0172414 0
19.8119 1488.44 0.0190476 0
19.8119 1488.44 0.0111111 0
9.85564 1699.82 0.00492611 1
19.8405 1483.8 0.0111111 0
19.8405 1483.8 0.00574713 0
19.8405 1483.8 0.00763359 0
32.6805 241.603 0.263158 1
19.9393 1481.31 0.0229885 0
18.6317 263.541 0.217213 1
12.2404 273.2 0.121457 1
6.63274 255.79 0.0681818 1
43.1437 989.632 0.107383 1
47.7175 1337.63 0.00625 1
4.76251 1233.05 0.102804 1
26.5542 1612.61 0.0384615 1
73.6518 1669.4 0.12844 1
34.3911 1653.34 0.012987 1
49.28 1658.65 0.00480769 1
18.9939 1579.94 0.0234375 1
71.4425 1698.04 0.0718232 1
42.0798 1697.76 0.0649351 1
63.4745 1664.54 0.0225989 1
40.4592 1622.9 0.0176471 1
42.0561 1666.15 0.0402685 1
5.95074 1676.94 0.0235294 1
21.4122 1651.62 0.00653595 1
89.8969 1733.28 0.0515464 1
64.5682 1710.95 0.0983607 1
42.6186 1609.14 0.0909091 1
35.113 1690.73 0.158974 1
69.5315 1687.14 0.0661765 1
14.3615 1710.73 0.0102564 1
17.0435 1695.43 0.0596026 1
35.7405 1736.38 0.00641026 1
12.8665 1752.7 0.141304 1
61.2033 1628.85 0.0210526 1
28.9637 1678.34 0.0512821 1
59.0971 1634 0.0794702 1
80.1712 1693.82 0.017094 1
77.1857 1668.7 0.243243 1
9.72173 1651.07 0.025974 1
42.4283 1739.33 0.149351 1
25.465 1651.66 0.0238095 1
17.7568 1737.23 0.0412371 1
12.2098 1671.86 0.0232558 1
6.14744 1730.83 0.0765766 1
47.0453 1721.07 0.00636943 1
4.70622 1678.69 0.139706 1
54.9527 1724.58 0.189873 1
0.289856 1735.11 0.00473934 1
40.2174 1756.44 0.122807 1
16.6285 1709.57 0.158879 1
0.802818 1722.15 0.0732984 1
49.0453 1714.89 0.0731707 1
11.5195 1711.2 0.0224719 1
19.5075 1489.46 0.00574713 0
19.5075 1489.46 0.00763359 0
19.5075 1489.46 0.0229885 0
19.5075 1489.46 0.00847458 0
37.8183 1649.08 0.0854701 1
45.0911 1709.78 0.122449 1
46.9163 1736.89 0.00574713 0
19.5517 1489.83 0.00847458 0
19.5517 1489.83 0.0283688 0
27.3647 247.059 0.0362319 1
19.7703 1485.87 0.00460829 0
9.3365 268.18 0.117949 1
61.3185 889.755 0.027027 1
14.7967 1382.83 0.0764706 1
11.36 1558.61 0.0283688 1
60.2929 1665.94 0.0052356 1
40.3588 1675.83 0.0967742 1
18.495 1635.29 0.0330189 1
8.22706 1659.37 0.289655 1
17.5881 1664.63 0.0963855 1
90.7863 1639.22 0.106918 1
22.4036 1582.31 0.0167598 1
69.7244 1560.19 0.00617284 1
33.7437 1656.11 0.0769231 1
30.0825 1441.8 0.021978 1
11.1912 1603.4 0.0414201 1
67.6572 1722.74 0.0104167 1
46.4097 1724.23 0.342246 1
110.137 1764.65 0.3 1
6.33658 1744.19 0.0545455 1
48.5705 1681.63 0.010929 1
26.8263 1690.08 0.00621118 1
34.5937 1664.58 0.121569 1
63.3354 1711.36 0.0656566 1
7.55931 1750.71 0.105882 1
23.6697 1750.18 0.0582011 1
9.84982 1743.92 0.0248756 1
39.4115 1773.49 0.0447761 1
14.4652 1757.9 0.0458015 1
39.3394 1741.53 0.0939227 1
43.2998 1776.4 0.0320513 1
57.7241 1777.72 0.0641711 1
13.6005 1665.93 0.00462963 1
32.1412 1717.21 0.0863636 1
26.3051 1758.15 0.202749 1
3.03455 1745.27 0.00505051 1
22.1656 1745.48 0.042735 1
17.7319 1702.62 0.076087 1
27.6551 1742.92 0.0818966 1
31.0911 1736.66 0.0166667 1
52.8287 1726.1 0.0075188 1
46.9612 1720.05 0.0373134 1
12.482 1729.04 0.0705882 1
5.60903 1736.36 0.0138889 1
31.8546 1741.32 0.42029 1
19.7875 1490.63 0.0283688 0
19.585 1728.62 0.0273224 1
28.6837 1716.32 0.00869565 1
19.9324 1484.41 0.00460829 0
19.9324 1484.41 0.00598802 0
19.9324 1484.41 0.00574713 0
19.9324 1484.41 0.00598802 0
19.9324 1484.41 0.0352423 0
19.7847 249.905 0.202128 1
24.9953 196.439 0.0970149 1
12.3725 156.361 0.0410959 0
63.8144 189.005 0.25 1
70.2725 1658.53 0.0877193 1
31.0906 1549.92 0.251309 1
67.5218 1544.81 0.00645161 1
38.0258 1474.15 0.0274725 1
6.85309 1572.6 0.103261 1
80.4145 1690.29 0.0855263 1
45.3222 1690.52 0.00584795 1
68.7112 1726.31 0.0233918 1
16.3502 1609.08 0.0123457 1
64.7113 1691.48 0.0531915 1
2.71229 1694.94 0.161458 1
24.6733 1594.96 0.0184049 1
8.20786 1600.91 0.0159574 1
6.2435 1694.99 0.0280374 1
25.857 1722.39 0.121547 1
79.3901 1712.88 0.263959 1
95.941 1701.49 0.143713 1
29.7827 1592.51 0.186869 1
16.1134 1703.26 0.388626 1
42.3559 1665.33 0.0257732 1
2.63607 1668.48 0.0662983 1
76.5823 1633.15 0.00729927 1
39.4923 1711.54 0.345912 1
33.8547 1599.38 0.116751 1
9.57949 1726.44 0.0714286 1
67.2881 1695.04 0.00645161 1
53.9992 1754.34 0.0731707 1
7.45145 1681.15 0.0555556 1
84.8307 1689.08 0.0114286 1
36.9317 1733.32 0.0670732 1
11.7242 1736.74 0.325243 1
3.27141 1686.13 0.0242718 1
15.6629 1740.94 0.0252101 1
5.59953 1751.07 0.0225564 1
45.7866 1675.33 0.00909091 1
29.6935 1624.31 0.125 1
5.5677 1710.97 0.00649351 1
7.01955 1658.47 0.00666667 1
15.851 1697.4 0.0390244 1
64.2145 1649.31 0.00900901 1
27.577 1703.44 0.0218978 1
17.621 1729.2 0.0231481 1
20.6475 1620.14 0.00595238 1
40.6873 1714.2 0.1 1
13.3409 1702 0.140351 1
19.6307 1439.12 0.0352423 0
19.6307 1439.12 0.0135747 0
3.85019 1695.96 0.00396825 1
11.9061 184.525 0.0410959 0
11.9061 184.525 0.139073 0
31.5255 1618.69 0.0202703 1
33.5521 1539.43 0.0194175 0
19.5673 1433.13 0.0135747 0
19.5673 1433.13 0.139073 0
19.5673 1433.13 0.0391061 0
19.5673 1433.13 0.0704225 0
13.9849 106.297 0.0298507 1
19.7452 1432.03 0.0060241 0
51.9552 1096.49 0.0990991 1
36.2943 1425.38 0.15 1
18.7883 1460.59 0.087963 1
48.7037 1540.3 0.178571 1
72.7484 1696.42 0.0202703 1
55.6389 1722.1 0.0189873 1
97.3661 1737.55 0.305344 1
86.8995 1717.43 0.047619 1
39.5581 1627.96 0.0575916 1
15.6487 1478.28 0.0245902 1
103.013 1599.36 0.0277778 1
56.4792 1609.81 0.211268 1
48.6322 1720.28 0.00609756 1
72.933 1745.9 0.0167598 1
57.8416 1783.09 0.00881057 1
38.8051 1778.88 0.0462963 1
100.879 1796.66 0.153846 1
35.9259 1695.46 0.0362319 1
13.065 1624.26 0.1 1
18.9387 1780.33 0.106599 1
41.9986 1671.35 0.0672269 1
51.9934 1719.57 0.080402 1
1.20444 1748.88 0.0401786 1
38.6958 1782.16 0.0196078 1
27.3717 1702.04 0.0974359 1
48.5216 1748.67 0.138686 1
43.2016 1700.42 0.469945 1
69.7362 1770.21 0.467213 1
100.489 1806.32 0.0143885 1
75.3669 1800.44 0.354167 1
66.0897 1766.72 0.0797101 1
19.3585 1700.64 0.0656566 1
38.4068 1798.9 0.0462185 1
9.75681 1805.86 0.0297872 1
21.4559 1787.6 0.0185185 1
42.1774 1815.16 0.010989 1
30.3776 1775.73 0.00515464 1
45.063 1802.39 0.0535714 1
31.4086 1793.82 0.0963855 1
3.19939 1712.76 0.0143885 1
45.7472 1730.28 0.129213 1
1.82178 1784.65 0.0189573 1
43.1669 1718.77 0.201389 1
21.4805 1705.99 0.0097561 1
17.825 1731.08 0.00469484 1
19.0432 1514.75 0.0391061 0
19.0432 1514.75 0.0704225 0
19.0432 1514.75 0.0060241 0
19.0432 1514.75 0.030303 0
20.3192 1591.17 0.00413223 1
19.1304 1509.69 0.0194175 0
19.1304 1509.69 0.030303 0
19.1304 1509.69 0.0880503 0
19.1304 1509.69 0.0674847 0
27.6129 1122 0.160804 1
7.37849 1471.57 0.107143 1
78.3593 1561.57 0.00746269 1
6.66225 1710.16 0.05 1
26.7397 1613.66 0.00483092 1
34.5717 1758.93 0.0610687 1
104.053 1806.53 0.00729927 1
59.3242 1797.24 0.0783133 1
5.05447 1574.61 0.0928571 1
92.4459 1657.83 0.0060241 1
77.6549 1750.42 0.055814 1
14.9976 1635.93 0.013245 1
47.8925 1549.06 0.145833 1
30.2151 1772.8 0.176056 1
2.14436 1738.35 0.0209424 1
23.9408 1788.37 0.00588235 1
83.4033 1765.6 0.00757576 1
0.056694 1825.88 0.328467 1
25.7453 1798.32 0.0326797 1
36.9034 1810.31 0.0193237 1
2.38251 1808.47 0.0310881 1
25.1145 1805.29 0.0234742 1
72.4717 1743.94 0.00617284 1
22.0158 1821.66 0.3361 1
55.576 1792.61 0.00680272 1
2.8794 1784.01 0.0802469 1
23.193 1768.01 0.00507614 1
3.84372 1636.87 0.0682731 1
8.4986 1677.93 0.00675676 1
39.2647 1715.45 0.0222222 1
79.5405 1728.8 0.00704225 1
24.1839 1754.45 0.126984 1
31.2418 1784.54 0.113772 1
8.41773 1748.27 0.0042735 1
27.944 1828.07 0.0212766 1
7.43144 1783.13 0.0531401 1
23.4977 1567.82 0.0147059 1
22.0005 1765.39 0.00558659 1
16.1235 1744.63 0.143333 1
57.6878 1598.68 0.0210526 1
16.0799 1806.86 0.586667 1
44.0482 1653.84 0.0833333 1
26.7195 1651.95 0.165746 1
58.0013 1774.72 0.102041 1
22.2806 1732.6 0.300613 1
4.68718 1733.76 0.0154639 1
36.9813 1716.59 0.345833 1
18.6317 1516.12 0.0880503 0
17.551 1559.17 0.0515021 1
18.5775 1512.25 0.0674847 0
5.69454 1271.44 0.12069 1
70.8987 1713.2 0.336538 1
1.58077 1474.09 0.0988372 1
36.1418 1563.92 0.103093 1
8.02099 1716.79 0.015873 1
66.482 1744.39 0.0136986 1
80.1796 1797.97 0.0151515 1
91.447 1691.27 0.0169492 1
34.8713 1591.11 0.288 1
21.4924 1616.01 0.0441176 1
106.424 1754.31 0.0173913 1
53.1639 1799.43 0.0105263 1
7.44961 1747.57 0.00540541 1
29.9791 1722.79 0.0990099 1
12.7332 1742.13 0.0487805 1
43.0984 1760.06 0.0132743 1
53.7348 1748.44 0.0251256 1
15.5112 1810.07 0.0414508 1
6.456 1802.38 0.0252525 1
69.2895 1795.04 0.197368 1
56.3689 1776.14 0.207254 1
40.7331 1756.23 0.0223464 1
12.9263 1807.77 0.0097561 1
4.63364 1771.32 0.0487805 1
26.1662 1743.04 0.00549451 1
30.4256 1792.54 0.00784314 1
50.9987 1503.67 0.0070922 1
10.6024 1723.51 0.0151515 1
34.5145 1747.77 0.269388 1
6.72062 1663.4 0.00483092 1
4.45017 1804.43 0.0502513 1
56.1617 1770.91 0.0330578 1
23.9526 1793.18 0.00561798 1
34.5395 1803.72 0.0210084 1
62.8087 1747.43 0.0852713 1
2.39525 1724.31 0.025641 1
43.7929 1767.26 0.081448 1
0.558624 1786.44 0.153226 1
4.25858 1757.16 0.32963 1
71.5449 1722.29 0.224719 1
4.74841 1687.23 0.0530303 1
83.6861 1765.84 0.285714 1
20.0943 1704.13 0.00389105 1
45.2766 1687.65 0.0290698 1
61.6505 1678.29 0.0697674 1
45.8017 1520.8 0.265306 1
93.3274 1743.02 0.0162602 1
53.1449 1640.36 0.0234742 1
41.3784 1684.08 0.038835 1
56.575 1666.93 0.0432432 1
28.3759 1682.27 0.0666667 1
32.2154 1688.41 0.00680272 1
69.5359 1762.85 0.0714286 1
73.2141 1452.78 0.0425532 1
14.2277 1535.84 0.00729927 1
16.081 1754.09 0.0779221 1
88.5476 1650.24 0.104478 1
47.989 1681.05 0.0384615 1
36.2055 1655.44 0.0728477 1
27.3371 1638.35 0.0357143 1
62.0922 1720.99 0.103659 1
4.08722 1720.24 0.133929 1
30.373 1810.32 0.0140845 1
56.0453 1766.75 0.0170455 1
19.0353 1717.22 0.211823 1
50.4412 1738.4 0.00806452 1
41.5007 1723.57 0.386243 1
43.0486 1538.58 0.0434783 1
73.8147 1703.42 0.00704225 1
0.891716 1720.8 0.00884956 1
29.89 1655.73 0.00628931 1
83.199 1692.09 0.141414 1
22.5442 1797.43 0.0522876 1
41.1017 1765.86 0.110619 1
14.544 1759.55 0.0588235 1
20.3806 1702.45 0.0170455 1
80.6212 1750.31 0.0425532 1
92.045 1765.38 0.246575 1
51.9849 1776.26 0.00680272 1
5.62595 1829.61 0.0502513 1
52.4671 1774.68 0.338798 1
0.107079 1788.25 0.19337 1
18.1152 1810.41 0.0404624 1
37.2889 1694.66 0.237288 1
38.0525 1795.83 0.0234742 1
18.0298 1791.76 0.100418 1
6.7793 1789.8 0.0128205 1
30.7359 1776.65 0.244344 1
31.713 1686.53 0.0338983 1
29.9742 1801.17 0.0128205 1
25.2711 1456.46 0.0299401 1
28.6185 1586.98 0.166667 1
70.7754 1718.92 0.325843 1
33.0239 1729.71 0.0246914 1
3.69624 1693.82 0.0176991 1
47.9027 1671.11 0.0660377 1
1.29938 1761.22 0.0114943 1
32.9748 1746.09 0.00641026 1
54.6555 1780.02 0.0959596 1
87.3043 1742.18 0.128378 1
31.3189 1618.55 0.101449 1
62.8593 1754.24 0.0280374 1
34.9739 1608.3 0.015748 1
91.7007 1659.08 0.00869565 1
1.1059 1729.9 0.055 1
63.244 1475.68 0.08 1
22.2318 1767.74 0.0110497 1
32.9686 1751.2 0.0502793 1
87.5645 1780.97 0.00558659 1
5.4392 1806.04 0.0310881 1
45.547 1822.99 0.0440252 1
3.89296 1807.05 0.0294118 1
26.9817 1766.53 0.0377358 1
61.027 1725.93 0.0793651 1
29.9136 1755.91 0.03125 1
10.8925 1701.67 0.0988372 1
14.2723 1651.12 0.00671141 1
47.8771 1739.14 0.123762 1
25.597 1697.78 0.0408163 1
47.6718 1716.6 0.20297 1
23.1315 1803.32 0.017341 1
26.2793 1789.5 0.0366972 1
1.22521 1784.51 0.00507614 1
8.48341 1766.25 0.164948 1
29.6582 1783.9 0.102439 1
11.1459 1802.36 0.0540541 1
25.3414 1767.67 0.0178571 1
28.3024 1793.95 0.00515464 1
1.60499 1732.26 0.143678 1
10.577 1788.82 0.00609756 1
31.6685 1720.49 0.027027 1
8.15837 1798.05 0.311558 1
37.2797 1762.79 0.0116279 1
47.5589 1774.84 0.0659341 1
62.6083 1759.33 0.0632184 1
75.0757 1773.35 0.183007 1
13.3697 1778.93 0.0306748 1
4.09701 1703.28 0.00440529 1
31.6903 1608.86 0.202073 1
50.8193 1567.67 0.0717949 1
6.39535 1513.44 0.316981 1
60.6514 1710.28 0.00829876 1
29.9734 1742.61 0.049505 1
26.3604 1595.54 0.0193548 1
26.0005 1608.07 0.0277778 1
66.3325 1686.27 0.0487805 1
37.5631 1741.19 0.0193237 1
74.9186 1739.13 0.211111 1
87.1564 1582.46 0.0322581 1
16.7535 1410.71 0.141975 1
30.7378 1513.22 0.0047619 1
27.367 1548.75 0.00719424 1
22.3961 1685.43 0.131429 1
53.0153 1675.04 0.0555556 1
14.9726 1568.2 0.0191388 1
66.4323 1676.64 0.0198676 1
65.3243 1765.1 0.240343 1
16.5275 1795.39 0.0136986 1
32.9537 1809.72 0.0692308 1
22.5749 1725.33 0.173469 1
89.2677 1772.99 0.15625 1
12.2371 1749.99 0.0463576 1
41.5645 1743.79 0.00621118 1
55.9873 1441.98 0.05 1
78.5834 1781.12 0.00694444 1
44.1248 1724.59 0.0192308 1
68.0078 1590.94 0.206349 1
11.123 1787.49 0.00555556 1
9.8289 1781.58 0.209302 1
35.9281 1782.52 0.0186916 1
1.95542 1739.48 0.0663265 1
42.822 1787.29 0.049505 1
45.3105 1796.74 0.176211 1
66.4906 1693.13 0.00454545 1
17.0924 1803.49 0.00492611 1
44.0264 1779.66 0.0111111 1
8.76068 1740.07 0.0201005 1
49.1717 1777.71 0.0291262 1
7.18566 1777.15 0.111111 1
35.4791 1628.24 0.0185185 1
30.6801 1796.1 0.056872 1
10.2761 1804.48 0.00632911 1
26.2384 1794.07 0.00537634 1
18.2667 1758.94 0.200692 1
86.4988 1799.66 0.00625 1
50.2177 1587.61 0.00793651 1
20.6988 1666.83 0.163636 1
33.8764 1630.07 0.0534759 1
18.9231 1549.63 0.0444444 1
82.2749 1673.06 0.00515464 1
1.50317 1679.74 0.019802 1
70.5488 1730.39 0.00507614 1
20.6266 1692.1 0.0245902 1
7.87385 1706.27 0.0264901 1
16.892 1727 0.201923 1
63.5296 1697.05 0.181818 1
49.8458 1586.11 0.030303 1
96.5498 1669.25 0.0753425 1
48.8361 1529.11 0.0107527 1
75.1614 1571.93 0.164319 1
26.5258 1643.04 0.0576923 1
44.2227 1694.1 0.0114286 1
18.3288 1672.59 0.00598802 1
61.0149 1651.91 0.00684932 1
67.0836 1764.51 0.0111111 1
51.1747 1769.1 0.135593 1
36.5476 1814.8 0.241176 1
49.33 1819.11 0.0233645 1
67.5158 1810.4 0.00442478 1
18.5316 1815.97 0.181319 1
37.1921 1781.94 0.0194805 1
47.2398 1807.73 0.025974 1
18.4793 1822.24 0.0454545 1
0.359467 1723.97 0.0142857 1
32.1888 1792.52 0.277778 1
61.7272 1744.92 0.161017 1
7.29078 1807.52 0.0434783 1
79.9302 1824.61 0.0703125 1
7.87223 1791.76 0.026178 1
35.1012 1764.58 0.251282 1
21.8161 1808 0.0182648 1
39.9447 1817.77 0.0472973 1
61.0439 1763.3 0.0647482 1
27.6706 1763.58 0.169399 1
23.9712 1809.7 0.0135135 1
11.0596 1806.06 0.0205479 1
11.2503 1805.34 0.0103627 1
52.505 1760.26 0.408602 1
4.67989 1817.29 0.0416667 1
75.9074 1756.49 0.0124481 1
102.393 1797.04 0.312102 1
71.0012 1787.28 0.00505051 1
64.0044 1832.19 0.0783133 1
17.519 1728.7 0.263158 1
22.017 1522.25 0.2723 1
41.5513 1641.36 0.0135135 1
75.3116 1811.08 0.0344828 1
34.9523 1505.54 0.0746269 1
77.6286 1777.61 0.22449 1
50.8527 1621.68 0.0454545 1
54.4015 1767.48 0.0206186 1
28.5335 1701.86 0.0869565 1
47.9799 1646.87 0.125 1
69.4425 1799.2 0.180124 1
16.2579 1682.16 0.087963 1
53.4379 1821.15 0.00684932 1
9.90742 1816.01 0.172414 1
22.5205 1778.76 0.0310078 1
34.1979 1650.8 0.0591398 1
26.4036 1721.16 0.120253 1
2.17107 1785.81 0.027027 1
12.2261 1613.47 0.00460829 1
92.3781 1837.16 0.0143885 1
68.8399 1830.96 0.0807175 1
41.116 1866.82 0.0283401 1
28.2964 1852.01 0.0150754 1
96.5859 1855.38 0.121622 1
6.87238 1786.56 0.446927 1
3.73743 1818.13 0.17619 1
33.2897 1825.29 0.0545455 1
52.4403 1799.03 0.00961538 1
21.3343 1829.41 0.188341 1
35.8983 1761.84 0.0367647 1
22.0259 1810.91 0.00518135 1
62.2586 1805.31 0.0189873 1
103.756 1875.46 0.0471698 1
95.3247 1867.28 0.507937 1
58.0149 1839.16 0.0588235 1
9.0162 1786.51 0.172727 1
20.5581 1789.37 0.161111 1
15.4451 1802.76 0.0322581 1
3.81934 1779.08 0.035503 1
2.77993 1831.17 0.0123457 1
10.782 1851.7 0.0316742 1
25.7572 1867.24 0.10929 1
41.4428 1728.62 0.00671141 1
32.3005 1865.75 0.0639535 1
7.03334 1850.05 0.03125 1
90.5799 1799.78 0.0331126 1
26.3751 1778.71 0.0147783 1
43.6579 1750.78 0.00510204 1
55.6811 1804.14 0.0961538 1
40.6352 1736.91 0.0967742 1
65.0102 1805.06 0.0974359 1
29.1651 1717.66 0.0578512 1
94.3813 1811.08 0.00617284 1
62.6127 1763.72 0.180952 1
5.79007 1637.62 0.00446429 1
36.5299 1743.35 0.166667 1
38.4191 1665.88 0.0304569 1
35.287 1524.42 0.0306122 1
15.653 1796.94 0.0482759 1
78.1995 1810.97 0.0114286 1
5.94782 1682.51 0.232432 1
80.3737 1595.09 0.0434783 1
49.01 1692.99 0.0382166 1
24.1071 1764.46 0.169312 1
64.7479 1757.18 0.00689655 1
34.5351 1710.26 0.369231 1
75.8052 1863.98 0.0150754 1
52.459 1877.99 0.0792683 1
22.9 1844.68 0.0110497 1
56.4241 1884.63 0.0166667 1
59.8702 1852.4 0.0233645 1
89.1126 1771.45 0.129412 1
39.4409 1738.91 0.0564972 1
21.4986 1525.46 0.00561798 1
1.75641 1832.3 0.0326087 1
45.4482 1865.27 0.47619 1
15.7535 1849.66 0.176768 1
17.7776 1842.51 0.047619 1
6.08926 1770.07 0.0825243 1
19.0554 1845.51 0.0234742 1
28.4709 1859.29 0.0160428 1
52.4639 1867.59 0.0551724 1
7.38554 1783.26 0.189189 1
61.212 1803.64 0.0606061 1
34.6172 1865.19 0.0404858 1
22.4063 1870.73 0.0229008 1
0.542747 1875.53 0.011236 1
50.5748 1793.97 0.0143885 1
2.25917 1859.89 0.0046729 1
12.6464 1876.84 0.0462428 1
20.449 1878.08 0.0505618 1
16.8982 1861.92 0.0174672 1
28.6941 1796.26 0.0194175 1
10.1477 1831.97 0.0517241 1
14.7378 1783.92 0.0212766 1
32.5516 1818.57 0.286765 1
29.424 1634.51 0.0915493 1
5.47101 1514.31 0.248447 1
89.4978 1834.74 0.0769231 1
60.3795 1839.54 0.122302 1
54.3649 1784.28 0.0243902 1
68.1547 1852.36 0.043956 1
6.82921 1687.65 0.182796 1
28.4273 1751.9 0.0540541 1
38.2504 1745.25 0.0855263 1
9.32989 1818.95 0.0701754 1
89.711 1642.14 0.207921 1
42.1554 1736.37 0.0252101 1
36.248 1698.33 0.148148 1
20.3719 1577.49 0.00625 1
9.45325 1812.95 0.0973451 1
18.6388 1802.93 0.0394737 1
58.8293 1689.42 0.0902778 1
2.9217 1703.81 0.0144928 1
23.4659 1820.28 0.0188679 1
58.4563 1866.11 0.0613208 1
45.0317 1858.56 0.047619 1
74.349 1850.89 0.0902778 1
10.9703 1844.22 0.0977778 1
33.3542 1833.78 0.015873 1
36.0634 1803.7 0.0628571 1
3.19979 1804.04 0.0292887 1
25.9469 1837.44 0.279221 1
2.67049 1760.75 0.00584795 1
72.8556 1776.95 0.0152672 1
81.2064 1779.98 0.00645161 1
90.394 1797.92 0.00606061 1
67.4644 1845.91 0.00966184 1
37.3153 1857.38 0.0547945 1
24.6199 1788.38 0.027907 1
45.52 1799.85 0.0283019 1
10.7684 1865.52 0.00465116 1
16.0693 1878.34 0.00847458 1
23.8896 1859.76 0.0141509 1
27.2884 1829.86 0.0409357 1
5.26121 1796.54 0.00816326 1
37.8211 1855.85 0.0410256 1
7.68932 1783.46 0.0164609 1
13.1993 1871.5 0.0456853 1
0.699249 1852.59 0.091954 1
14.4223 1856.15 0.0766283 1
65.393 1693.68 0.097561 1
23.9742 1661.93 0.0549451 1
58.0384 1777.38 0.0384615 1
25.389 1781.53 0.122066 1
97.4773 1850.92 0.0992908 1
30.6647 1687.53 0.391026 1
85.2704 1720.09 0.0171429 1
43.3508 1837.97 0.143564 1
66.8482 1762.85 0.0666667 1
9.89574 1820.74 0.0493827 1
64.5274 1780 0.0143885 1
100.576 1786.35 0.00970874 1
11.2738 1670.07 0.00584795 1
82.4508 1772.72 0.00641026 1
73.9048 1687.03 0.19697 1
18.0005 1755.52 0.025 1
19.1239 1781.89 0.00529101 1
41.0579 1805.89 0.103093 1
47.5046 1762.28 0.278481 1
78.1296 1810.67 0.0104167 1
47.173 1797.87 0.157895 1
80.5211 1812.54 0.0070922 1
66.0845 1882.63 0.0274725 1
103.147 1893.18 0.0150754 1
91.8702 1912.54 0.131783 1
12.6414 1872.61 0.0894309 1
9.58468 1851.06 0.42381 1
20.425 1844.74 0.0266667 1
68.3944 1719.04 0.0576923 1
20.4979 1756 0.0227273 1
48.0478 1807.03 0.0882353 1
40.3843 1862.72 0.0257732 1
4.25687 1857.37 0.00649351 1
6.85614 1831.25 0.00537634 1
16.399 1860.23 0.0141509 1
1.79016 1801.62 0.0658683 1
9.60561 1875.25 0.087963 1
33.4243 1845.89 0.00704225 1
36.1379 1846.02 0.021978 1
5.1328 1865.5 0.0857143 1
41.9255 1814.97 0.0184049 1
27.0404 1878.77 0.428571 1
39.2496 1851.31 0.025 1
19.4662 1875.71 0.00909091 1
24.6907 1879.65 0.131707 1
4.17349 1891.53 0.0315315 1
20.3817 1838.06 0.0244898 1
49.1796 1780.41 0.0983607 1
68.2485 1844.23 0.17734 1
81.5726 1877.88 0.155 1
99.2128 1899.22 0.346154 1
75.8912 1813.51 0.062069 1
20.8845 1698.36 0.0108696 1
43.2003 1768.14 0.0439024 1
5.79746 1828.7 0.00558659 1
30.6922 1835.28 0.016129 1
71.578 1848.4 0.0182927 1
56.7503 1847.77 0.0147059 1
46.9231 1794.65 0.0240385 1
28.2056 1419.61 0.0142857 1
60.4474 1742.44 0.0444444 1
54.2523 1681.26 0.0470588 1
21.3595 1798.09 0.09 1
40.9042 1804.69 0.0124224 1
19.6483 1728.52 0.0157068 1
21.5424 1797.6 0.055 1
41.7588 1828.54 0.0425532 1
65.9233 1901.16 0.0637255 1
22.0923 1888.46 0.242604 1
8.0094 1833.01 0.113095 1
28.706 1889.11 0.0107527 1
52.4971 1816.8 0.0136986 1
9.50209 1850.84 0.0615385 1
40.3416 1802.89 0.0140845 1
36.3929 1876.44 0.0205479 1
10.7678 1816.36 0.0534759 1
13.9737 1868.52 0.113861 1
59.3338 1830.1 0.027972 1
28.9345 1875.3 0.0808511 1
65.7142 1834.95 0.0225989 1
38.3502 1839.24 0.0502283 1
19.8523 1890.43 0.0857143 1
41.5426 1856.17 0.0357143 1
25.0728 1794.86 0.00543478 1
29.0101 1867.04 0.0245098 1
0.125381 1878.84 0.0666667 1
18.5016 1876.35 0.00425532 1
19.0796 1883.89 0.00578035 1
19.2048 1880.91 0.294372 1
59.1085 1856.93 0.0571429 1
5.28439 1844.94 0.0448718 1
29.9504 1874.86 0.0457516 1
4.99798 1878.67 0.0115607 1
13.8331 1663.86 0.125 1
12.9691 1812.29 0.0197044 1
46.9956 1775.49 0.0515464 1
33.3341 1818.64 0.122549 1
51.7952 1808.28 0.0363636 1
93.5598 1882.92 0.0866667 1
30.3777 1781.16 0.00628931 1
87.455 1825.18 0.00568182 1
64.393 1777.35 0.0394737 1
7.0815 1671.21 0.171053 1
18.9793 1799.85 0.0454545 1
47.505 1844.32 0.149171 1
63.126 1801.17 0.0486486 1
24.1168 1799.76 0.281938 1
50.8351 1847.18 0.023166 1
74.0312 1720.99 0.0616114 1
30.1638 1724.1 0.0158103 1
14.3128 1777.61 0.0326087 1
63.6069 1680.37 0.00826446 1
19.0568 1880.56 0.00571429 1
71.9663 1777.32 0.00862069 1
0.223709 1845.25 0.134969 1
13.9522 1827.2 0.039548 1
32.0989 1763.68 0.0320513 1
81.4878 1906.28 0.127551 1
48.1629 1912.48 0.05 1
37.3109 1871.51 0.00440529 1
54.8443 1898.11 0.00917431 1
19.1476 1864.16 0.021164 1
5.9549 1868.94 0.0543933 1
49.224 1860.18 0.0300752 1
22.8251 1857.65 0.0994475 1
8.42284 1849.75 0.0201342 1
96.7985 1896.85 0.00490196 1
38.0558 1833.88 0.0530303 1
10.2726 1888.67 0.0432692 1
34.6757 1893.39 0.429864 1
15.3386 1903.22 0.079646 1
0.466202 1893.78 0.0107527 1
47.0514 1846.71 0.229358 1
3.86255 1872.82 0.0625 1
60.0529 1832.93 0.037037 1
0.315262 1845.68 0.0235849 1
14.8242 1898.04 0.180258 1
31.2928 1869.98 0.00497512 1
12.9074 1900.74 0.2 1
5.21221 1878.48 0.0173913 1
14.3211 1836.15 0.0540541 1
14.5019 1787.68 0.192708 1
0.992561 1757.18 0.109827 1
68.9223 1860.45 0.0114943 1
80.737 1821.39 0.104167 1
85.8634 1892.13 0.185629 1
80.8769 1823.14 0.125 1
62.1447 1753.89 0.0172414 1
26.5214 1718.9 0.043956 1
51.7721 1834.22 0.010582 1
24.6645 1818.17 0.0659341 1
26.7665 1758.44 0.00561798 1
87.6671 1808.62 0.00609756 1
1.98452 1832.53 0.153374 1
74.3449 1812.03 0.040201 1
44.207 1540.81 0.00704225 1
65.2248 1771.12 0.00680272 1
55.0758 1740.37 0.0194175 1
74.1365 1839.64 0.0186916 1
40.9137 1803.13 0.00724638 1
14.7391 1787.68 0.0869565 1
58.2826 1726.48 0.231183 1
78.5158 1916.67 0.232704 1
36.8598 1915.84 0.330882 1
40.2406 1899.61 0.00740741 1
68.9063 1851.3 0.300578 1
5.31091 1894.31 0.0218579 1
54.8141 1828.09 0.00980392 1
34.7077 1830.41 0.0810811 1
29.1472 1917.81 0.0578947 1
21.8672 1844.75 0.0769231 1
27.9307 1815.31 0.0245098 1
9.99576 1873.78 0.454023 1
48.9521 1830.51 0.0734463 1
92.3704 1892.98 0.00699301 1
61.8018 1891.24 0.027027 1
4.14275 1896.3 0.312821 1
39.1055 1838.39 0.0322581 1
43.1325 1927.91 0.0225989 1
57.5919 1906.85 0.0215827 1
11.9979 1890.52 0.11465 1
10.5515 1915.7 0.045 1
25.7086 1900.12 0.178571 1
9.52927 1911.9 0.0140187 1
7.26649 1913.52 0.0742188 1
6.98821 1860.11 0.00858369 1
12.8068 1907.97 0.206667 1
2.52652 1873.27 0.0789474 1
20.5435 1757.62 0.039548 1
38.2743 1873.99 0.044335 1
45.6499 1850.37 0.0339806 1
56.2235 1877.67 0.266304 1
77.8158 1899.01 0.0379747 1
98.5887 1926.77 0.00628931 1
71.222 1912 0.18254 1
19.7963 1806.5 0.0762712 1
20.249 1776.81 0.0284091 1
51.8994 1760.38 0.00462963 1
4.16596 1860.7 0.0220994 1
53.9801 1880.21 0.203883 1
83.6323 1744.28 0.0228571 1
45.7597 1506.55 0.0309278 1
50.0253 1879.56 0.0104712 1
15.5298 1752.76 0.035533 1
27.2808 1791.01 0.0629371 1
4.70759 1761.44 0.454128 1
45.4412 1721.24 0.00625 1
5.28984 1841.15 0.00561798 1
79.5864 1841.72 0.231481 1
39.5346 1883.79 0.010582 1
69.0604 1789.42 0.101124 1
94.4032 1921.22 0.0927152 1
65.1347 1893.89 0.0373134 1
81.2753 1929.27 0.202312 1
25.0104 1919.13 0.0506329 1
21.4948 1901.01 0.175439 1
11.0823 1903.4 0.166667 1
14.1073 1907.37 0.008 1
11.9495 1900.25 0.0923913 1
39.4311 1864.31 0.0147059 1
4.02496 1876.56 0.00495049 1
30.3856 1907.81 0.0227273 1
17.7344 1920.5 0.0122699 1
14.532 1863.66 0.165 1
16.4083 1851.29 0.12069 1
29.7916 1915.69 0.55615 1
29.0543 1875.17 0.0434783 1
3.14655 1889.89 0.0163934 1
40.6707 1901.95 0.346457 1
33.2566 1858.61 0.0217391 1
30.6009 1885.72 0.00515464 1
11.511 1895.39 0.0539216 1
14.5379 1885.73 0.00414938 1
25.6282 1882.25 0.00609756 1
17.7327 1826.38 0.316364 1
18.5687 1869.02 0.0935961 1
19.6021 1858.07 0.351759 1
92.284 1922.47 0.0205128 1
86.9589 1916.31 0.0143885 1
6.17412 1718.84 0.0714286 1
89.0716 1826.52 0.0758621 1
65.2293 1673.44 0.0995851 1
37.3411 1779.26 0.0306122 1
13.629 1876.89 0.00581395 1
36.2807 1876.13 0.0126582 1
76.1409 1893.35 0.476744 1
22.3441 1729.25 0.0242718 1
21.5374 1774.15 0.125 1
69.2062 1772.7 0.0582524 1
50.7972 1711.81 0.0506329 1
65.2385 1778.77 0.00442478 1
10.1122 1864.3 0.0108696 1
43.59 1814.83 0.0432692 1
14.8561 1851.72 0.00398406 1
20.1011 1814.35 0.0121951 1
61.1302 1876.31 0.311005 1
96.739 1924.95 0.00584795 1
45.2128 1929.77 0.0324675 1
9.39883 1920.51 0.0164835 1
42.0021 1851.83 0.0135135 1
9.90251 1899.71 0.180124 1
20.008 1924.03 0.0170455 1
26.737 1900.14 0.116402 1
35.3664 1897.11 0.0120482 1
9.67911 1871.51 0.0112994 1
61.7815 1850.08 0.0697674 1
30.7399 1845.68 0.0539216 1
15.1026 1894.27 0.0130435 1
19.2502 1852.48 0.0445344 1
45.825 1848.16 0.283186 1
28.2452 1909.07 0.28 1
57.9108 1865.35 0.0580645 1
0.0490799 1750.71 0.21 1
39.4435 1799.09 0.047619 1
10.6876 1887.28 0.00436681 1
15.6929 1888.75 0.194805 1
12.6388 1879.1 0.015748 1
14.9635 1894.82 0.0144928 1
24.328 1890.7 0.0137931 1
37.5117 1862.14 0.231343 1
28.5704 1886.1 0.0981595 1
11.2633 1804.8 0.159817 1
8.59544 1708.52 0.456989 1
48.2566 1820.36 0.132597 1
36.1966 1764.14 0.0927835 1
63.8318 1867.56 0.00465116 1
98.0925 1921.09 0.00851064 1
101.612 1937 0.0552486 1
75.2867 1927.76 0.281818 1
79.8414 1794.76 0.11828 1
33.2391 1683.67 0.209205 1
14.8185 1615.63 0.0392157 1
46.7408 1828.82 0.00675676 1
53.1095 1882.88 0.0144928 1
68.1311 1575.82 0.0121212 1
2.59903 1686.96 0.0443038 1
34.1808 1555.2 0.175182 1
49.4454 1802.19 0.152074 1
6.4341 1809.36 0.04 1
38.3289 1887.93 0.0045045 1
23.895 1843.96 0.413953 1
38.4604 1771.83 0.193939 1
81.9614 1895.9 0.00588235 1
92.3995 1906.63 0.134328 1
83.5669 1942.12 0.05 1
73.8731 1946.98 0.165775 1
31.8507 1948.1 0.511494 1
63.1321 1893 0.0172414 1
50.9387 1956.32 0.256098 1
3.77905 1926.32 0.0207254 1
71.7636 1729.21 0.0145985 1
49.8398 1805.02 0.0273973 1
5.63625 1905.79 0.00578035 1
61.9231 1864.86 0.0294118 1
44.1159 1798.21 0.00581395 1
80.6171 1862.47 0.0078125 1
72.1087 1889.22 0.0259067 1
91.7275 1924.17 0.0134228 1
16.7595 1875.92 0.0778688 1
17.8978 1898.83 0.143443 1
43.7783 1921.78 0.301887 1
23.691 1924.68 0.0757576 1
28.4407 1888.14 0.0136054 1
46.3555 1875.46 0.0409836 1
6.62386 1907.51 0.102941 1
19.7502 1933.28 0.0874317 1
1.24067 1920.6 0.0817308 1
18.0454 1936.66 0.0138889 1
4.53337 1919.5 0.00456621 1
5.4923 1935.46 0.0103627 1
14.3086 1867.54 0.0236967 1
86.0519 1869.81 0.0763359 1
70.1426 1861.71 0.164021 1
84.0431 1885.03 0.0153061 1
91.2602 1955.98 0.16996 1
69.5226 1814.61 0.0217391 1
47.0523 1817.73 0.0958084 1
71.3153 1910.83 0.192771 1
32.9758 1806.47 0.0246305 1
0.820038 1827.42 0.0837209 1
70.0801 1936.62 0.121951 1
35.9893 1908.25 0.28 1
68.9197 1866.05 0.0148515 1
99.5751 1864.54 0.0462963 1
9.3356 1878.61 0.0142857 1
31.1134 1594.03 0.0110497 1
51.6178 1458.18 0.115646 1
36.8822 1791.4 0.00900901 1
25.1283 1811.06 0.0508475 1
35.6467 1932.94 0.0529801 1
17.3861 1914.11 0.0229885 1
47.9246 1900.7 0.023622 1
92.1622 1954.63 0.31401 1
42.0804 1970.76 0.015625 1
17.0457 1903.31 0.0515464 1
11.0547 1923.54 0.0100503 1
6.89848 1890.2 0.109244 1
1.90757 1883.43 0.237805 1
40.1476 1848.57 0.0131579 1
23.1806 1876.76 0.107143 1
19.8772 1878.72 0.220513 1
0.235374 1854.59 0.0652174 1
22.3553 1815.93 0.224138 1
45.9864 1893.61 0.055814 1
0.903923 1891.09 0.119403 1
13.4798 1938.78 0.0604839 1
34.3539 1891.03 0.012987 1
9.63708 1921.03 0.27907 1
14.4853 1933.68 0.0265957 1
37.7347 1880.89 0.0349345 1
17.4306 1900.13 0.0684411 1
34.1627 1773.75 0.0283688 1
7.11288 1924.39 0.0884956 1
12.3 1892.31 0.152778 1
23.6662 1900.16 0.0695652 1
41.4645 1564.58 0.0365854 0
54.7977 1792.59 0.0338983 0
31.3966 1806.95 0.0342466 0
41.4645 1564.58 0.0142857 0
54.7977 1792.59 0.164773 0
91.5534 1891.03 0.111111 0
31.3966 1806.95 0.0342466 0
31.3966 1806.95 0.0571429 0
23.4011 14.3638 0.0409836 1
48.6044 228.049 0.0277778 1
1.6769 311.184 0.228571 1
65.5758 1273.08 0.0571429 0
65.5758 1273.08 0.0265957 0
65.5758 1273.08 0.0452261 0
94.3699 1943.75 0.247253 0
76.1664 1829.59 0.198758 1
32.9294 1634.54 0.00552486 1
0.862732 1780.75 0.0106952 1
55.7518 1791.33 0.0813954 1
20.5835 1753.76 0.0454545 1
26.8097 1811 0.0201005 1
63.1286 1746.35 0.285714 1
41.5113 1615.69 0.0120968 1
13.7032 1432.12 0.00636943 1
52.7762 1636.25 0.0773481 1
22.6026 1720.53 0.00546448 1
69.6108 1834.49 0.0133333 1
14.8037 1499.78 0.0196078 1
1.49299 1821.67 0.0545455 1
51.0536 1474.02 0.0122699 1
55.293 1681.13 0.0122699 1
65.7758 1678.34 0.0105263 1
96.3515 1929.69 0.126866 1
54.0824 1890.51 0.0287356 1
7.91476 1575.28 0.0052356 1
62.8193 1765.92 0.0236967 1
48.3354 1834.35 0.104294 1
13.6257 770.393 0.0128205 1
27.6098 1860.77 0.129412 1
30.8887 1425.42 0.0120482 1
17.0591 1770.48 0.0851064 1
68.0651 1766.61 0.0314961 1
30.0225 1097.42 0.172222 1
10.2937 1238.84 0.012987 1
85.8677 1833.48 0.010582 1
28.3288 1739.01 0.00571429 1
27.2045 1847 0.366667 1
15.0081 1806.1 0.170854 1
8.16376 1814.47 0.0541667 1
51.393 1864.15 0.121827 1
27.7378 1885.04 0.0292683 1
0.225441 1871 0.139896 1
2.26866 1839.8 0.566901 1
16.1067 1804.57 0.0322581 1
11.1179 1855.5 0.0227273 1
46.2215 1886.85 0.0294118 1
58.7601 1398.1 0.180851 1
1.98959 1843.3 0.00657895 1
3.96105 1765.8 0.0662651 1
41.1063 1561 0.0365854 0
41.1063 1561 0.0142857 0
24.1113 291.5 0.413793 1
59.4332 1233.42 0.0338983 0
59.4332 1233.42 0.164773 0
59.4332 1233.42 0.111111 0
59.4332 1233.42 0.0265957 0
59.4332 1233.42 0.0452261 0
34.5785 706.744 0.0994152 1
65.3551 1184.76 0.106667 0
65.3551 1184.76 0.247253 0
65.3551 1184.76 0.300752 0
65.3551 1184.76 0.106667 0
65.3551 1184.76 0.300752 0
15.7196 1214.6 0.0629371 0
15.7196 1214.6 0.0629371 0
15.7196 1214.6 0.024 0
15.7196 1214.6 0.0625 0
11.6964 1644.51 0.0989011 0
11.6964 1644.51 0.00471698 0
11.6964 1644.51 0.0723404 0
11.6964 1644.51 0.00390625 0
11.6964 1644.51 0.0989011 0
11.6964 1644.51 0.00471698 0
11.6964 1644.51 0.0283019 0
11.6964 1644.51 0.00735294 0
11.6964 1644.51 0.00423729 0
15.7196 1214.6 0.024 0
46.5968 1035.89 0.0714286 0
15.7196 1214.6 0.0625 0
11.6964 1644.51 0.0298507 0
11.6964 1644.51 0.0723404 0
11.6964 1644.51 0.0298507 0
11.6964 1644.51 0.0294118 0
11.6964 1644.51 0.00390625 0
11.6964 1644.51 0.00561798 0
11.6964 1644.51 0.00904977 0
11.6964 1644.51 0.137778 0
11.6964 1644.51 0.0487805 0
11.6964 1644.51 0.00561798 0
11.6964 1644.51 0.132979 0
11.6964 1644.51 0.018018 0
11.6964 1644.51 0.0283019 0
11.6964 1644.51 0.00735294 0
11.6964 1644.51 0.018018 0
11.6964 1644.51 0.0484848 0
11.6964 1644.51 0.052381 0
11.6964 1644.51 0.0484848 0
11.6964 1644.51 0.0213904 0
11.6964 1644.51 0.0392157 0
11.6964 1644.51 0.0564972 0
11.6964 1644.51 0.00423729 0
11.6964 1644.51 0.0213904 0
11.6964 1644.51 0.0310881 0
11.6964 1644.51 0.0310881 0
11.6964 1644.51 0.127517 0
11.6964 1644.51 0.0443038 0
11.6964 1644.51 0.004329 0
11.6964 1644.51 0.0136054 0
46.5968 1035.89 0.0714286 0
46.5968 1035.89 0.00714286 0
46.5968 1035.89 0.0956522 0
11.6964 1644.51 0.00904977 0
11.6964 1644.51 0.0294118 0
11.6964 1644.51 0.137778 0
11.6964 1644.51 0.0487805 0
11.6964 1644.51 0.132979 0
11.6964 1644.51 0.052381 0
11.6964 1644.51 0.0135135 0
11.6964 1644.51 0.015625 0
11.6964 1644.51 0.053719 0
11.6964 1644.51 0.0392157 0
11.6964 1644.51 0.0564972 0
11.6964 1644.51 0.0135135 0
11.6964 1644.51 0.127517 0
11.6964 1644.51 0.0443038 0
11.6964 1644.51 0.0136054 0
11.6964 1644.51 0.004329 0
11.6964 1644.51 0.00568182 0
11.6964 1644.51 0.0199005 0
11.6964 1644.51 0.00448431 0
11.6964 1644.51 0.00568182 0
11.6964 1644.51 0.0199005 0
11.6964 1644.51 0.026178 0
46.5968 1035.89 0.00714286 0
46.5968 1035.89 0.0956522 0
11.6964 1644.51 0.015625 0
11.6964 1644.51 0.053719 0
11.6964 1644.51 0.026178 0
11.6964 1644.51 0.0187793 0
11.6964 1644.51 0.00448431 0
11.6964 1644.51 0.0187793 0
11.6964 1644.51 0.109244 0
11.6964 1644.51 0.10625 0
11.6964 1644.51 0.00819672 0
11.6964 1644.51 0.00666667 0
11.6964 1644.51 0.109244 0
11.6964 1644.51 0.0427807 0
11.6964 1644.51 0.00452489 0
11.6964 1644.51 0.10625 0
11.6964 1644.51 0.00819672 0
11.6964 1644.51 0.00666667 0
11.6964 1644.51 0.0427807 0
11.6964 1644.51 0.0235849 0
11.6964 1644.51 0.0236686 0
11.6964 1644.51 0.0235849 0
11.6964 1644.51 0.0236686 0
11.6964 1644.51 0.182266 0
11.6964 1644.51 0.00452489 0
11.6964 1644.51 0.182266 0
11.6964 1644.51 0.00444444 0
11.6964 1644.51 0.0243902 0
11.6964 1644.51 0.00628931 0
11.6964 1644.51 0.00444444 0
11.6964 1644.51 0.0243902 0
11.6964 1644.51 0.00628931 0
11.6964 1644.51 0.0438596 0
11.6964 1644.51 0.00757576 0
11.6964 1644.51 0.0207254 0
11.6964 1644.51 0.0120482 0
11.6964 1644.51 0.0136986 0
11.6964 1644.51 0.00657895 0
11.6964 1644.51 0.0530303 0
11.6964 1644.51 0.015544 0
11.6964 1644.51 0.0172414 0
11.6964 1644.51 0.0190476 0
11.6964 1644.51 0.0120482 0
11.6964 1644.51 0.0438596 0
11.6964 1644.51 0.0136986 0
11.6964 1644.51 0.00757576 0
11.6964 1644.51 0.0530303 0
11.6964 1644.51 0.0207254 0
11.6964 1644.51 0.00657895 0
11.6964 1644.51 0.015544 0
11.6964 1644.51 0.0172414 0
11.6964 1644.51 0.0190476 0
11.6964 1644.51 0.0111111 0
11.6964 1644.51 0.0111111 0
11.6964 1644.51 0.00574713 0
11.6964 1644.51 0.00763359 0
11.6964 1644.51 0.0229885 0
11.6964 1644.51 0.00574713 0
11.6964 1644.51 0.00763359 0
11.6964 1644.51 0.0229885 0
11.6964 1644.51 0.00847458 0
11.6964 1644.51 0.00574713 0
11.6964 1644.51 0.00847458 0
11.6964 1644.51 0.0283688 0
11.6964 1644.51 0.00460829 0
11.6964 1644.51 0.0283688 0
11.6964 1644.51 0.00460829 0
11.6964 1644.51 0.00598802 0
11.6964 1644.51 0.00574713 0
11.6964 1644.51 0.00598802 0
11.6964 1644.51 0.0352423 0
11.6964 1644.51 0.0410959 0
11.6964 1644.51 0.0352423 0
11.6964 1644.51 0.0135747 0
11.6964 1644.51 0.0410959 0
11.6964 1644.51 0.139073 0
11.6964 1644.51 0.0194175 0
11.6964 1644.51 0.0135747 0
11.6964 1644.51 0.139073 0
11.6964 1644.51 0.0391061 0
11.6964 1644.51 0.0704225 0
11.6964 1644.51 0.0060241 0
11.6964 1644.51 0.0391061 0
11.6964 1644.51 0.0704225 0
11.6964 1644.51 0.0060241 0
11.6964 1644.51 0.030303 0
11.6964 1644.51 0.0194175 0
11.6964 1644.51 0.030303 0
11.6964 1644.51 0.0880503 0
11.6964 1644.51 0.0674847 0
11.6964 1644.51 0.0880503 0
11.6964 1644.51 0.0674847 0
65.3551 1184.76 0.0365854 0
65.3551 1184.76 0.0338983 0
65.3551 1184.76 0.0342466 0
65.3551 1184.76 0.0142857 0
65.3551 1184.76 0.164773 0
65.3551 1184.76 0.111111 0
65.3551 1184.76 0.0342466 0
65.3551 1184.76 0.0571429 0
65.3551 1184.76 0.0571429 0
65.3551 1184.76 0.0265957 0
65.3551 1184.76 0.0452261 0
65.3551 1184.76 0.247253 0
65.3551 1184.76 0.0365854 0
65.3551 1184.76 0.0142857 0
65.3551 1184.76 0.0338983 0
65.3551 1184.76 0.164773 0
65.3551 1184.76 0.111111 0
65.3551 1184.76 0.0265957 0
65.3551 1184.76 0.0452261 0
65.3551 1184.76 0.106667 0
65.3551 1184.76 0.247253 0
65.3551 1184.76 0.300752 0
65.3551 1184.76 0.106667 0
65.3551 1184.76 0.300752 0
