93.3333 859.111 0.1 1
91.1923 2594.98 0.08 1
192.817 1900.96 0.0350877 1
0.125397 0.116205 0.0784314 1
41.5416 6554.83 0.179245 1
13.0048 2424.56 0.0392157 1
10.1126 1897.19 0.05 1
5.88507 1587.31 0.0925926 1
6.92702 1509.63 0.091954 1
1.30399 1457.07 0.350427 1
7.34061 1338.22 0.203883 1
3.87733 1185.6 0.205882 1
4.9693 1107.46 0.12069 1
3.10025 1020.19 0.201258 1
159.6 631.218 0.0601504 0
2.93112 986.529 0.12 1
6.99513 947.784 0.261194 1
59.8307 523.053 0.0666667 0
179.362 855.039 0.00675676 0
159.497 567.193 0.0254237 0
159.497 567.193 0.0601504 0
159.497 567.193 0.0254237 0
125.718 261.616 0.0387597 0
102.729 293.505 0.0709677 0
99.6667 44.1395 0.015625 1
31.1476 1290.08 0.196262 1
128.327 928.195 0.0387597 0
22.989 31.8893 0.40625 1
4.22717 139.268 0.105769 1
113.701 863.573 0.00694444 0
20.8823 131.5 0.125 1
18.0921 132.398 0.10101 1
22.5757 174.086 0.00684932 1
123.089 773.238 0.0709677 0
123.089 773.238 0.00588235 0
133.407 355.003 0.0245399 0
133.407 355.003 0.0245399 0
62.7801 51.0105 0.242857 0
133.407 355.003 0.0196078 0
30.9558 501.112 0.162791 1
85.7377 239.03 0.242857 0
42.7621 612.285 0.101351 1
119.438 61.8946 0.05 0
20.8189 408.605 0.0776699 1
0.286804 420.752 0.153226 1
7.89597 191.915 0.0874317 1
39.2718 251.803 0.0952381 1
26.4488 376.826 0.374468 1
22.1609 405.37 0.0133929 1
11.8708 444.781 0.0456853 1
12.0759 332.347 0.0397727 1
46.1719 358.81 0.139394 1
2.8446 492.192 0.0648649 1
23.8421 474.337 0.0104712 1
39.3859 447.945 0.00502513 1
35.2033 544.679 0.00813008 1
25.5245 596.517 0.1 1
14.5979 534.976 0.140127 1
5.04831 542.914 0.0163043 1
30.9485 392.004 0.037594 1
41.4389 592.619 0.047619 1
48.6396 657.251 0.116129 1
68.1279 696.181 0.00724638 1
31.8527 809.748 0.312821 1
43.9299 651.612 0.032 0
8.789 761.753 0.00645161 1
14.9451 817.63 0.0412844 0
44.2386 627.479 0.0974026 0
28.5053 878.258 0.00925926 0
14.9451 817.63 0.0412844 0
21.5517 14.4412 0.179012 1
28.0511 85.0278 0.0956938 1
24.8877 56.3214 0.148649 1
6.32164 363.166 0.338095 1
9.51057 188.443 0.00436681 1
14.6801 128.925 0.0558659 1
67.0652 52.4145 0.0775862 1
25.878 536.336 0.410646 1
4.62775 529.417 0.0330578 1
61.1331 199.206 0.165803 1
105.187 580.259 0.0824742 1
2.2717 1045.06 0.0847458 1
13.8702 927.976 0.0505618 1
69.4241 584.607 0.0125 1
0.593933 942.56 0.117409 1
17.43 821.093 0.210256 1
8.97972 828.597 0.0566667 1
1.61026 728.714 0.0745342 1
83.7872 527.105 0.0227273 1
24.3707 713.814 0.0357143 1
81.4498 546.405 0.125 1
7.42354 812.905 0.219512 1
16.1787 695.207 0.152838 1
75.194 452.701 0.0214286 1
30.5059 738.699 0.100629 1
15.4728 757.012 0.0552995 1
4.13617 767.919 0.538462 1
1.65826 718.413 0.0382979 1
56.7952 598.49 0.0135135 1
4.0289 713.428 0.390351 1
51.618 472.684 0.0121951 1
8.46191 667.709 0.106838 1
51.4879 633.157 0.010989 1
4.05002 719.341 0.111554 1
66.8862 639.954 0.189189 1
14.2621 742.668 0.0114286 1
6.93729 726.049 0.0236686 1
14.7846 660.224 0.0144231 1
16.819 633.164 0.214286 1
44.6454 621.707 0.0198676 1
7.19554 662.023 0.244 1
57.9557 780.194 0.324324 1
3.30099 908.056 0.0952381 1
5.89066 894.603 0.0325203 1
7.4458 845.129 0.0786517 1
6.78781 795.321 0.0114943 1
0.67189 743.557 0.112245 1
5.68022 723.619 0.0105263 1
1.96062 624.066 0.146341 1
12.6397 643.934 0.0537634 1
162.631 370.812 0.0666667 0
162.631 370.812 0.0588235 0
2.08051 649.538 0.0277778 1
163.184 198.89 0.00675676 0
123.643 601.316 0.00694444 0
123.643 601.316 0.00588235 0
123.643 601.316 0.0909091 0
8.5589 222.674 0.131429 1
2.20778 151.77 0.00510204 1
154.288 225.999 0.0196078 0
25.3508 136.498 0.0097561 1
101.846 153.734 0.00645161 0
76.5038 183.711 0.027027 1
99.4044 328.702 0.0291262 0
96.8355 475.543 0.05 0
50.0868 338.254 0.170455 1
141.277 298.029 0.0617284 0
88.6212 187.065 0.00900901 0
52.6558 485.094 0.0865385 1
5.88933 1289.23 0.157635 1
23.1502 1224.13 0.0841584 1
20.3165 1199.3 0.151042 1
11.4157 1144.25 0.3 1
64.0671 1094.02 0.123188 1
4.45139 1160.55 0.0393258 1
49.6437 1108.06 0.0353982 1
28.9156 1186.63 0.0144231 1
46.3693 1201.63 0.106838 1
52.7148 1223.07 0.0124481 1
25.7203 638.131 0.032 0
25.7203 638.131 0.0974026 0
25.7203 638.131 0.0526316 0
53.8217 649.116 0.0225564 1
24.674 595.53 0.0526316 0
24.674 595.53 0.0511364 0
8.19316 1273.99 0.0564103 0
24.674 595.53 0.0368098 0
24.674 595.53 0.00925926 0
24.674 595.53 0.0511364 0
24.674 595.53 0.0168067 0
32.8672 678.459 0.325991 1
44.1062 699.967 0.0327869 1
12.8756 639.704 0.0117647 1
14.6905 716.738 0.0454545 1
59.4714 680.383 0.0180723 1
19.4483 730.629 0.0361446 1
47.2942 592.231 0.287234 1
5.96413 706.735 0.0753769 1
8.17455 765.118 0.0437956 1
7.47763 727.499 0.0875 1
1.31485 699.763 0.010582 1
68.677 609.676 0.0526316 1
15.5217 686.863 0.00925926 1
4.97839 709.567 0.150307 1
16.3993 638.791 0.0564516 1
69.1992 655.277 0.768519 1
13.9703 686.201 0.134078 1
6.54086 724.066 0.241135 1
23.5371 687.385 0.162304 1
0.493393 692.472 0.0403587 1
78.0059 307.668 0.123457 1
203.33 634.141 0.102564 1
3.18068 1158.4 0.0183486 1
5.75446 1122.63 0.0869565 1
8.6904 1085.72 0.111111 1
8.34898 1034.23 0.0125 1
7.08868 987.276 0.097561 1
5.09508 973.214 0.162791 1
1.2341 952.11 0.220183 1
161.92 77.9635 0.0588235 0
161.92 77.9635 0.0193548 0
5.93739 927.377 0.257143 1
74.7712 463.617 0.0909091 0
162.075 54.7269 0.0193548 0
9.39581 598.437 0.125 1
25.5939 1274.49 0.235507 1
100.087 589.255 0.0104712 0
10.1318 982.11 0.0290698 0
100.087 589.255 0.00645161 0
100.087 589.255 0.0291262 0
100.087 589.255 0.00900901 0
100.087 589.255 0.0104712 0
100.087 589.255 0.260274 0
19.147 617.357 0.0217391 1
36.6101 366.123 0.0853659 0
107.997 755.427 0.0617284 0
107.997 755.427 0.260274 0
10.1318 982.11 0.037037 0
107.997 755.427 0.0588235 0
71.3872 1121.55 0.2 1
16.0321 1251.25 0.0326087 1
23.6392 1257.48 0.188 1
22.2885 1245.84 0.0571429 1
6.65863 1206.22 0.0917874 1
19.4905 1209.06 0.00502513 1
21.4919 1209.79 0.0252525 1
34.8085 1194.94 0.0341463 1
2.59853 1098.99 0.0717489 1
39.8622 1121.74 0.00429185 1
22.4958 471.142 0.0168067 0
22.4958 471.142 0.00389105 0
80.3551 1062.58 0.0299401 0
41.1035 1094.53 0.01 0
2.30995 1113.98 0.0199005 0
22.4958 471.142 0.0564103 0
22.4958 471.142 0.00389105 0
63.5992 623.389 0.111111 1
19.5178 678.329 0.168421 1
18.8668 620.528 0.0446927 1
21.7934 440.68 0.0368098 0
21.6866 708.357 0.17757 1
36.7742 690.682 0.0258621 1
3.47812 713.345 0.106742 1
31.5273 630.82 0.0362319 1
0.381058 733.698 0.0107527 1
8.64545 687.469 0.0153846 1
14.244 726.367 0.0152284 1
55.5426 561.952 0.0402299 1
11.8206 706.746 0.0909091 1
9.90359 725.452 0.0442478 1
11.7952 724.096 0.0576923 1
5.74194 719.2 0.0981818 1
58.0713 635.185 0.0194175 1
0.870621 718.652 0.00469484 1
4.3661 708.311 0.0160428 1
0.49025 686.32 0.146341 1
10.9397 671.789 0.1 1
76.145 464.487 0.0816327 1
14.7841 675.18 0.072 1
199.132 849.229 0.0681818 1
2.38403 1234.77 0.0689655 1
6.27411 1182.65 0.147287 1
8.90294 1147.54 0.0795455 1
9.04417 1121.29 0.0384615 1
8.54686 1087.37 0.0609756 1
8.24416 1050.88 0.117647 1
4.13474 1020.09 0.0882353 1
5.99261 1004.46 0.0782609 1
70.0331 593.808 0.130435 0
45.6625 480.084 0.38983 1
63.8299 773.363 0.130435 0
0.701157 1027.06 0.0424242 1
64.5288 250.4 0.045977 0
57.2105 1156.98 0.241935 1
37.8271 1208.98 0.00657895 1
7.96849 911.685 0.0359281 0
62.4423 1151.12 0.0328638 1
8.64555 941.023 0.0290698 0
8.64555 941.023 0.037037 0
8.64555 941.023 0.0359281 0
97.8655 226.684 0.0136986 1
101.913 296.17 0.126984 0
101.913 296.17 0.00649351 0
101.913 296.17 0.0909091 0
2.83694 753.296 0.0722892 1
102.712 506.483 0.0588235 0
102.712 506.483 0.223404 0
102.712 506.483 0.027027 0
58.2274 620.737 0.0114943 0
102.712 506.483 0.0853659 0
102.712 506.483 0.126984 0
102.712 506.483 0.223404 0
102.712 506.483 0.0480769 0
44.4841 1127.22 0.025974 1
1.13297 1244.79 0.00657895 1
102.439 489.437 0.027027 0
102.439 489.437 0.0330578 0
0.143539 1154.67 0.025 1
40.8136 1158.24 0.0973451 0
40.8136 1158.24 0.062069 0
99.3502 1182.85 0.00956938 0
33.1829 1173.23 0.057377 1
98.7084 1181.04 0.00495049 0
113.058 1189.86 0.00478469 0
1.56468 1113.32 0.242574 1
37.9524 1102.23 0.238462 1
40.593 439.546 0.0530973 0
53.5828 1095.59 0.0561798 1
79.5032 1082.51 0.0299401 0
79.5032 1082.51 0.135338 0
79.5032 1082.51 0.181818 0
79.5032 1082.51 0.135338 0
22.2193 531.351 0.0481928 0
22.2193 531.351 0.0299401 0
15.7293 1146.24 0.00913242 0
22.2193 531.351 0.01 0
22.2193 531.351 0.0481928 0
22.2193 531.351 0.00649351 0
37.9486 614.886 0.0486486 1
43.4909 680.364 0.0134529 1
20.8882 498.418 0.0199005 0
20.8882 498.418 0.0299401 0
36.4295 683.199 0.0404624 1
7.27983 707.9 0.0522876 1
20.2336 689.315 0.0297619 1
4.43095 686.9 0.0405405 1
10.2358 703.344 0.00769231 1
67.3837 559.826 0.038674 1
17.1867 610.242 0.020202 1
6.90518 693.025 0.0725389 1
36.5093 657.009 0.0185185 1
0.995392 705.242 0.0042735 1
3.69696 689.85 0.0276243 1
3.87236 686.712 0.142222 1
13.064 669.496 0.0223881 1
4.85585 669.546 0.0225564 1
4.68832 661.621 0.124528 1
3.86171 659.951 0.12782 1
81.2928 515.19 0.00540541 1
9.87366 661.088 0.0420712 1
5.61598 659.53 0.295533 1
0.485367 990.802 0.0833333 1
5.79756 946.344 0.169811 1
2.87241 920.096 0.0833333 1
5.5442 911.091 0.0991736 1
7.73203 904.002 0.0405405 1
7.50595 881.204 0.039604 1
5.6454 850.636 0.027027 1
154.877 120.932 0.166667 0
63.6791 273.627 0.045977 0
154.877 120.932 0.166667 0
63.6791 273.627 0.045045 0
7.63141 635.347 0.165563 1
65.2375 393.903 0.045045 0
28.3769 1204.8 0.0283688 1
41.2053 1158.93 0.0486486 1
101.222 484.7 0.00649351 0
14.7694 1141.62 0.039801 1
101.358 476.14 0.0909091 0
101.358 476.14 0.0232558 0
101.358 476.14 0.0480769 0
101.358 476.14 0.0330578 0
101.358 476.14 0.0232558 0
101.358 476.14 0.268041 0
101.358 476.14 0.0294118 0
101.358 476.14 0.0307692 0
91.1639 703.521 0.00877193 0
127.151 688.996 0.0129032 0
101.358 476.14 0.0114943 0
101.358 476.14 0.268041 0
10.1943 1179.66 0.206897 1
25.8657 1157.43 0.015625 1
12.7601 1188.1 0.00543478 1
28.2512 1126.66 0.00520833 1
19.7858 1108.42 0.01875 1
40.4572 1128.7 0.0973451 0
40.4572 1128.7 0.062069 0
40.4572 1128.7 0.0184049 0
58.5367 24.609 0.0648148 1
25.5482 543.634 0.0173913 1
99.989 715.116 0.111111 0
30.4929 386.671 0.222222 1
30.3775 510.309 0.010101 1
104.198 611.173 0.0184049 0
104.198 611.173 0.00549451 0
104.198 611.173 0.00956938 0
104.198 611.173 0.00495049 0
104.198 611.173 0.00735294 0
104.198 611.173 0.00478469 0
104.198 611.173 0.00617284 0
104.198 611.173 0.0252525 0
95.2526 1095.48 0.0181818 0
62.8252 1145.32 0.029703 0
104.198 611.173 0.0122699 0
95.2526 1095.48 0.0153846 0
39.2306 418.427 0.03125 0
62.8252 1145.32 0.0321101 0
97.0528 952.371 0.0154639 0
39.2306 418.427 0.0530973 0
39.2306 418.427 0.03125 0
39.2306 418.427 0.0630631 0
62.1495 99.9804 0.00704225 0
136.283 533.944 0.075 0
57.6696 227.009 0.0430108 0
81.714 1034 0.181818 0
22.9189 518.408 0.00649351 0
39.2306 418.427 0.0630631 0
22.9189 518.408 0.0434783 0
97.0528 952.371 0.206897 0
18.439 645.436 0.00632911 0
30.8351 1133.12 0.0133333 0
22.9189 518.408 0.00913242 0
62.1495 99.9804 0.00704225 0
22.9189 518.408 0.0434783 0
74.1338 433.963 0.0170455 0
4.47997 127.028 0.116402 1
53.7235 613.986 0.351562 1
9.14713 551.055 0.0738636 1
32.3785 631.281 0.0201005 1
23.1842 618.922 0.0803213 1
24.7518 617.665 0.0128205 1
10.4059 663.558 0.0742358 1
7.27293 639.416 0.061674 1
36.9548 566.552 0.156627 1
2.73392 649.512 0.00485437 1
42.1986 522.295 0.032 1
6.01324 655.471 0.0512821 1
21.4333 551.691 0.00826446 1
10.0559 627.002 0.275862 1
33.715 499.324 0.0925926 1
21.1533 598.085 0.0416667 1
19.5693 585.497 0.0178571 1
0.721909 654.457 0.0292683 1
50.503 569.551 0.0148148 1
2.14853 642.538 0.154867 1
23.106 535.193 0.171053 1
3.30858 645.941 0.0294118 1
1.93375 636.732 0.271242 1
15.6744 595.486 0.38914 1
4.01259 831.2 0.044586 1
196.451 757.779 0.2125 1
2.64616 1025.38 0.155039 1
7.37541 1000.07 0.297872 1
1.28838 987.41 0.318182 1
2.84311 969.407 0.010101 1
7.69246 958.363 0.0114943 1
7.83524 945.428 0.0571429 1
7.14333 928.215 0.00724638 1
70.0291 214.259 0.0775862 0
156.111 69.4522 0.0478723 0
2.36488 901.115 0.00735294 1
70.0459 207.882 0.0775862 0
86.082 144.806 0.0319149 1
154.729 53.0164 0.0555556 0
26.9687 909.599 0.028169 1
158.674 10.7881 0.0478723 0
69.9946 271.53 0.0497238 0
69.9946 271.53 0.0497238 0
43.6354 1144.59 0.298077 1
46.5979 1174.63 0.0306122 1
29.3017 1170.43 0.031746 1
103.906 447.95 0.0294118 0
49.5002 1133.97 0.154167 1
104.498 463.331 0.0307692 0
9.37297 1059.61 0.0125 1
104.601 452.647 0.00877193 0
34.2933 1154.85 0.0117647 1
9.56482 1168.34 0.00757576 1
105.006 442.408 0.0129032 0
0.935593 1091.95 0.0255319 1
107.127 610.057 0.111111 0
107.127 610.057 0.00735294 0
107.127 610.057 0.10989 0
94.5464 1110.09 0.00793651 0
107.127 610.057 0.00549451 0
107.127 610.057 0.00617284 0
107.127 610.057 0.10989 0
8.94519 484.306 0.0235294 1
106.186 653.501 0.023622 0
11.6392 456.593 0.247863 1
14.89 438.185 0.00724638 1
107.115 768.075 0.0252525 0
107.115 768.075 0.0122699 0
41.3608 376.132 0.0316456 1
19.7964 512.599 0.00588235 1
99.0369 636.77 0.0181818 0
99.0369 636.77 0.0153846 0
8.37526 435.757 0.0601504 1
60.4432 287.921 0.047619 1
29.6835 655.445 0.00699301 1
100.207 471.234 0.029703 0
100.207 471.234 0.0321101 0
0.224468 480.021 0.00684932 0
99.9822 951.255 0.0154639 0
136.283 533.944 0.075 0
99.9822 951.255 0.206897 0
73.8036 408.775 0.0170455 0
0.224468 480.021 0.00684932 0
73.8036 408.775 0.0314961 0
0.224468 480.021 0.0705128 0
85.0865 168.52 0.0571429 0
52.2305 83.517 0.104348 0
62.4797 125.169 0.0430108 0
26.1785 542.48 0.00632911 0
73.8036 408.775 0.0314961 0
11.2829 240.255 0.0169492 0
21.5732 492.292 0.125 0
48.3906 601.233 0.11 1
25.6182 522.642 0.0133333 0
23.2359 546.909 0.0322581 1
49.5432 606.17 0.165217 1
6.18018 632.869 0.030303 1
18.7655 575.097 0.0384615 1
18.4516 648.294 0.00888889 1
47.8786 572.356 0.015544 1
87.5484 536.937 0.00584795 1
6.07913 666.854 0.152091 1
54.3559 577.149 0.253846 1
0.527573 697.133 0.100334 1
12.5914 640.831 0.0139535 1
65.2559 604.359 0.0124224 1
1.89285 688.577 0.0613027 1
8.45938 689.772 0.00574713 1
22.4043 634.207 0.172414 1
87.4538 540.522 0.24359 1
4.73099 696 0.0322581 1
7.01851 691.005 0.0676328 1
1.23204 691.767 0.0680851 1
12.8854 643.277 0.0746269 1
5.27246 673.094 0.220779 1
7.49789 897.203 0.127273 1
6.17416 872.127 0.04 1
3.33844 863.33 0.152 1
3.78418 851.536 0.20438 1
4.95462 839.841 0.00909091 1
6.71925 833.23 0.021978 1
4.86081 821.485 0.126437 1
159.232 91.676 0.0555556 0
147.035 601.188 0.0140845 0
12.1969 692.864 0.138211 1
72.0263 311.265 0.0115607 0
29.8183 1164.74 0.379747 1
39.7203 1135.29 0.0458716 1
17.7674 699.665 0.0350877 1
62.6518 1129.67 0.0507246 1
39.7011 1161.36 0.0047619 1
5.98851 1164.04 0.0465116 1
18.2367 1145.63 0.0138889 1
102.289 468.424 0.023622 0
102.289 468.424 0.0432099 0
14.0404 1152.23 0.1 1
8.65283 1146.74 0.0276498 1
102.05 445.22 0.00793651 0
102.05 445.22 0.0432099 0
102.05 445.22 0.0133333 0
102.05 445.22 0.00483092 0
64.2527 644.988 0.0127389 0
102.05 445.22 0.00438596 0
64.2527 644.988 0.0224719 0
64.2527 644.988 0.107438 0
89.8922 670.465 0.0384615 0
84.0844 675.197 0.0060241 0
37.9292 537.151 0.122222 1
1.50674 518.17 0.0705128 0
83.5798 349.65 0.0408163 0
50.7237 601.687 0.0318471 0
85.0865 168.52 0.0571429 0
12.5714 283 0.0169492 0
83.5798 349.65 0.0408163 0
32.8561 252.037 0.169811 1
4.57086 145.127 0.00561798 0
42.841 25.6019 0.148936 1
84.1543 728.395 0.104348 0
11.6392 276.875 0.125 0
82.6476 210.225 0.0318471 0
82.6476 210.225 0.0648148 0
34.5756 884.993 0.0444444 0
11.6392 276.875 0.00561798 0
46.2149 608.118 0.130952 1
38.2385 673.716 0.209964 1
30.1414 544.391 0.152838 1
17.1546 652.292 0.225166 1
11.8547 690.023 0.0401606 1
0.214645 682.668 0.234432 1
7.55592 662.799 0.0214592 1
25.0391 677.89 0.451429 1
71.7326 625.743 0.0131579 1
10.7114 644.199 0.00507614 1
16.8113 659.865 0.160622 1
6.6965 678.134 0.0153846 1
52.3401 636.906 0.00454545 1
12.139 678.927 0.0438247 1
7.81965 681.426 0.0959596 1
0.362503 684.134 0.0604839 1
13.2722 675.946 0.0247525 1
72.975 593.447 0.142857 1
3.7368 680.843 0.00632911 1
11.6338 684.903 0.0465116 1
1.01787 671.887 0.0859729 1
47.87 621.369 0.00552486 1
55.0817 503.635 0.0208333 1
6.72826 814.575 0.179487 1
4.5477 793.504 0.25 1
0.648804 785.086 0.170732 1
0.140076 776.846 0.0540541 1
6.30321 769.17 0.026087 1
5.63898 756.714 0.0731707 1
89.1123 564.645 0.0357143 0
51.6429 70.2398 0.333333 1
158.784 122.191 0.0140845 0
73.8699 285.251 0.0115607 0
73.8699 285.251 0.0263158 0
73.8699 285.251 0.0760234 0
158.784 122.191 0.0676692 0
17.1375 795.477 0.321429 1
76.1445 357.024 0.0263158 0
13.6416 834.598 0.0164835 1
31.6741 1114.06 0.0290909 1
76.733 351.2 0.0760234 0
45.9832 1127.45 0.0848214 1
50.6182 1135.18 0.021978 1
4.65921 1132.77 0.0208333 1
19.2105 1142.55 0.00546448 1
4.42688 1122.31 0.0331754 1
22.7516 1101.19 0.0371901 1
102.496 385.119 0.0133333 0
27.2432 1085.54 0.0763889 1
102.295 382.534 0.00483092 0
102.295 382.534 0.00438596 0
39.773 1065.67 0.0188679 1
13.8224 1095.09 0.101215 1
6.40167 1069.41 0.252252 1
30.6976 1087 0.00913242 1
101.63 365.589 0.0127389 0
101.63 365.589 0.0224719 0
101.63 365.589 0.107438 0
19.2767 1078.94 0.0628019 1
101.403 357.215 0.00763359 0
31.9559 1084.06 0.104762 1
101.012 356.292 0.0384615 0
101.012 356.292 0.0060241 0
101.012 356.292 0.0170455 0
37.6417 1009.11 0.138211 1
82.6476 210.225 0.0648148 0
100.474 361.825 0.00763359 0
100.474 361.825 0.0170455 0
82.6476 210.225 0.0104167 0
100.474 361.825 0.162011 0
100.474 361.825 0.0705882 0
22.4356 485.821 0.1 0
82.6476 210.225 0.0104167 0
17.8268 151.6 0.0662651 0
60.212 696.046 0.0603448 1
58.6393 1400.05 0.0275862 0
4.20906 775.719 0.0444444 0
4.20906 775.719 0.109375 0
62.8484 624.327 0.0180995 0
23.3048 367.072 0.0765766 1
4.34752 774.692 0.00452489 0
62.9868 625.354 0.016 0
48.3616 497.617 0.0186047 1
5.19896 683.377 0.0474308 1
3.38916 703.217 0.071066 1
19.6524 688.751 0.0195122 1
30.0681 706.625 0.291457 1
36.3696 662.565 0.091954 1
89.6037 667.18 0.27451 1
24.2814 697.426 0.114458 1
5.57353 695.485 0.265385 1
58.2128 563.51 0.247619 1
5.96834 729.932 0.00877193 1
3.23918 710.235 0.0251572 1
45.7983 636.741 0.0263158 1
5.55777 719.149 0.0246305 1
11.4943 713.875 0.0793651 1
7.1081 691.073 0.00847458 1
7.13042 710.115 0.0230415 1
22.2968 628.126 0.0977011 1
72.0347 655.341 0.161616 1
3.21794 697.326 0.0551181 1
198.702 701.115 0.0722892 1
198.507 866.691 0.159091 1
7.2359 1029.93 0.1 1
7.96094 1022.34 0.0267857 1
2.17532 994.987 0.07 1
0.796219 987.684 0.229358 1
2.74297 976.362 0.231405 1
1.8709 968.12 0.0353982 1
7.51149 961.725 0.134615 1
7.30782 945.94 0.102804 1
70.9416 132.981 0.0357143 0
160.103 133.994 0.0676692 0
70.9416 132.981 0.0779221 0
4.80629 927.954 0.0288462 1
172.254 779.072 0.00671141 0
70.9583 129.839 0.0779221 0
70.9583 129.839 0.0487805 0
101.296 649.233 0.0813954 1
2.63802 284.413 0.160256 1
76.7878 258.121 0.0820896 0
40.3898 1067.38 0.197674 1
55.5491 1108.9 0.019802 1
47.2988 1117.01 0.0343348 1
12.7231 1064.82 0.00518135 1
34.17 1101.89 0.0331492 1
1.31081 1090.22 0.0820896 1
8.00385 1086.12 0.0255474 1
7.28836 1090.39 0.0130435 1
10.0643 1066.79 0.0192308 1
18.9352 1070.63 0.0103093 1
3.44736 1053.31 0.0220994 1
14.9218 1012.46 0.156863 1
101.736 315.761 0.162011 0
60.2575 917.399 0.0160428 0
101.736 315.761 0.0705882 0
35.6172 425.422 0.0662651 0
35.6172 425.422 0.0315789 0
94.2565 974.624 0.00913242 0
24.2663 255.859 0.171053 0
60.2575 917.399 0.185393 0
85.9988 1021.68 0.0045045 0
66.1188 741.183 0.1 0
2.96213 769.646 0.109375 0
2.96213 769.646 0.00452489 0
35.6172 425.422 0.0315789 0
58.6393 1400.05 0.236686 0
24.6403 1342.82 0.0078125 0
79.0034 1437.74 0.027027 0
58.6393 1400.05 0.0275862 0
61.6014 630.4 0.0180995 0
61.6014 630.4 0.016 0
94.2565 974.624 0.00913242 0
58.6393 1400.05 0.236686 0
61.6014 630.4 0.130653 0
118.523 718.765 0.00763359 0
33.999 57.2251 0.101911 0
8.25772 47.051 0.079602 0
20.3641 37.6921 0.19774 0
61.6014 630.4 0.130653 0
10.4198 626.789 0.151515 1
22.6751 701.548 0.0529801 1
27.8699 705.49 0.0104167 1
36.9427 698.785 0.0152284 1
34.6457 707.872 0.0213675 1
57.2791 671.261 0.037234 1
37.8233 717.052 0.0307692 1
31.1741 711.644 0.0494506 1
16.9721 723.145 0.20283 1
0.253799 717.337 0.0313901 1
5.16644 698.951 0.27881 1
10.4398 717.135 0.0206186 1
14.2119 706.045 0.0384615 1
12.4649 703.56 0.024911 1
4.79283 708.061 0.00769231 1
73.1911 682.892 0.412371 1
9.78458 709.595 0.127907 1
5.75343 702.481 0.101961 1
3.48945 684.449 0.158416 1
51.591 594.992 0.0740741 1
10.6667 708.475 0.0251572 1
3.88954 702.623 0.38326 1
7.01845 910.137 0.317073 1
7.35791 924.499 0.1875 1
7.22241 900.439 0.02 1
4.63745 881.31 0.191489 1
7.21837 874.67 0.218978 1
3.07399 864.737 0.131579 1
6.92148 863.859 0.0777778 1
160.989 3.56213 0.0487805 0
2.54674 833.675 0.0930233 1
132.457 716.494 0.0714286 0
160.987 2.86621 0.00671141 0
78.0494 212.057 0.0820896 0
78.0494 212.057 0.0102041 0
28.53 713.627 0.0782609 1
77.0931 209.609 0.0102041 0
60.491 1051.17 0.0774648 1
36.7157 1040.77 0.0892019 1
25.1444 1006.95 0.0228311 1
47.1224 1048.18 0.0606061 1
37.0567 1058.23 0.0160428 1
25.0928 1058.99 0.00505051 1
7.43732 1044.15 0.00740741 1
16.145 1058.69 0.010929 1
26.0049 1016.86 0.0163934 1
11.7126 1054.09 0.0274725 1
48.6191 971.788 0.0621118 1
95.7487 986.7 0.00507614 0
22.6116 258.8 0.00675676 0
61.9123 920.34 0.0632184 0
95.7487 986.7 0.031746 0
110.995 1029.86 0.0111111 0
22.6116 258.8 0.171053 0
118.523 718.765 0.00763359 0
22.6116 258.8 0.00675676 0
84.5238 661.54 0.155556 0
61.9123 920.34 0.0160428 0
61.9123 920.34 0.185393 0
24.6403 1342.82 0.0078125 0
33.999 57.2251 0.101911 0
61.9123 920.34 0.0632184 0
84.5238 661.54 0.155556 0
25.7412 104.276 0.125 1
38.2177 184.442 0.0441176 1
3.84619 426.507 0.0992366 0
19.0928 469.667 0.0491803 0
91.9026 560.193 0.0045045 0
4.00867 417.372 0.079602 0
36.7686 471.702 0.0903226 0
26.0362 455.99 0.21229 1
21.4858 472.667 0.140351 1
11.1638 464.988 0.151659 1
50.4258 1063.3 0.027027 0
8.21352 336.742 0.19774 0
40.9735 391.072 0.244275 0
52.2851 279.518 0.00571429 0
52.2851 279.518 0.0598802 0
52.2851 279.518 0.0724638 0
5.08601 594.673 0.0310559 0
52.2851 279.518 0.0153061 0
5.08601 594.673 0.18 0
5.08601 594.673 0.136691 0
47.3521 692.401 0.157895 1
39.4592 704.414 0.134831 1
74.0666 653.83 0.00684932 1
47.8044 707.768 0.0631068 1
37.8691 719.668 0.00888889 1
60.2837 699.519 0.010929 1
27.907 601.511 0.194444 1
11.4467 616.988 0.00420168 1
5.43626 735.473 0.00357143 1
54.4691 605.007 0.0176991 1
13.3518 671.425 0.117117 1
18.2764 736.31 0.0115607 1
16.4916 734.376 0.0892857 1
1.79947 730.608 0.119266 1
52.5642 653.723 0.0133333 1
4.68648 725.629 0.00763359 1
18.055 732.767 0.00900901 1
0.0172272 722.473 0.198312 1
5.20603 704.45 0.00531915 1
201.951 848.153 0.146341 1
7.6254 992.615 0.0762712 1
7.7692 971.974 0.0245902 1
2.00278 951.412 0.104651 1
14.0688 938.491 0.218978 1
3.95909 938.136 0.0756303 1
0.105942 930.646 0.0560748 1
23.2974 927.957 0.27619 1
7.59779 929.775 0.0428571 1
7.23228 916.157 0.0943396 1
159.56 53.4573 0.0222222 0
170.445 808.616 0.0879121 0
159.56 53.4573 0.0714286 0
159.56 53.4573 0.0222222 0
78.7479 212.549 0.0327869 0
10.8845 755.158 0.338983 1
84.2986 644.94 0.016129 0
79.8977 281.13 0.0327869 0
4.40092 926.07 0.27451 1
48.6746 1059.71 0.0173913 1
80.2244 287.868 0.011236 0
20.5406 1028.64 0.0564103 1
19.6631 1034.8 0.0275862 1
37.9812 1049.43 0.0846154 1
27.9864 1056.72 0.0183824 1
17.1748 1050.8 0.136364 1
18.0228 991.498 0.0378378 1
0.076767 1044.29 0.0808511 1
5.70259 1015.39 0.151685 1
31.0563 944.42 0.04375 1
96.7241 961.258 0.0636364 0
111.971 1004.42 0.029703 0
77.7136 876.213 0.0326087 0
96.7241 961.258 0.00507614 0
96.7241 961.258 0.031746 0
8.05104 345.877 0.0992366 0
96.7241 961.258 0.0636364 0
15.2466 43.16 0.416058 1
23.645 74.3105 0.0238095 1
35.6578 40.8551 0.304688 0
20.6421 78.8146 0.0231214 0
113.371 835.358 0.0111111 0
24.6983 219.977 0.0491803 0
113.371 835.358 0.029703 0
113.371 835.358 0.00649351 0
35.6578 40.8551 0.0672269 0
9.11506 134.743 0.0569106 0
20.6421 78.8146 0.0121951 0
24.6983 219.977 0.0903226 0
24.6983 219.977 0.244275 0
24.6983 219.977 0.0230769 0
24.6983 219.977 0.00819672 0
9.11506 134.743 0.169643 0
20.6421 78.8146 0.0196078 0
1.05705 126.669 0.0163934 0
50.7646 311.04 0.00571429 0
24.6983 219.977 0.0230769 0
47.1991 315.155 0.0214286 1
39.0061 538.173 0.0220588 1
5.07379 570.064 0.0564972 1
26.0627 541.223 0.0205479 1
5.03046 585.556 0.124294 1
53.8632 169.855 0.0598802 0
21.5997 361.161 0.00819672 0
53.8632 169.855 0.0724638 0
53.8632 169.855 0.0153061 0
30.9755 495.996 0.015625 1
51.327 138.338 0.0310559 0
51.327 138.338 0.18 0
51.327 138.338 0.136691 0
51.327 138.338 0.011236 0
60.9843 727.782 0.0892857 1
52.7758 737.924 0.351955 1
48.4498 736.456 0.00543478 1
40.5308 753.564 0.029661 1
88.5257 683.372 0.0273973 1
46.2093 687.523 0.0515464 1
27.8906 591.073 0.126506 1
0.0700226 764.265 0.0281125 1
4.70674 722.473 0.0235849 1
12.0174 763.755 0.346863 1
62.4547 665.394 0.490566 1
9.41003 760.236 0.0231214 1
9.05432 737.181 0.0654762 1
28.6394 673.083 0.0133333 1
18.7631 687.671 0.0294118 1
65.693 704.474 0.364964 1
9.87466 763.608 0.285714 1
12.461 761.362 0.0515464 1
9.80968 736.852 0.104839 1
202.719 903.067 0.025641 1
21.0211 978.444 0.275 1
7.99495 991.513 0.0784314 1
6.7478 976.362 0.205357 1
0.503937 967.657 0.116279 1
5.05643 960.287 0.0125 1
19.436 953.977 0.229167 1
7.42439 957.025 0.105882 1
32.226 870.518 0.0759494 0
160.373 164.472 0.0879121 0
80.8731 255.688 0.011236 0
80.8731 255.688 0.148148 0
128.147 706.047 0.0309278 1
14.2227 780.31 0.136691 1
81.2526 164.664 0.016129 0
81.2526 164.664 0.148148 0
55.5631 1032.04 0.0985916 1
39.8098 1037.2 0.00625 1
40.9261 1033.47 0.209184 1
31.7605 1047.32 0.0536585 1
20.7232 1022.59 0.00925926 1
6.34068 1028.11 0.0169492 1
1.35666 1022.29 0.0290456 1
15.7414 1011.59 0.142857 1
2.68669 1020.07 0.0209205 1
11.0438 986.893 0.00816326 1
114.766 808.364 0.00649351 0
79.1078 849.219 0.0206897 0
82.8019 862.405 0.015873 0
18.1845 685.662 0.0298507 0
30.2 810.751 0.00520833 0
79.1078 849.219 0.0326087 0
35.6578 40.8551 0.304688 0
35.6578 40.8551 0.0672269 0
79.1078 849.219 0.0206897 0
11.5219 433.533 0.0175439 1
90.0748 430.479 0.0117647 0
108.259 255.183 0.010101 1
55.0733 865.703 0.203822 1
17.7519 1186.46 0.26875 1
36.0133 972.514 0.0569106 0
36.0133 972.514 0.169643 0
32.8857 957.366 0.0166667 1
12.0916 1090.9 0.00636943 1
38.598 901.476 0.0231214 0
38.598 901.476 0.0121951 0
38.598 901.476 0.0196078 0
53.481 974.909 0.288889 1
39.5651 934.633 0.0163934 0
55.5635 1109.85 0.0168067 0
38.7836 1120.92 0.00699301 0
55.5635 1109.85 0.0666667 0
38.7836 1120.92 0.126437 0
34.8217 379.081 0.011236 0
34.8217 379.081 0.0192308 0
55.5635 1109.85 0.0451128 0
38.7836 1120.92 0.101911 0
36.8128 1127.9 0.035461 0
34.8217 379.081 0.0192308 0
71.6345 748.816 0.167939 1
67.0155 746.322 0.272727 1
56.4339 761.884 0.0363636 1
98.2527 753.78 0.0666667 1
44.2775 779.796 0.0376344 1
77.6765 769.284 0.00534759 1
12.3781 792.805 0.00469484 1
41.1591 794.295 0.0424242 1
5.53916 785.827 0.0306122 1
17.4314 810.359 0.0384615 1
13.9854 809.596 0.0151515 1
5.90508 790.477 0.0774648 1
48.5414 764.414 0.0463576 1
9.6839 806.235 0.0671141 1
0.0928726 776.502 0.0769231 1
16.7566 804.665 0.00617284 1
5.47748 744.302 0.11399 1
5.52328 800.875 0.167224 1
36.3593 927.007 0.09375 1
7.85811 947.778 0.161905 1
7.81244 929.218 0.00990099 1
4.3622 910.918 0.163265 1
2.30852 906.137 0.142857 1
8.04358 897.284 0.015625 1
0.784775 892.298 0.0933333 1
7.27118 891.693 0.048951 1
161.096 3.16516 0.0759494 0
165.219 850.421 0.163636 0
82.6468 137.67 0.0122699 0
29.3135 736.003 0.0630631 1
110.327 852.726 0.0854701 0
81.3443 133.889 0.0122699 0
28.9828 986.615 0.23494 1
47.2518 1005.6 0.282927 1
43.7143 1009.68 0.0357143 1
46.6991 1010.59 0.174129 1
34.8671 1017.11 0.0711297 1
28.0606 797.388 0.0434783 1
11.3086 981.973 0.0290698 1
53.118 624.627 0.016129 1
21.1864 980.538 0.0413534 1
7.56415 1007.75 0.289116 1
75.9785 124.124 0.0117647 0
83.58 864.55 0.0264901 0
75.9785 124.124 0.119497 0
75.9785 124.124 0.0184332 0
14.439 915.033 0.178571 1
83.4911 860.193 0.015873 0
83.4911 860.193 0.0264901 0
7.60152 988.675 0.0375 0
7.60152 988.675 0.0144928 0
83.4911 860.193 0.048951 0
83.4911 860.193 0.145299 0
16.6227 96.9226 0.148148 1
17.2531 131.606 0.0526316 1
75.8896 128.481 0.0298507 0
75.8896 128.481 0.119497 0
23.7821 955.757 0.0375 0
75.8896 128.481 0.08 0
50.7892 1111.57 0.0114943 0
23.7821 955.757 0.0224719 0
23.7821 955.757 0.00970874 0
75.8896 128.481 0.00520833 0
75.8896 128.481 0.0184332 0
23.7821 955.757 0.0144928 0
75.8896 128.481 0.010929 0
50.7892 1111.57 0.0275862 0
23.7821 955.757 0.0272109 0
23.7821 955.757 0.0434783 0
48.0918 1114.69 0.0151515 0
16.0028 1074.03 0.15942 1
55.1868 1090.45 0.0202703 0
38.4069 1101.52 0.0174419 0
47.7151 1095.29 0.0296296 0
8.49344 1081.94 0.0060241 1
54.8553 1050.93 0.0168067 0
54.8553 1050.93 0.0666667 0
54.8553 1050.93 0.0451128 0
54.8553 1050.93 0.0202703 0
16.7799 11.0671 0.217742 1
3.54332 61.0684 0.0114943 0
43.8403 994.699 0.0555556 0
43.8403 994.699 0.135593 0
0.886345 75.6277 0.198198 0
43.8403 994.699 0.00699301 0
43.8403 994.699 0.126437 0
43.8403 994.699 0.101911 0
43.8403 994.699 0.0174419 0
78.1102 717.66 0.0151515 0
43.8403 994.699 0.0263158 0
43.8403 994.699 0.140845 0
0.886345 75.6277 0.185185 0
7.05884 61.5945 0.0294118 0
34.2699 277.038 0.035461 0
78.1102 717.66 0.0151515 0
34.2699 277.038 0.031746 0
78.9965 793.288 0.0168067 0
85.169 779.255 0.175 1
75.8157 814.802 0.165414 1
67.3315 834.788 0.0232558 1
71.9505 824.74 0.0409357 1
64.2434 829.909 0.0865385 1
48.8062 854.509 0.0126582 1
14.4688 856.923 0.0196078 1
48.0854 600.181 0.00840336 1
7.13756 770.594 0.0189394 1
21.0857 868.039 0.0648649 1
24.1012 862.966 0.0448718 1
18.1113 788.93 0.0372671 1
1.73363 792.473 0.138889 1
17.3876 868.616 0.435484 1
20.9157 865.737 0.0481283 1
0.821167 836.375 0.0254237 1
7.12038 845.301 0.00621118 1
12.4333 858.338 0.013986 1
20.7346 796.862 0.0434783 1
51.7083 667.587 0.123077 1
205.454 865.345 0.333333 1
4.77065 974.999 0.107843 1
7.36653 969.522 0.0679612 1
2.18211 958.282 0.0568182 1
2.41986 951.622 0.0568182 1
15.8434 944.165 0.0604027 1
2.61533 942.572 0.212766 1
4.58658 915.935 0.27907 1
5.13382 935.002 0.16 1
159.366 54.9933 0.163636 0
57.9928 632.501 0.140351 0
170.418 864.433 0.00980392 0
82.0335 131.677 0.0877193 0
159.366 54.9933 0.00869565 0
101.373 577.508 0.028169 1
12.0627 905.125 0.301724 1
120.955 892.732 0.04 0
82.0042 98.756 0.0854701 0
82.0042 98.756 0.0877193 0
38.9504 991.488 0.248619 1
23.5699 987.091 0.00746269 1
36.3355 1004.75 0.00591716 1
27.7754 1002.04 0.0844444 1
20.3794 990.222 0.053719 1
4.19815 924.854 0.0133333 1
17.1796 990.358 0.00613497 1
6.20003 979.674 0.00595238 1
100.937 805.217 0.048951 0
4.03714 962.859 0.0920502 1
51.1329 834.687 0.0925926 0
100.905 797.667 0.145299 0
77.8312 99.1705 0.08 0
77.8312 99.1705 0.010929 0
100.905 797.667 0.047619 0
38.5901 799.391 0.15 0
51.1329 834.687 0.257353 0
50.0809 1052.65 0.0114943 0
50.0809 1052.65 0.0275862 0
27.0071 155.813 0.0909091 1
18.0882 252.353 0.0125 1
4.75575 271.295 0.0189873 1
1.60613 148.843 0.037594 1
6.75857 93.1913 0.0252101 1
31.7066 962.929 0.0224719 0
31.7066 962.929 0.0272109 0
109.538 863.759 0.047619 0
148.128 64.3675 0.0119048 1
49.7904 1176.51 0.07 1
19.4281 325.085 0.00970874 0
19.4281 325.085 0.0434783 0
19.4281 325.085 0.0151515 0
19.4281 325.085 0.0296296 0
24.4121 1319.78 0.0114943 0
19.4281 325.085 0.0779221 0
11.1643 1400.49 0.00645161 1
13.0897 1188.08 0.145455 1
43.8403 994.699 0.0555556 0
43.8403 994.699 0.0263158 0
22.1999 41.408 0.0779221 0
44.7266 1070.33 0.0693069 0
22.1999 41.408 0.0172414 0
22.1999 41.408 0.0253165 0
22.1999 41.408 0.0973451 0
36.0682 1061.34 0.02 0
43.8403 994.699 0.135593 0
43.8403 994.699 0.140845 0
32.9816 212.268 0.031746 0
44.7266 1070.33 0.00775194 0
0.886345 75.6277 0.198198 0
0.886345 75.6277 0.185185 0
77.7082 858.058 0.0168067 0
44.7266 1070.33 0.0693069 0
44.7266 1070.33 0.00775194 0
77.7082 858.058 0.0650406 0
22.5267 1111.73 0.00558659 1
12.2059 1055.39 0.289256 1
7.82084 966.133 0.016129 1
76.8218 782.431 0.0294118 0
57.3598 84.8566 0.0650406 0
57.3598 84.8566 0.0819672 0
72.46 862.315 0.015748 0
57.3598 84.8566 0.0296296 0
57.3598 84.8566 0.00724638 0
94.1761 826.681 0.00869565 1
78.974 863.306 0.037037 1
57.0146 59.3411 0.00763359 0
72.1149 887.831 0.0441176 0
57.3283 883.619 0.117284 1
53.5671 891.631 0.125 1
29.9113 889.227 0.123762 1
12.9588 893.288 0.0330189 1
2.58585 837.876 0.34874 1
15.146 885.173 0.469027 1
47.5147 809.316 0.00787402 1
12.5369 888.85 0.135484 1
15.8206 891.219 0.0217391 1
12.0867 870.333 0.128079 1
15.8608 757.02 0.00900901 1
17.0733 885.993 0.108333 1
18.0128 880.296 0.0077821 1
21.151 878.261 0.00584795 1
0.793365 842.561 0.0952381 1
54.0857 912.99 0.175 1
8.0338 935.35 0.121495 1
4.87317 916.286 0.0892857 1
6.54979 912.164 0.154639 1
8.20795 903.624 0.154472 1
21.4351 894.041 0.248 1
6.40913 897.692 0.2 1
159.297 19.3176 0.00869565 0
159.297 19.3176 0.141026 0
7.47681 890.846 0.246914 1
33.8356 803.073 0.1 0
159.408 31.8181 0.140351 0
159.408 31.8181 0.141026 0
125.573 834.892 0.0384615 1
158.802 103.517 0.00980392 0
15.9115 916.062 0.0725806 1
83.8815 51.0863 0.04 0
24.1397 971.332 0.00520833 1
31.4002 961.385 0.170213 1
0.461456 871.34 0.132653 1
34.3843 964.6 0.0638298 1
2.61327 953.627 0.029703 1
5.52771 944.208 0.0168539 1
8.90453 964.512 0.0042735 1
16.7977 917.483 0.00719424 1
1.91261 954.134 0.00732601 1
17.3055 941.882 0.0123967 1
102.755 2.11401 0.026738 0
36.4032 749.224 0.177778 1
102.662 3.58655 0.15 0
47.0605 853.799 0.0531915 1
100.198 61.5797 0.0925926 0
100.198 61.5797 0.257353 0
100.198 61.5797 0.026738 0
100.198 61.5797 0.116505 0
15.4587 949.708 0.0208333 1
25.3457 974.828 0.150289 1
2.68817 972.557 0.165323 1
5.63425 882.469 0.0625 1
23.3552 285.134 0.0172414 0
20.5676 783.801 0.0327869 1
23.8934 294.864 0.0253165 0
0.497681 776.231 0.09375 1
4.9396 726.367 0.0661479 1
24.3115 414.045 0.0973451 0
24.3115 414.045 0.02 0
56.8874 215.892 0.0819672 0
56.8874 215.892 0.0296296 0
56.8874 215.892 0.00763359 0
15.1669 660.538 0.24 1
13.1751 628.526 0.0190476 1
1.33468 627.72 0.0167598 1
58.0506 289.021 0.00724638 0
10.2841 579.989 0.00763359 1
58.3422 302.551 0.015748 0
58.3422 302.551 0.0441176 0
58.3422 302.551 0.0462963 0
74.5102 873.086 0.0188679 0
67.8915 841.71 0.0538462 1
58.1443 313.493 0.0709677 0
74.3123 884.028 0.0580645 0
43.3865 835.351 0.215054 1
24.0741 876.268 0.171429 1
10.3263 878.981 0.163462 1
43.924 841.794 0.00613497 1
27.4727 630.568 0.0635838 1
3.04113 832.902 0.178161 1
18.2397 878.943 0.00537634 1
7.27593 881.397 0.244898 1
21.1641 881.877 0.0272727 1
24.3538 878.613 0.203846 1
6.15054 855.446 0.0761421 1
57.0525 787.769 0.00956938 1
8.43685 879.76 0.0358423 1
10.1146 860.308 0.0245098 1
206.972 855.694 0.3 1
7.71217 982.857 0.0977444 1
3.39719 968.021 0.251799 1
11.7363 951.502 0.056338 1
3.83394 946.54 0.0294118 1
5.40192 947.754 0.0245902 1
159.58 13.4117 0.0181818 0
4.12575 938.988 0.0833333 1
159.599 9.16742 0.1 0
159.599 9.16742 0.0181818 0
94.3057 775.87 0.0149254 1
27.54 667.002 0.408163 1
36.7948 950.399 0.159236 1
41.9029 949.987 0.139665 1
14.7063 922.039 0.128571 1
84.083 8.93195 0.02 0
25.8816 946.646 0.0289855 1
17.9967 947.566 0.0175439 1
13.7117 946.827 0.223881 1
34.9754 853.661 0.0285714 1
1.64442 932.003 0.0238095 1
10.8547 927.001 0.0862069 1
104.758 356.892 0.013986 0
38.8597 829.663 0.0122699 0
104.758 356.892 0.116505 0
104.758 356.892 0.0485437 0
104.758 356.892 0.011236 0
27.8773 664.982 0.0116279 0
105.204 901.914 0.00925926 0
104.758 356.892 0.013986 0
104.758 356.892 0.0485437 0
104.758 356.892 0.0123457 0
65.8987 472.772 0.307692 1
130.618 422.529 0.11828 1
4.63231 930.996 0.113043 1
20.9473 904.488 0.191667 1
101.232 11.8077 0.011236 0
11.6837 918.414 0.0178571 1
23.8585 887.076 0.0777778 1
7.08228 885.663 0.150198 1
8.60497 852.509 0.0283019 1
0.833603 831.922 0.00729927 1
4.16142 796.01 0.0669856 1
55.7523 109.803 0.0462963 0
55.7523 109.803 0.0709677 0
18.5115 762.866 0.477612 1
56.2769 121.986 0.00632911 0
3.89522 752.589 0.0212766 1
20.7802 659.981 0.0714286 1
56.3881 176.403 0.0188679 0
56.3881 176.403 0.0580645 0
56.3881 176.403 0.0448718 0
23.5743 672.002 0.0983607 1
1.27688 683.759 0.0155039 0
56.862 178.965 0.00632911 0
56.862 178.965 0.0448718 0
56.862 178.965 0.00833333 0
56.862 178.965 0.10274 0
55.5852 862.724 0.254902 1
12.2949 868.342 0.0121212 1
3.17147 862.943 0.0260417 1
15.0483 873.002 0.00423729 1
66.0684 800.05 0.190476 1
21.7477 879.528 0.0335196 1
5.50671 852.908 0.0409357 1
18.6155 867.385 0.0110701 1
12.6557 866.071 0.0226415 1
24.4895 862.998 0.201117 1
44.0916 736.027 0.00613497 1
18.1906 868.637 0.0132159 1
26.9716 781.929 0.0179641 1
2.41946 828.838 0.0491071 1
74.2301 885.803 0.2 1
6.96358 942.525 0.157576 1
0.843887 933.32 0.0939597 1
5.30566 928.549 0.0650406 1
0.552383 924.903 0.220472 1
2.19385 920.441 0.103175 1
2.22414 914.325 0.056 1
6.28278 910.406 0.292517 1
158.935 44.4433 0.0666667 0
158.935 44.4433 0.010989 0
7.84097 905.23 0.29771 1
13.9354 853.487 0.176471 0
168.959 769.494 0.00729927 0
159.021 53.6746 0.0666667 0
159.021 53.6746 0.0123457 0
145.086 907.161 0.388889 1
10.8461 948.357 0.0344828 1
84.3701 66.5596 0.02 0
159.061 105.363 0.010989 0
84.3701 66.5596 0.114754 0
84.3701 66.5596 0.114754 0
84.3701 66.5596 0.0238095 0
28.0276 922.631 0.128205 1
38.4175 929.669 0.263441 1
28.8521 932.124 0.00826446 1
35.1718 927.633 0.155914 1
2.67328 915.157 0.0663717 1
8.81839 919.592 0.0358423 1
8.91464 811.493 0.0632184 1
32.926 793.41 0.0157895 1
104.195 220.879 0.0123457 0
104.195 220.879 0.0494506 0
75.8292 836.56 0.00515464 0
104.195 220.879 0.0122699 0
104.195 220.879 0.0494506 0
104.195 220.879 0.0173913 0
28.3658 615.681 0.185185 1
7.32675 600.041 0.104348 1
13.3987 608.815 0.0943396 1
103.45 225.479 0.0116279 0
103.45 225.479 0.00925926 0
4.25861 690.415 0.00485437 1
7.94932 657.116 0.010101 1
20.84 627.173 0.08 1
3.38723 630.326 0.0320513 1
19.3971 621.2 0.140351 1
15.5791 616.97 0.0123457 1
1.08634 620.71 0.240741 1
3.05453 605.658 0.044586 1
10.5885 582.915 0.0301205 1
6.36608 571.356 0.113095 1
1.43809 560.739 0.0255102 1
57.5116 317.289 0.00833333 0
57.5116 317.289 0.0107527 0
9.32323 539.719 0.026087 1
57.689 325.938 0.10274 0
57.689 325.938 0.109244 0
57.689 325.938 0.0155039 0
57.689 325.938 0.0107527 0
57.689 325.938 0.109244 0
57.689 325.938 0.0945946 0
38.0418 803.247 0.123894 1
0.722054 820.42 0.0188679 1
17.2071 853.933 0.0619469 1
7.29598 810.703 0.00719424 1
18.7193 860.756 0.257463 1
15.4563 859.044 0.0289256 1
22.8124 856.706 0.0664062 1
27.7497 847.583 0.466667 1
55.2462 746.429 0.0114286 1
15.5431 856.118 0.013986 1
24.9296 779.398 0.0934579 1
10.5627 847.574 0.208163 1
14.932 848.114 0.0581395 1
11.1146 840.825 0.240175 1
207.533 868.24 0.268293 1
2.69896 857.347 0.038961 1
2.68774 989.199 0.110092 1
3.91869 982.587 0.00884956 1
1.90891 974.706 0.119266 1
8.15784 974.236 0.104167 1
7.04343 956.175 0.0239521 1
1.60291 954.384 0.174603 1
158.757 50.1865 0.0123457 0
158.757 50.1865 0.0449438 0
42.038 808.442 0.0111111 0
158.757 50.1865 0.176471 0
158.757 50.1865 0.0449438 0
158.757 50.1865 0.0212766 0
116.719 858.628 0.0740741 1
158.044 127.682 0.00729927 0
84.3271 156.898 0.0238095 0
84.3271 156.898 0.010989 0
158.044 127.682 0.00613497 0
28.4229 988.578 0.237288 1
117.836 1065.73 0.0102564 0
33.9609 911.913 0.40991 1
44.5825 918.75 0.0797101 1
21.8495 911.642 0.0469484 1
84.2355 153.223 0.010989 0
84.2355 153.223 0.0220588 0
4.58615 837.249 0.0853659 1
21.8872 890.091 0.034188 1
19.3037 551.311 0.0493827 1
11.1557 885.837 0.200772 1
1.88576 867.249 0.0277778 1
32.3869 739.676 0.0266667 1
105.422 363.676 0.00925926 0
105.422 363.676 0.00591716 0
105.422 363.676 0.0173913 0
105.422 363.676 0.0708661 0
105.422 363.676 0.025 0
13.6731 389.62 0.0344828 0
105.422 363.676 0.00515464 0
105.422 363.676 0.00925926 0
105.422 363.676 0.0708661 0
17.3165 458.556 0.084507 1
119.333 23.7052 0.0522388 1
2.61126 665.745 0.0120482 1
4.50336 639.615 0.00568182 1
104.457 254.615 0.00591716 0
104.457 254.615 0.025 0
0.715019 648.26 0.186992 1
3.8817 623.87 0.19209 1
4.9749 613.082 0.208145 1
8.97519 596.108 0.00492611 1
4.00236 584.471 0.0326797 1
12.3707 567.512 0.0465116 1
6.01072 562.898 0.0469799 1
3.59921 540.851 0.133858 1
4.88287 537.201 0.180451 1
9.61253 525.952 0.00653595 1
1.37115 517.58 0.122449 1
58.3172 322.973 0.0945946 0
58.3172 322.973 0.00740741 0
3.65659 336.658 0.108696 0
25.6588 318.554 0.0492958 0
58.3172 322.973 0.00740741 0
54.6606 659.63 0.00970874 1
58.2307 326.65 0.0413223 0
32.5719 645.204 0.205607 1
22.397 841 0.194737 1
35.1368 669.679 0.0661765 1
3.29189 809.561 0.104895 1
13.5505 841.634 0.00440529 1
28.8054 825.683 0.171875 1
6.42451 795.078 0.132653 1
10.156 836.719 0.00490196 1
46.428 770.253 0.0897436 1
7.26199 815.185 0.025641 1
3.97151 809.147 0.121457 1
20.8028 710.204 0.0243902 1
62.6231 729.302 0.0115607 1
6.40372 166.292 0.0540541 1
3.66183 950.614 0.0535714 1
0.364044 946.191 0.0458716 1
0.749619 940.077 0.130435 1
4.44258 940.022 0.0818182 1
6.1951 937.027 0.0183486 1
8.15833 934.934 0.0075188 1
1.27551 923.703 0.397959 1
157.723 152.518 0.0212766 0
157.723 152.518 0.00613497 0
157.723 152.518 0.168421 0
157.723 152.518 0.00854701 0
171.364 871.617 0.0175439 0
157.723 152.518 0.0111111 0
157.723 152.518 0.168421 0
13.6411 1024.14 0.0288462 1
85.2951 107.764 0.0220588 0
158.687 92.3732 0.00854701 0
85.2951 107.764 0.100671 0
85.2951 107.764 0.0102564 0
85.2951 107.764 0.100671 0
20.5104 885.245 0.160622 1
38.1838 899.171 0.187845 1
37.3345 880.023 0.0186916 1
16.9083 883.733 0.152091 1
2.45329 787.168 0.0540541 1
6.41161 845.181 0.104918 1
21.1366 841.151 0.0545455 1
66.7834 837.445 0.0654762 0
66.7834 837.445 0.0588235 0
51.2266 743.001 0.00699301 0
39.2797 469.871 0.0366972 1
7.02405 441.003 0.269504 1
54.2837 379.688 0.06 1
104.789 329.717 0.0344828 0
17.8391 537.492 0.0442478 1
23.0733 544.019 0.257353 1
2.83619 558.219 0.0287081 1
13.6004 538.701 0.0849673 1
13.7573 540.265 0.0510949 1
8.04361 541.117 0.00549451 1
5.22004 529.927 0.00534759 1
9.37685 522.069 0.0847458 1
4.12649 506.353 0.0124224 1
17.7324 501.42 0.0789474 1
14.4741 488.614 0.0789474 1
16.1577 505.095 0.121739 1
39.8748 467.309 0.012987 0
58.1137 337.397 0.108696 0
58.1137 337.397 0.145161 0
18.2388 804.706 0.138462 1
58.0706 336.281 0.027027 0
4.58823 797.752 0.22314 1
14.3269 828.447 0.00980392 1
58.1195 331.803 0.0413223 0
58.1195 331.803 0.145161 0
58.1195 331.803 0.117188 0
58.1195 331.803 0.00675676 0
58.1195 331.803 0.0143885 0
58.1195 331.803 0.0492958 0
58.1195 331.803 0.117188 0
5.77282 816.344 0.102881 1
24.4813 721.767 0.00588235 1
13.5601 820.348 0.0508475 1
24.2446 810.03 0.0441176 1
13.8233 758.923 0.25974 1
14.6982 821.294 0.127778 1
4.77762 819.513 0.191057 1
0.809967 818.299 0.127854 1
14.7527 814.409 0.0110497 1
5.7893 812.357 0.204188 1
7.45193 777.374 0.00985222 1
156.771 1598.34 0.105263 1
6.51743 979.618 0.0280374 1
8.41309 972.393 0.260563 1
5.18863 963.636 0.0740741 1
1.85294 959.033 0.131868 1
6.81921 953.975 0.0666667 1
8.05843 950.484 0.0350877 1
8.26288 943.162 0.109091 1
4.52715 936.482 0.112069 1
34.1084 756.831 0.111111 1
158.563 81.2601 0.0175439 0
158.563 81.2601 0.0943396 0
6.11185 776.989 0.482353 1
29.277 880.58 0.417526 1
33.5678 882.733 0.196721 1
25.7199 856.545 0.0176991 1
29.5974 723.517 0.0555556 1
6.60559 858.182 0.0134228 1
46.1523 789.294 0.121622 1
21.4586 711.408 0.025 1
58.6 815.077 0.0104712 0
106.378 382.61 0.0654762 0
106.378 382.61 0.0588235 0
106.378 382.61 0.0843373 0
47.778 432.468 0.134021 1
104.421 155.388 0.025 1
44.8233 441.255 0.037037 1
104.913 264.937 0.00699301 0
9.52601 611.534 0.0405405 1
3.69514 609.213 0.03125 1
21.8168 600.651 0.045977 1
6.92066 604.885 0.0255319 1
21.7901 591.567 0.216216 1
14.0722 591.602 0.0714286 1
18.6502 589.691 0.173913 1
4.52928 579.815 0.00613497 0
4.52928 579.815 0.0290698 0
23.5994 586.494 0.12766 1
4.39513 579.629 0.0314961 0
27.6784 585.019 0.00694444 0
4.39513 579.629 0.00775194 0
27.6784 585.019 0.00684932 0
57.5151 226.208 0.0104167 0
27.6784 585.019 0.148148 0
34.338 579.482 0.102804 0
57.5151 226.208 0.012987 0
57.5151 226.208 0.00675676 0
57.5151 226.208 0.0104167 0
23.1771 805.689 0.109091 1
58.0652 697.591 0.258621 1
1.13509 795.739 0.272189 1
8.15782 809.402 0.0403587 1
57.419 222.014 0.027027 0
57.419 222.014 0.0143885 0
15.7546 778.806 0.0617978 1
19.2799 784.665 0.0836653 1
77.5585 658.017 0.015544 1
54.2928 626.6 0.0891089 1
19.7415 811.184 0.0232558 1
11.9707 808.83 0.00884956 1
4.24593 805.431 0.0875 1
11.7961 764.162 0.00591716 1
53.2787 771.165 0.00787402 1
12.5362 802.756 0.0948617 1
7.69511 805.828 0.0433213 1
23.5715 773.944 0.00657895 1
58.3805 723.695 0.00588235 1
52.7938 609.473 0.011976 1
1.78781 931.699 0.107527 1
2.69235 922.69 0.242857 1
1.30905 918.149 0.0588235 1
4.23059 914.37 0.0967742 1
11.7937 907.793 0.155738 1
4.1259 903.211 0.112245 1
7.54826 903.347 0.056338 1
3.29085 894.369 0.0648148 1
6.41135 890.271 0.12 1
158.355 100.622 0.0943396 0
158.355 100.622 0.0208333 0
158.355 100.622 0.0208333 0
85.9852 99.8335 0.056701 0
158.355 100.622 0.0138889 0
26.0256 847.541 0.0657895 1
85.0824 93.1141 0.056701 0
85.0824 93.1141 0.016129 0
18.6769 871.18 0.135246 1
29.0249 872.505 0.0615385 1
11.6771 880.44 0.0775862 1
7.75478 863.397 0.0211268 1
19.6889 851.841 0.0343511 1
3.63806 841.515 0.130208 1
105.928 279.995 0.0151515 0
51.745 731.038 0.0117647 0
105.928 279.995 0.0843373 0
105.928 279.995 0.347222 0
51.745 731.038 0.010989 0
83.0538 838.056 0.0979021 0
112.707 786.395 0.010989 0
105.928 279.995 0.0104712 0
105.928 279.995 0.0151515 0
105.928 279.995 0.347222 0
105.928 279.995 0.0121951 0
54.1829 451.043 0.0380952 1
22.5003 575.066 0.356688 1
7.59072 521.873 0.0666667 1
14.0451 572.112 0.0228571 1
0.865036 580.013 0.106918 1
1.77821 577.343 0.046875 1
13.3544 568.001 0.00588235 1
11.4273 576.357 0.0828402 1
16.3194 567.247 0.0540541 1
9.37145 566.55 0.172619 1
4.93951 548.556 0.126126 0
17.1676 533.489 0.17284 0
16.7005 526.502 0.0104167 0
4.93951 548.556 0.00613497 0
4.93951 548.556 0.0290698 0
4.93951 548.556 0.0314961 0
4.93951 548.556 0.00775194 0
4.93951 548.556 0.126126 0
4.93951 548.556 0.0331492 0
12.2281 15.0667 0.438596 1
19.0082 30.9063 0.392308 1
19.6138 87.3733 0.0852713 1
27.134 553.946 0.00694444 0
27.134 553.946 0.00684932 0
27.134 553.946 0.148148 0
29.6868 810.125 0.282486 1
54.2301 642.672 0.280822 1
56.4232 269.829 0.102804 0
9.46162 803.828 0.104294 1
4.69424 821.005 0.00471698 1
16.2627 821.222 0.00584795 1
2.28935 783.631 0.0201342 1
12.8872 806.185 0.103943 1
4.91389 810.047 0.0921053 1
47.4751 708.921 0.103448 1
6.56715 746.766 0.0384615 1
9.57105 786.876 0.0037594 1
11.4067 775.143 0.010929 1
13.2655 782.942 0.0285714 1
19.9332 801.748 0.0097561 1
4.25449 718.491 0.164773 1
58.2957 669.113 0.00591716 1
5.28534 752.908 0.0331492 1
13.6916 785.679 0.0374332 1
6.60016 776.701 0.0151515 1
192.299 48.7171 0.107527 1
1.11913 979.597 0.17284 1
0.107742 975.335 0.00689655 1
5.17558 968.843 0.142857 1
15.2855 962.287 0.161538 1
1.89627 962.367 0.166667 1
3.91554 957.983 0.0943396 1
13.9288 942.927 0.162162 1
7.93597 949.242 0.010101 1
156.939 37.1794 0.0138889 0
156.939 37.1794 0.0735294 0
170.116 912.486 0.00724638 0
85.5452 113.974 0.016129 0
156.939 37.1794 0.0735294 0
85.5452 113.974 0.0544554 0
156.939 37.1794 0.0403226 0
13.1777 949.665 0.335616 1
86.2479 72.1037 0.0544554 0
2.69743 840.641 0.116279 1
11.5305 863.382 0.128889 1
22.5614 850.849 0.011583 1
0.153366 842.876 0.0510949 1
19.403 758.668 0.0125786 1
105.509 301.88 0.0121951 0
105.509 301.88 0.010929 0
105.509 301.88 0.00851064 0
4.61374 441.472 0.0357143 0
105.509 301.88 0.0117647 0
105.509 301.88 0.010989 0
105.509 301.88 0.010929 0
100.895 139.592 0.192661 1
6.46338 516.709 0.0588235 1
12.1571 560.171 0.217647 1
82.9405 36.9075 0.0827586 1
104.231 207.082 0.0979021 0
104.231 207.082 0.00851064 0
104.231 207.082 0.010989 0
22.7581 559.098 0.0114286 1
16.0601 639.365 0.395833 1
7.93831 624.192 0.0829016 1
6.18227 643.472 0.048913 1
8.93997 637.043 0.125628 1
12.0642 628.507 0.0470085 1
12.2365 596.191 0.010101 1
55.5193 182.172 0.0331492 0
55.5193 182.172 0.011976 0
3.51881 601.68 0.0238095 0
55.5193 182.172 0.17284 0
52.0005 783.853 0.128713 1
55.4509 184.696 0.011976 0
55.4509 184.696 0.0444444 0
25.3653 803.262 0.0444444 1
55.3938 184.333 0.0104167 0
60.3574 773.33 0.00806452 1
41.4942 767.311 0.607595 1
12.743 807.389 0.0847458 1
1.9131 797.744 0.0188679 1
6.65105 797.284 0.0604982 1
15.0606 790.044 0.0630252 1
9.52543 788.216 0.181208 1
55.3728 608.562 0.0208333 1
8.36588 757.311 0.00904977 1
9.54618 793.389 0.0327273 1
17.3588 782.975 0.0728477 1
87.1453 704.151 0.410256 1
35.3497 669.757 0.0138889 1
54.2491 499.815 0.0380435 1
7.12456 795.934 0.0114504 1
64.0838 728.55 0.0163934 1
15.5098 796.663 0.0344828 1
7.89693 798.978 0.0233918 1
11.3026 793.63 0.00469484 1
9.27412 679.652 0.0528846 1
180.503 212.377 0.130435 1
1.26567 1011.74 0.218935 1
0.80983 1002.5 0.0625 1
7.33246 991.696 0.159574 1
22.8245 982.007 0.251908 1
3.04907 981.644 0.156863 1
7.60437 985.552 0.0153846 1
2.21275 979.268 0.05625 1
5.7142 977.278 0.2125 1
157.155 32.4332 0.0403226 0
166.371 923.291 0.0173913 0
157.155 32.4332 0.00724638 0
9.21608 890.858 0.145985 1
19.878 856.95 0.109677 1
28.6915 848.5 0.0642202 1
16.1944 848.254 0.0734463 1
24.2778 842.631 0.0135747 1
11.9338 839.96 0.00735294 1
104.842 227.098 0.0357143 0
104.842 227.098 0.00526316 0
22.2282 246.319 0.0446429 0
22.2282 246.319 0.0491803 0
28.2292 599.855 0.142857 1
98.2547 225.324 0.00833333 1
5.14409 614.63 0.00961538 1
21.8592 297.649 0.0289017 0
13.697 637.399 0.289683 1
6.75473 632.87 0.0424242 1
20.7189 652.272 0.0403226 1
2.98798 647.139 0.0120482 1
9.00267 650.62 0.0811966 1
3.22446 635.786 0.144928 1
54.9941 152.709 0.0444444 0
54.9941 152.709 0.373626 0
53.1176 621.133 0.00826446 0
23.5251 618.599 0.064 0
54.9941 152.709 0.0238095 0
54.9941 152.709 0.373626 0
54.9941 152.709 0.102273 0
1.8765 773.841 0.00675676 1
31.4653 769.792 0.368421 1
16.648 786.739 0.0220588 1
20.0109 790.76 0.226415 1
6.55548 775.49 0.0173913 1
26.7277 731.617 0.0645161 1
64.3507 652.233 0.010929 1
7.00576 744.22 0.0959596 1
6.82751 775.765 0.00974026 1
13.6664 747.385 0.188406 1
0.675285 782.406 0.0248447 1
2.67785 777.041 0.0656566 1
19.566 759.99 0.0133333 1
3.11519 758.658 0.24898 1
17.108 766.287 0.0542169 1
23.687 770.832 0.0588235 1
15.8848 777.475 0.0196078 1
22.4488 644.776 0.0408163 1
3.39436 651.468 0.0376344 1
16.9642 778.821 0.012931 1
4.64805 600.109 0.0808824 1
0.724792 974.499 0.0384615 1
3.68195 968.037 0.113043 1
12.1087 960.721 0.181818 1
31.9414 957.97 0.19469 1
6.75401 960.799 0.0789474 1
9.44466 960.754 0.139344 1
2.40567 948.699 0.144231 1
7.74335 927.699 0.0701754 1
157.527 36.6041 0.0173913 0
157.527 36.6041 0.0175439 0
22.0859 817.486 0.348485 1
86.5025 44.4669 0.0604396 0
7.35594 829.229 0.139423 1
5.54228 757.16 0.059322 1
24.8658 801.841 0.0425532 1
0.633392 789.541 0.056338 1
104.575 195.715 0.00526316 0
21.8428 267.702 0.0446429 0
21.8428 267.702 0.0491803 0
21.8428 267.702 0.0289017 0
21.8428 267.702 0.0666667 0
82.7321 463.417 0.0186335 0
82.7321 463.417 0.0107527 0
95.6913 182.293 0.00515464 0
15.9101 59.1236 0.0143885 0
21.8428 267.702 0.0666667 0
37.7529 326.825 0.145985 1
84.2964 383.715 0.111111 1
32.9001 597.345 0.0729167 1
40.1363 572.762 0.13253 1
3.5268 680.652 0.00843882 1
13.5081 674.757 0.016129 1
4.56557 677.77 0.120219 1
15.0486 638.302 0.00649351 1
54.3094 102.462 0.102273 0
54.3094 102.462 0.0338983 0
54.3094 102.462 0.0409836 0
54.3094 102.462 0.00826446 0
54.3094 102.462 0.0338983 0
54.3094 102.462 0.104348 0
32.3385 719.976 0.153226 1
14.0474 760.354 0.313433 1
21.8133 756.296 0.0382775 1
54.2418 100.576 0.064 0
54.2418 100.576 0.0409836 0
44.7704 699.829 0.0534351 1
8.68537 729.155 0.0224719 1
65.4798 736.693 0.050505 1
1.60615 754.211 0.0488889 1
15.0746 755.522 0.00571429 1
16.2304 725.142 0.232143 1
55.9175 634.515 0.125 1
9.24686 759.73 0.0444444 1
3.74026 764.737 0.103896 1
12.0143 762.927 0.0307018 1
17.7319 752.419 0.0236967 1
36.3499 639.92 0.00704225 1
80.6687 638.628 0.00628931 1
9.24574 745.089 0.149733 1
8.12957 760.295 0.171806 1
16.9103 768.53 0.019685 1
3.16625 725.217 0.104545 1
12.0886 763.801 0.0170648 1
14.1519 758.156 0.0132159 1
2.03522 697.395 0.111111 1
66.7267 581.021 0.246914 1
4.6375 934.58 0.0851064 1
197.628 841.322 0.192771 1
2.96924 1025.44 0.227586 1
0.318817 1016.92 0.0822785 1
15.6852 1004.02 0.156627 1
25.5515 998.077 0.245763 1
9.1279 984.619 0.0183486 1
5.17505 1001.07 0.0915033 1
9.36951 988.778 0.347826 1
156.217 102.428 0.0175439 0
156.217 102.428 0.0583333 0
89.3861 709.262 0.149254 0
169.111 959.565 0.0172414 0
86.6207 54.4678 0.0604396 0
156.217 102.428 0.0583333 0
86.6207 54.4678 0.00609756 0
12.8943 857.137 0.0597015 1
104.933 850.344 0.0295567 0
87.195 23.3707 0.00609756 0
15.1417 790.854 0.0616438 1
17.7685 825.84 0.358079 1
24.6906 821.347 0.219895 1
14.8207 820.973 0.0423729 1
3.37271 760.337 0.107955 1
83.0124 450.913 0.0186335 0
12.6789 633.206 0.137778 1
18.2825 708.282 0.19403 1
26.3316 460.731 0.0397727 0
83.01 446.744 0.0107527 0
26.3316 460.731 0.0298507 0
83.01 446.744 0.00515464 0
26.3316 460.731 0.277512 0
21.1208 298.689 0.0143885 0
15.0653 590.564 0.111111 1
6.96838 467.637 0.107692 1
19.5357 625.849 0.0357143 1
8.85126 640.527 0.131148 1
7.68661 646.317 0.0791367 1
6.31595 624.364 0.00505051 1
0.896187 641.756 0.00502513 1
31.391 493.287 0.0854701 0
53.9295 120.972 0.104348 0
53.9295 120.972 0.101449 0
53.9295 120.972 0.0205479 0
31.391 493.287 0.0555556 0
18.1557 515.143 0.0133333 0
58.6669 633.309 0.0952381 0
22.5385 614.259 0.0793651 1
21.0348 749.928 0.0129032 1
4.69955 753.488 0.236559 1
53.9726 119.358 0.101449 0
35.8169 634.501 0.136646 1
1.51598 708.94 0.11588 1
53.9334 118.198 0.0205479 0
11.1527 752.982 0.00411523 1
7.01216 736.599 0.018018 1
62.7585 594.461 0.0347826 1
0.959396 754.292 0.00510204 1
3.05853 752.091 0.0047619 1
2.44726 743.461 0.015625 1
15.4258 668.053 0.0171429 1
15.415 720.357 0.0707071 1
1.67976 740.187 0.0170213 1
10.8783 703.503 0.0321101 1
71.5441 550.527 0.0877193 1
28.233 654.348 0.0480769 1
1.53466 716.446 0.0165289 1
18.0331 754.711 0.0555556 1
13.476 750.657 0.0426357 1
18.2506 747.314 0.0976562 1
59.7273 463.227 0.126437 1
11.5839 741.959 0.0927835 1
200.699 989.374 0.08 1
24.4989 912.503 0.019802 1
1.70338 1084.57 0.0866667 1
7.41641 1072.75 0.0406504 1
18.7458 1068.16 0.181818 1
1.81285 1062.76 0.289855 1
10.278 1069.59 0.101351 1
0.151566 1054.94 0.287879 1
7.96773 1043.4 0.0434783 1
89.0098 762.022 0.149254 0
67.405 575.736 0.135802 1
156.081 166.725 0.103896 0
10.0083 753.122 0.0795455 1
155.768 187.21 0.0172414 0
86.8262 39.1191 0.00502513 0
155.768 187.21 0.00793651 0
86.8262 39.1191 0.0295567 0
86.8262 39.1191 0.00502513 0
86.8262 39.1191 0.0485437 0
27.6796 796.077 0.111607 1
3.86229 800.136 0.130631 1
28.1136 777.766 0.0304183 1
39.4433 698.044 0.0117647 1
26.5581 458.93 0.0097561 0
46.161 676.702 0.0201005 1
26.4294 462.969 0.0324324 0
94.9282 732.949 0.0120482 0
26.4294 462.969 0.0397727 0
26.4294 462.969 0.0298507 0
26.4294 462.969 0.277512 0
26.4294 462.969 0.0097561 0
26.4294 462.969 0.0324324 0
77.4398 281.913 0.0733333 1
103.433 149.027 0.0649351 0
8.50442 583.921 0.0070922 0
103.433 149.027 0.00769231 0
8.50442 583.921 0.0940171 0
33.8325 570.637 0.175182 1
81.1237 242.721 0.0234375 1
27.6529 686.625 0.00671141 1
13.6173 701.636 0.0157895 1
30.7611 648.382 0.00628931 1
18.2202 638.171 0.0426829 1
72.8842 645.165 0.0526316 0
72.8842 645.165 0.0392157 0
54.0038 675.421 0.028169 0
52.2708 44.1554 0.0854701 0
52.2708 44.1554 0.0555556 0
20.6133 689.321 0.0125 1
1.71298 719.32 0.275362 1
14.8315 745.908 0.169811 1
0.790581 410.244 0.0176991 1
28.5101 731.474 0.334728 1
52.3845 42.0505 0.0133333 0
20.1088 729.598 0.0612245 1
52.4305 41.3044 0.0952381 0
47.8306 669.564 0.0060241 1
25.2869 703.66 0.189944 1
15.3891 742.607 0.00438596 1
10.169 742.03 0.0524017 1
17.2062 682.714 0.162791 1
8.4939 738.665 0.0441767 1
17.9168 739.521 0.117647 1
9.56828 725.054 0.0898876 1
41.3651 647.293 0.190476 1
56.9032 696.628 0.183908 1
16.3816 722.386 0.00938967 1
10.8161 735.289 0.00485437 1
24.6619 736.842 0.0181818 1
21.951 741.235 0.243119 1
7.2759 660.155 0.0857143 1
57.0714 573.358 0.0864198 1
51.328 561.972 0.418605 1
9.3285 729.064 0.0947867 1
15.3464 725.415 0.0942408 1
8.96181 729.223 0.219424 1
200.639 1035.57 0.235294 1
6.28751 1109.79 0.166667 1
1.06213 1104.48 0.13986 1
4.26852 1096.32 0.174757 1
10.6667 1088.41 0.133929 1
3.13901 1083.94 0.0206186 1
10.5315 1089.42 0.205882 1
5.85928 1085.63 0.0444444 1
155.5 218.417 0.103896 0
155.5 218.417 0.00793651 0
155.5 218.417 0.0075188 0
9.3313 1080.26 0.284722 1
86.924 36.8811 0.0485437 0
155.554 212.663 0.0075188 0
12.1639 823.829 0.107914 1
99.0098 808.163 0.00956938 0
11.515 803.322 0.444934 1
12.8965 737.004 0.0131579 1
8.19141 802.57 0.0138249 1
0.102158 766.677 0.132231 1
25.0406 706.067 0.00896861 1
102.175 103.677 0.0649351 0
102.175 103.677 0.00769231 0
94.9143 720.702 0.125926 0
102.175 103.677 0.0967742 0
102.175 103.677 0.0342466 0
5.23053 724.086 0.0625 1
94.8847 716.762 0.0120482 0
7.26108 617.025 0.0070922 0
7.26108 617.025 0.0940171 0
94.8847 716.762 0.125926 0
7.26108 617.025 0.366197 0
7.26108 617.025 0.105263 0
94.8847 716.762 0.0129032 0
94.8847 716.762 0.00512821 0
102.146 99.7374 0.0967742 0
7.26108 617.025 0.366197 0
102.146 99.7374 0.0139535 0
117.784 625.256 0.00537634 0
102.146 99.7374 0.0342466 0
7.26108 617.025 0.105263 0
102.146 99.7374 0.106796 0
117.784 625.256 0.152542 0
170.357 671.118 0.0677966 0
44.5731 647.28 0.00990099 1
117.699 627.813 0.0151515 0
57.312 259.267 0.0277778 0
57.312 259.267 0.0227273 0
52.5969 26.5687 0.0769231 0
132.919 634.863 0.0114286 0
104.412 661.526 0.0238095 0
52.5969 26.5687 0.0526316 0
52.5969 26.5687 0.0392157 0
52.5969 26.5687 0.0769231 0
80.322 661.432 0.00571429 1
51.5675 705.884 0.208333 1
39.9559 733.071 0.169811 1
33.7855 735.572 0.232258 1
53.1108 51.4258 0.028169 0
44.7159 573.216 0.0176991 1
33.7585 751.436 0.0129032 1
41.6945 712.037 0.133047 1
33.3404 658.524 0.00598802 1
23.3534 711.518 0.013245 1
3.69374 737.842 0.048 1
5.70837 741.767 0.0703125 1
6.41112 758.769 0.00473934 1
12.9488 755.58 0.1 1
10.2366 710.478 0.0537634 1
66.3986 508.018 0.0176471 1
53.5899 522.28 0.0428571 1
14.638 756.775 0.0403226 1
4.81956 748.928 0.0320513 1
15.6205 709.442 0.13913 1
1.18921 710.67 0.334975 1
24.793 665.735 0.0276243 1
5.53963 721.638 0.030303 1
14.8743 749.222 0.0995261 1
6.74294 734.519 0.0454545 1
2.91999 746.061 0.114504 1
15.4404 722.914 0.0052356 1
2.06744 747.394 0.00609756 1
88.6873 833.966 0.209302 1
3.34 911.23 0.0677966 1
1.92915 1074.06 0.188172 1
4.7532 1054.07 0.0580645 1
20.3914 1052.17 0.130435 1
2.18127 1049.79 0.0582524 1
10.0772 1053.1 0.129771 1
3.51485 1045.33 0.165138 1
73.6447 713.894 0.0537634 0
143.067 945.242 0.0344828 0
87.4513 21.0279 0.0392157 0
82.4166 501.972 0.0649351 1
12.759 751.213 0.387597 1
108.295 761.537 0.0194805 0
86.9002 24.2488 0.00956938 0
86.9002 24.2488 0.0392157 0
86.9002 24.2488 0.0452261 0
21.3945 737.288 0.223214 1
0.341095 778.087 0.0333333 1
19.4591 784.176 0.11236 1
24.7788 761.738 0.0224719 1
14.0948 759.275 0.180258 1
95.2509 706.589 0.0129032 0
118.986 630.372 0.00793651 0
33.1307 623.956 0.00543478 0
95.2509 706.589 0.00512821 0
102.427 87.0076 0.0139535 0
102.427 87.0076 0.106796 0
15.2724 714.821 0.083682 0
118.986 630.372 0.0180723 0
33.1307 623.956 0.0848214 0
46.1015 703.543 0.00465116 0
117.699 627.813 0.00537634 0
117.699 627.813 0.152542 0
117.699 627.813 0.0151515 0
15.2724 714.821 0.083682 0
52.5724 45.8622 0.245033 1
76.4602 204.09 0.0384615 1
45.7288 1513.7 0.128205 1
47.7369 1570.42 0.397849 1
2.25851 1628.85 0.0267857 1
111.533 607.016 0.0677966 0
30.1657 1254.61 0.0233918 1
117.95 492.517 0.0277778 0
117.95 492.517 0.0227273 0
117.95 492.517 0.1 0
17.177 1082.32 0.0178571 1
116.464 422.19 0.1 0
116.464 422.19 0.00909091 0
116.464 422.19 0.0405405 0
116.464 422.19 0.012987 0
116.464 422.19 0.0111111 0
53.2121 41.7189 0.0114286 0
63.2519 380.471 0.00826446 1
69.8174 739.403 0.266932 1
60.1009 778.534 0.0144928 1
54.2205 107.245 0.0238095 0
42.4466 539.041 0.00699301 1
51.8222 766.956 0.0167364 1
2.4502 730.872 0.025974 1
52.465 562.497 0.0133333 1
18.912 794.743 0.0377358 1
2.14214 518.416 0.0869565 1
13.7097 805.952 0.0242718 1
47.0888 695.193 0.0283688 1
1.61947 801.513 0.0861244 1
21.0641 730.817 0.0175439 1
18.8205 789.543 0.273764 1
1.67053 779.463 0.00865801 1
5.45914 809.41 0.0240964 1
0.987595 799.806 0.0677083 1
10.6062 800.934 0.0387597 1
36.133 746.086 0.0923077 1
78.589 607.029 0.0797101 1
17.6612 783.314 0.0120482 1
2.53395 794.384 0.127778 1
8.45081 798.806 0.286738 1
10.9986 809.315 0.338521 1
1.25281 795.067 0.137725 1
5.91469 796.689 0.0456432 1
197.384 74.7284 0.178571 1
3.16338 1115.23 0.127119 1
0.705093 1109.06 0.0520833 1
9.25317 1099.01 0.0923913 1
11.9289 1085.85 0.0837989 1
17.6611 1088.4 0.096 1
10.8486 1090.65 0.039604 1
10.2094 1081.09 0.0932203 1
155.187 239.365 0.0537634 0
155.187 239.365 0.0361446 0
141.299 783.028 0.0625 1
11.117 685.371 0.078125 1
155.589 240.072 0.0344828 0
87.6685 33.7148 0.0452261 0
87.6685 33.7148 0.00671141 0
87.6685 33.7148 0.0194805 0
87.6685 33.7148 0.00671141 0
87.6685 33.7148 0.0141844 0
12.1041 712.895 0.0821256 1
19.9127 733.173 0.0275862 1
31.1704 734.116 0.0860927 1
3.448 706.614 0.0380228 1
78.5558 519.249 0.0175439 0
11.4216 637.355 0.00869565 1
78.5016 516.842 0.00571429 0
118.953 619.68 0.00793651 0
118.953 619.68 0.0180723 0
71.07 639.496 0.0901639 0
40.451 102.839 0.252874 1
94.9253 163.978 0.00684932 0
94.6655 545.416 0.00625 0
47.8826 19.8159 0.00543478 0
47.8826 19.8159 0.0848214 0
47.0427 183.794 0.0901639 0
47.0427 183.794 0.117241 0
47.8826 19.8159 0.0882353 0
47.6227 729.21 0.37156 1
78.583 653.695 0.0153846 1
47.6355 33.3502 0.00465116 0
54.7576 109.667 0.00909091 0
32.4556 725.303 0.0316456 1
54.7988 110.08 0.0405405 0
74.2467 698.951 0.0809859 1
33.9339 625.706 0.0108108 1
55.0605 125.252 0.012987 0
55.0605 125.252 0.0111111 0
5.27849 555.711 0.0322581 1
84.0441 790.616 0.1 1
36.4504 742.461 0.0972222 1
66.258 795.669 0.0582524 1
5.84053 741.877 0.0340909 1
33.6037 797.108 0.0433071 1
24.6312 819.8 0.00540541 1
47.1488 581.371 0.00512821 1
10.8236 745.314 0.109489 1
22.1287 821.609 0.0335821 1
20.8014 786.076 0.0102041 1
4.76421 797.218 0.0360825 1
17.9097 832.207 0.113725 1
11.0917 834.895 0.0277778 1
6.23087 819.254 0.366834 1
10.0191 831.294 0.181818 1
6.13914 761.747 0.00649351 1
56.4646 186.696 0.00826446 1
6.04674 700.373 0.00537634 1
65.8829 541.734 0.0150754 1
56.5178 769.936 0.0451128 1
23.0899 660.801 0.0176991 1
15.3142 831.925 0.0329218 1
9.45743 839.635 0.0632911 1
13.871 839.023 0.0398551 1
7.32298 826.897 0.0716612 1
5.30557 817.452 0.0052356 1
191.502 470.226 0.203704 1
5.05362 296.156 0.0933333 1
3.16808 1128.05 0.305556 1
14.2213 1123.64 0.39645 1
25.76 1106.34 0.00694444 1
8.55208 1100.52 0.00892857 1
38.3821 1102.13 0.0192308 1
8.57631 1102.6 0.0869565 1
154.917 280.592 0.0361446 0
154.917 280.592 0.0632911 0
51.5493 948.801 0.0705882 0
154.917 280.592 0.0632911 0
154.917 280.592 0.0350877 0
103.368 668.21 0.333333 1
8.44472 628.761 0.0238095 1
87.676 51.4581 0.0141844 0
87.676 51.4581 0.0747126 0
87.676 51.4581 0.0747126 0
2.3401 606.044 0.293839 1
12.2326 694.344 0.0343348 1
13.5308 715.724 0.034188 1
94.9711 153.869 0.015 0
26.2799 610.629 0.122363 1
94.8627 154.187 0.0175439 0
94.8627 154.187 0.00571429 0
48.1277 211.937 0.117241 0
94.8627 154.187 0.015 0
94.8627 154.187 0.112426 0
94.8627 154.187 0.00680272 0
25.397 362.98 0.0206897 0
94.8627 154.187 0.00684932 0
46.735 57.7495 0.0882353 0
94.8627 154.187 0.112426 0
46.735 57.7495 0.0123967 0
69.4657 517.167 0.161765 1
12.0231 630.146 0.109453 0
27.1007 691.979 0.0333333 0
48.1277 211.937 0.00625 0
46.4071 37.5184 0.0123967 0
58.4302 667.665 0.0651163 1
19.2061 734.202 0.0491071 1
43.7694 754.277 0.138211 1
99.4695 596.94 0.010101 1
51.5291 505.581 0.0585586 1
24.2484 373.093 0.00621118 1
62.3148 616.045 0.163934 1
12.1389 595.148 0.0289855 1
44.0643 671.858 0.00769231 1
12.2669 523.847 0.0969697 1
38.3581 820.035 0.0438247 1
15.6248 656.307 0.272727 1
18.15 703.08 0.0204082 1
6.4191 795.241 0.46383 1
14.9707 816.332 0.130045 1
53.3696 770.885 0.0105263 1
6.92589 849.766 0.212389 1
17.3983 860.359 0.0449438 1
48.3479 552.364 0.00558659 1
14.9798 833.459 0.402827 1
66.4483 730.202 0.00540541 1
15.4964 853.429 0.114173 1
11.159 833.18 0.0342466 1
10.0114 801.565 0.0366972 1
76.7117 783.866 0.162162 1
27.7525 214.363 0.0267857 1
5.36839 795.196 0.0352941 1
62.5946 697.438 0.0110497 1
1.7692 753.37 0.0456432 1
21.6897 710.233 0.156463 1
59.4451 735.403 0.0451613 1
4.13441 620.686 0.175532 1
154.958 273.54 0.0350877 0
154.958 273.54 0.15873 0
154.958 273.54 0.103448 0
154.958 273.54 0.0705882 0
154.958 273.54 0.15873 0
154.958 273.54 0.103448 0
87.2855 41.0182 0.133858 0
87.2855 41.0182 0.133858 0
94.5348 174.418 0.00680272 0
45.4557 70.2203 0.027933 0
94.5348 174.418 0.0206897 0
45.4557 70.2203 0.107345 0
45.4557 70.2203 0.112903 0
45.4557 70.2203 0.109453 0
45.4557 70.2203 0.027933 0
45.4557 70.2203 0.107345 0
45.4557 70.2203 0.0333333 0
45.4557 70.2203 0.112903 0
154.958 273.54 0.0601504 0
154.958 273.54 0.0666667 0
154.958 273.54 0.00675676 0
154.958 273.54 0.0254237 0
154.958 273.54 0.0601504 0
154.958 273.54 0.0254237 0
87.2855 41.0182 0.0387597 0
87.2855 41.0182 0.0709677 0
87.2855 41.0182 0.0387597 0
87.2855 41.0182 0.00694444 0
87.2855 41.0182 0.0709677 0
87.2855 41.0182 0.00588235 0
118.824 52.8132 0.0245399 0
118.824 52.8132 0.0245399 0
118.824 52.8132 0.242857 0
118.824 52.8132 0.0196078 0
118.824 52.8132 0.242857 0
118.824 52.8132 0.05 0
45.4557 70.2203 0.032 0
45.4557 70.2203 0.0412844 0
45.4557 70.2203 0.0974026 0
45.4557 70.2203 0.00925926 0
45.4557 70.2203 0.0412844 0
154.958 273.54 0.0666667 0
154.958 273.54 0.0588235 0
154.958 273.54 0.00675676 0
87.2855 41.0182 0.00694444 0
87.2855 41.0182 0.00588235 0
87.2855 41.0182 0.0909091 0
118.824 52.8132 0.0196078 0
118.824 52.8132 0.00645161 0
118.824 52.8132 0.0291262 0
118.824 52.8132 0.05 0
118.824 52.8132 0.0617284 0
118.824 52.8132 0.00900901 0
45.4557 70.2203 0.032 0
45.4557 70.2203 0.0974026 0
45.4557 70.2203 0.0526316 0
45.4557 70.2203 0.0526316 0
45.4557 70.2203 0.0511364 0
45.4557 70.2203 0.0564103 0
45.4557 70.2203 0.0368098 0
45.4557 70.2203 0.00925926 0
45.4557 70.2203 0.0511364 0
45.4557 70.2203 0.0168067 0
154.958 273.54 0.0588235 0
154.958 273.54 0.0193548 0
87.2855 41.0182 0.0909091 0
154.958 273.54 0.0193548 0
118.824 52.8132 0.0104712 0
118.824 52.8132 0.0290698 0
118.824 52.8132 0.00645161 0
118.824 52.8132 0.0291262 0
118.824 52.8132 0.00900901 0
118.824 52.8132 0.0104712 0
118.824 52.8132 0.260274 0
118.824 52.8132 0.0853659 0
118.824 52.8132 0.0617284 0
118.824 52.8132 0.260274 0
118.824 52.8132 0.037037 0
118.824 52.8132 0.0588235 0
45.4557 70.2203 0.0168067 0
45.4557 70.2203 0.00389105 0
98.4519 654.491 0.0299401 0
45.4557 70.2203 0.01 0
45.4557 70.2203 0.0199005 0
45.4557 70.2203 0.0564103 0
45.4557 70.2203 0.00389105 0
45.4557 70.2203 0.0368098 0
87.2855 41.0182 0.130435 0
87.2855 41.0182 0.130435 0
87.2855 41.0182 0.045977 0
118.824 52.8132 0.0359281 0
118.824 52.8132 0.0290698 0
118.824 52.8132 0.037037 0
118.824 52.8132 0.0359281 0
118.824 52.8132 0.126984 0
118.824 52.8132 0.00649351 0
118.824 52.8132 0.0909091 0
118.824 52.8132 0.0588235 0
118.824 52.8132 0.223404 0
118.824 52.8132 0.027027 0
118.824 52.8132 0.0114943 0
118.824 52.8132 0.0853659 0
118.824 52.8132 0.126984 0
118.824 52.8132 0.223404 0
118.824 52.8132 0.0480769 0
118.824 52.8132 0.027027 0
118.824 52.8132 0.0330578 0
112.284 54.69 0.0973451 0
112.284 54.69 0.062069 0
112.284 54.69 0.00956938 0
112.284 54.69 0.00495049 0
112.284 54.69 0.00478469 0
22.4926 38.9163 0.0530973 0
98.4519 654.491 0.0299401 0
98.4519 654.491 0.135338 0
98.4519 654.491 0.181818 0
98.4519 654.491 0.135338 0
45.4557 70.2203 0.0481928 0
45.4557 70.2203 0.0299401 0
45.4557 70.2203 0.00913242 0
45.4557 70.2203 0.01 0
45.4557 70.2203 0.0481928 0
45.4557 70.2203 0.00649351 0
45.4557 70.2203 0.0199005 0
45.4557 70.2203 0.0299401 0
154.958 273.54 0.166667 0
87.2855 41.0182 0.045977 0
154.958 273.54 0.166667 0
87.2855 41.0182 0.045045 0
87.2855 41.0182 0.045045 0
118.824 52.8132 0.00649351 0
118.824 52.8132 0.0909091 0
118.824 52.8132 0.0232558 0
118.824 52.8132 0.0480769 0
118.824 52.8132 0.0330578 0
118.824 52.8132 0.0232558 0
118.824 52.8132 0.268041 0
118.824 52.8132 0.0294118 0
118.824 52.8132 0.0307692 0
118.824 52.8132 0.00877193 0
118.824 52.8132 0.0129032 0
118.824 52.8132 0.0114943 0
118.824 52.8132 0.268041 0
112.284 54.69 0.0973451 0
112.284 54.69 0.062069 0
112.284 54.69 0.0184049 0
112.284 54.69 0.111111 0
112.284 54.69 0.0184049 0
112.284 54.69 0.00549451 0
112.284 54.69 0.00956938 0
112.284 54.69 0.00495049 0
112.284 54.69 0.00735294 0
112.284 54.69 0.00478469 0
112.284 54.69 0.00617284 0
112.284 54.69 0.0252525 0
112.284 54.69 0.0181818 0
112.284 54.69 0.029703 0
112.284 54.69 0.0122699 0
112.284 54.69 0.0153846 0
22.4926 38.9163 0.03125 0
112.284 54.69 0.0321101 0
113.791 572.86 0.0154639 0
22.4926 38.9163 0.0530973 0
22.4926 38.9163 0.03125 0
22.4926 38.9163 0.0630631 0
67.9483 109.137 0.00704225 0
136.283 533.944 0.075 0
67.9483 109.137 0.0430108 0
98.4519 654.491 0.181818 0
45.4557 70.2203 0.00649351 0
22.4926 38.9163 0.0630631 0
45.4557 70.2203 0.0434783 0
113.791 572.86 0.206897 0
45.4557 70.2203 0.00632911 0
45.4557 70.2203 0.0133333 0
45.4557 70.2203 0.00913242 0
67.9483 109.137 0.00704225 0
45.4557 70.2203 0.0434783 0
68.3351 643.08 0.0170455 0
154.958 273.54 0.0775862 0
154.958 273.54 0.0478723 0
154.958 273.54 0.0775862 0
154.958 273.54 0.0555556 0
154.958 273.54 0.0478723 0
87.2855 41.0182 0.0497238 0
87.2855 41.0182 0.0497238 0
118.824 52.8132 0.0294118 0
118.824 52.8132 0.0307692 0
118.824 52.8132 0.00877193 0
118.824 52.8132 0.0129032 0
112.284 54.69 0.111111 0
112.284 54.69 0.00735294 0
112.284 54.69 0.10989 0
112.284 54.69 0.00793651 0
112.284 54.69 0.00549451 0
112.284 54.69 0.00617284 0
112.284 54.69 0.10989 0
112.284 54.69 0.023622 0
112.284 54.69 0.0252525 0
112.284 54.69 0.0122699 0
112.284 54.69 0.0181818 0
112.284 54.69 0.0153846 0
112.284 54.69 0.029703 0
112.284 54.69 0.0321101 0
1.50674 518.17 0.00684932 0
113.791 572.86 0.0154639 0
136.283 533.944 0.075 0
113.791 572.86 0.206897 0
68.3351 643.08 0.0170455 0
1.50674 518.17 0.00684932 0
68.3351 643.08 0.0314961 0
1.50674 518.17 0.0705128 0
67.6255 1259.35 0.0571429 0
67.6255 1259.35 0.104348 0
67.9483 109.137 0.0430108 0
45.4557 70.2203 0.00632911 0
68.3351 643.08 0.0314961 0
0.709503 616.273 0.0169492 0
0.709503 616.273 0.125 0
45.4557 70.2203 0.0133333 0
154.958 273.54 0.0555556 0
154.958 273.54 0.0140845 0
87.2855 41.0182 0.0115607 0
112.284 54.69 0.023622 0
112.284 54.69 0.0432099 0
112.284 54.69 0.00793651 0
112.284 54.69 0.0432099 0
112.284 54.69 0.0133333 0
112.284 54.69 0.00483092 0
112.284 54.69 0.0127389 0
112.284 54.69 0.00438596 0
112.284 54.69 0.0224719 0
112.284 54.69 0.107438 0
112.284 54.69 0.0384615 0
112.284 54.69 0.0060241 0
1.50674 518.17 0.0705128 0
66.1188 741.183 0.0408163 0
66.1188 741.183 0.0318471 0
67.6255 1259.35 0.0571429 0
0.709503 616.273 0.0169492 0
66.1188 741.183 0.0408163 0
0.709503 616.273 0.00561798 0
67.6255 1259.35 0.104348 0
0.709503 616.273 0.125 0
66.1188 741.183 0.0318471 0
66.1188 741.183 0.0648148 0
0.709503 616.273 0.0444444 0
0.709503 616.273 0.00561798 0
154.958 273.54 0.0357143 0
154.958 273.54 0.0140845 0
87.2855 41.0182 0.0115607 0
87.2855 41.0182 0.0263158 0
87.2855 41.0182 0.0760234 0
154.958 273.54 0.0676692 0
87.2855 41.0182 0.0263158 0
87.2855 41.0182 0.0760234 0
112.284 54.69 0.0133333 0
112.284 54.69 0.00483092 0
112.284 54.69 0.00438596 0
112.284 54.69 0.0127389 0
112.284 54.69 0.0224719 0
112.284 54.69 0.107438 0
112.284 54.69 0.00763359 0
112.284 54.69 0.0384615 0
112.284 54.69 0.0060241 0
112.284 54.69 0.0170455 0
66.1188 741.183 0.0648148 0
112.284 54.69 0.00763359 0
112.284 54.69 0.0170455 0
66.1188 741.183 0.0104167 0
112.284 54.69 0.162011 0
112.284 54.69 0.0705882 0
66.1188 741.183 0.1 0
66.1188 741.183 0.0104167 0
46.1652 686.493 0.0662651 0
58.6393 1400.05 0.0275862 0
0.709503 616.273 0.0444444 0
0.709503 616.273 0.109375 0
59.3488 783.773 0.0180995 0
0.709503 616.273 0.00452489 0
59.3488 783.773 0.016 0
154.958 273.54 0.0357143 0
154.958 273.54 0.0676692 0
154.958 273.54 0.0779221 0
154.958 273.54 0.00671141 0
154.958 273.54 0.0779221 0
154.958 273.54 0.0487805 0
87.2855 41.0182 0.0820896 0
112.284 54.69 0.162011 0
82.4324 278.926 0.0160428 0
112.284 54.69 0.0705882 0
46.1652 686.493 0.0662651 0
46.1652 686.493 0.0315789 0
104.804 713.553 0.00913242 0
13.7183 5.21173 0.171053 0
82.4324 278.926 0.185393 0
82.4324 278.926 0.0045045 0
66.1188 741.183 0.1 0
0.709503 616.273 0.109375 0
0.709503 616.273 0.00452489 0
46.1652 686.493 0.0315789 0
58.6393 1400.05 0.236686 0
36.2672 407.567 0.0078125 0
36.2672 407.567 0.027027 0
58.6393 1400.05 0.0275862 0
59.3488 783.773 0.0180995 0
59.3488 783.773 0.016 0
104.804 713.553 0.00913242 0
58.6393 1400.05 0.236686 0
59.3488 783.773 0.130653 0
118.523 718.765 0.00763359 0
22.3721 992.479 0.101911 0
22.3721 992.479 0.079602 0
22.3721 992.479 0.19774 0
59.3488 783.773 0.130653 0
154.958 273.54 0.0487805 0
154.958 273.54 0.0714286 0
154.958 273.54 0.00671141 0
87.2855 41.0182 0.0820896 0
87.2855 41.0182 0.0102041 0
87.2855 41.0182 0.0102041 0
121.289 596.788 0.00507614 0
13.7183 5.21173 0.00675676 0
82.4324 278.926 0.0632184 0
121.289 596.788 0.031746 0
121.289 596.788 0.0111111 0
13.7183 5.21173 0.171053 0
118.523 718.765 0.00763359 0
13.7183 5.21173 0.00675676 0
96.1507 273.715 0.155556 0
82.4324 278.926 0.0160428 0
82.4324 278.926 0.185393 0
36.2672 407.567 0.0078125 0
22.3721 992.479 0.101911 0
82.4324 278.926 0.0632184 0
96.1507 273.715 0.155556 0
38.8569 875.714 0.0992366 0
38.8569 875.714 0.0491803 0
82.4324 278.926 0.0045045 0
22.3721 992.479 0.079602 0
38.8569 875.714 0.0903226 0
36.2672 407.567 0.027027 0
22.3721 992.479 0.19774 0
38.8569 875.714 0.244275 0
36.9767 208.706 0.00571429 0
36.9767 208.706 0.0598802 0
36.9767 208.706 0.0724638 0
36.9767 208.706 0.0310559 0
36.9767 208.706 0.0153061 0
36.9767 208.706 0.18 0
36.9767 208.706 0.136691 0
154.958 273.54 0.0222222 0
154.958 273.54 0.0879121 0
154.958 273.54 0.0714286 0
154.958 273.54 0.0222222 0
87.2855 41.0182 0.0327869 0
87.2855 41.0182 0.016129 0
87.2855 41.0182 0.0327869 0
87.2855 41.0182 0.011236 0
121.289 596.788 0.0636364 0
121.289 596.788 0.029703 0
82.4324 278.926 0.0326087 0
121.289 596.788 0.00507614 0
121.289 596.788 0.031746 0
38.8569 875.714 0.0992366 0
121.289 596.788 0.0636364 0
38.8569 875.714 0.304688 0
38.8569 875.714 0.0231214 0
121.289 596.788 0.0111111 0
38.8569 875.714 0.0491803 0
121.289 596.788 0.029703 0
121.289 596.788 0.00649351 0
38.8569 875.714 0.0672269 0
38.8569 875.714 0.0569106 0
38.8569 875.714 0.0121951 0
38.8569 875.714 0.0903226 0
38.8569 875.714 0.244275 0
38.8569 875.714 0.0230769 0
38.8569 875.714 0.00819672 0
38.8569 875.714 0.169643 0
38.8569 875.714 0.0196078 0
38.8569 875.714 0.0163934 0
36.9767 208.706 0.00571429 0
38.8569 875.714 0.0230769 0
36.9767 208.706 0.0598802 0
38.8569 875.714 0.00819672 0
36.9767 208.706 0.0724638 0
36.9767 208.706 0.0153061 0
36.9767 208.706 0.0310559 0
36.9767 208.706 0.18 0
36.9767 208.706 0.136691 0
36.9767 208.706 0.011236 0
154.958 273.54 0.0759494 0
154.958 273.54 0.0879121 0
87.2855 41.0182 0.011236 0
87.2855 41.0182 0.148148 0
87.2855 41.0182 0.016129 0
87.2855 41.0182 0.148148 0
121.289 596.788 0.00649351 0
82.4324 278.926 0.0206897 0
102.003 86.7562 0.015873 0
82.4324 278.926 0.0298507 0
82.4324 278.926 0.00520833 0
82.4324 278.926 0.0326087 0
38.8569 875.714 0.304688 0
38.8569 875.714 0.0672269 0
82.4324 278.926 0.0206897 0
82.4324 278.926 0.0117647 0
38.8569 875.714 0.0569106 0
38.8569 875.714 0.169643 0
38.8569 875.714 0.0231214 0
38.8569 875.714 0.0121951 0
38.8569 875.714 0.0196078 0
38.8569 875.714 0.0163934 0
43.8403 994.699 0.0168067 0
43.8403 994.699 0.00699301 0
43.8403 994.699 0.0666667 0
43.8403 994.699 0.126437 0
36.9767 208.706 0.011236 0
36.9767 208.706 0.0192308 0
43.8403 994.699 0.0451128 0
43.8403 994.699 0.101911 0
36.9767 208.706 0.035461 0
36.9767 208.706 0.0192308 0
154.958 273.54 0.0759494 0
154.958 273.54 0.163636 0
87.2855 41.0182 0.0122699 0
87.2855 41.0182 0.0854701 0
87.2855 41.0182 0.0122699 0
82.4324 278.926 0.0117647 0
102.003 86.7562 0.0264901 0
82.4324 278.926 0.119497 0
82.4324 278.926 0.0184332 0
102.003 86.7562 0.015873 0
102.003 86.7562 0.0264901 0
19.5703 365.683 0.0375 0
19.5703 365.683 0.0144928 0
102.003 86.7562 0.048951 0
102.003 86.7562 0.145299 0
82.4324 278.926 0.0298507 0
82.4324 278.926 0.119497 0
19.5703 365.683 0.0375 0
82.4324 278.926 0.08 0
19.5703 365.683 0.0114943 0
19.5703 365.683 0.0224719 0
19.5703 365.683 0.00970874 0
82.4324 278.926 0.00520833 0
82.4324 278.926 0.0184332 0
19.5703 365.683 0.0144928 0
82.4324 278.926 0.010929 0
19.5703 365.683 0.0275862 0
19.5703 365.683 0.0272109 0
19.5703 365.683 0.0434783 0
19.5703 365.683 0.0151515 0
43.8403 994.699 0.0202703 0
43.8403 994.699 0.0174419 0
19.5703 365.683 0.0296296 0
43.8403 994.699 0.0168067 0
43.8403 994.699 0.0666667 0
43.8403 994.699 0.0451128 0
43.8403 994.699 0.0202703 0
24.27 629.016 0.0114943 0
43.8403 994.699 0.0555556 0
43.8403 994.699 0.135593 0
24.27 629.016 0.198198 0
43.8403 994.699 0.00699301 0
43.8403 994.699 0.126437 0
43.8403 994.699 0.101911 0
43.8403 994.699 0.0174419 0
80.817 785.993 0.0151515 0
43.8403 994.699 0.0263158 0
43.8403 994.699 0.140845 0
24.27 629.016 0.185185 0
80.817 785.993 0.0294118 0
36.9767 208.706 0.035461 0
80.817 785.993 0.0151515 0
36.9767 208.706 0.031746 0
56.547 156.977 0.0168067 0
154.958 273.54 0.163636 0
154.958 273.54 0.140351 0
154.958 273.54 0.00980392 0
87.2855 41.0182 0.0877193 0
154.958 273.54 0.00869565 0
87.2855 41.0182 0.04 0
87.2855 41.0182 0.0854701 0
87.2855 41.0182 0.0877193 0
102.003 86.7562 0.048951 0
102.003 86.7562 0.0925926 0
102.003 86.7562 0.145299 0
82.4324 278.926 0.08 0
82.4324 278.926 0.010929 0
102.003 86.7562 0.047619 0
102.003 86.7562 0.15 0
102.003 86.7562 0.257353 0
19.5703 365.683 0.0114943 0
19.5703 365.683 0.0275862 0
19.5703 365.683 0.0224719 0
19.5703 365.683 0.0272109 0
102.003 86.7562 0.047619 0
19.5703 365.683 0.00970874 0
19.5703 365.683 0.0434783 0
19.5703 365.683 0.0151515 0
19.5703 365.683 0.0296296 0
24.27 629.016 0.0114943 0
19.5703 365.683 0.0779221 0
43.8403 994.699 0.0555556 0
43.8403 994.699 0.0263158 0
19.5703 365.683 0.0779221 0
19.5703 365.683 0.0693069 0
19.5703 365.683 0.0172414 0
19.5703 365.683 0.0253165 0
19.5703 365.683 0.0973451 0
19.5703 365.683 0.02 0
43.8403 994.699 0.135593 0
43.8403 994.699 0.140845 0
36.9767 208.706 0.031746 0
19.5703 365.683 0.00775194 0
24.27 629.016 0.198198 0
24.27 629.016 0.185185 0
56.547 156.977 0.0168067 0
19.5703 365.683 0.0693069 0
19.5703 365.683 0.00775194 0
56.547 156.977 0.0650406 0
80.817 785.993 0.0294118 0
56.547 156.977 0.0650406 0
56.547 156.977 0.0819672 0
56.547 156.977 0.015748 0
56.547 156.977 0.0296296 0
56.547 156.977 0.00724638 0
56.547 156.977 0.00763359 0
56.547 156.977 0.0441176 0
154.958 273.54 0.00869565 0
154.958 273.54 0.141026 0
154.958 273.54 0.1 0
154.958 273.54 0.140351 0
154.958 273.54 0.141026 0
154.958 273.54 0.00980392 0
87.2855 41.0182 0.04 0
102.003 86.7562 0.026738 0
102.003 86.7562 0.15 0
102.003 86.7562 0.0925926 0
102.003 86.7562 0.257353 0
102.003 86.7562 0.026738 0
102.003 86.7562 0.116505 0
19.5703 365.683 0.0172414 0
19.5703 365.683 0.0253165 0
19.5703 365.683 0.0973451 0
19.5703 365.683 0.02 0
56.547 156.977 0.0819672 0
56.547 156.977 0.0296296 0
56.547 156.977 0.00763359 0
56.547 156.977 0.00724638 0
56.547 156.977 0.015748 0
56.547 156.977 0.0441176 0
56.547 156.977 0.0462963 0
56.547 156.977 0.0188679 0
56.547 156.977 0.0709677 0
56.547 156.977 0.0580645 0
154.958 273.54 0.0181818 0
154.958 273.54 0.1 0
154.958 273.54 0.0181818 0
87.2855 41.0182 0.02 0
102.003 86.7562 0.013986 0
102.003 86.7562 0.0122699 0
102.003 86.7562 0.116505 0
102.003 86.7562 0.0485437 0
102.003 86.7562 0.011236 0
102.003 86.7562 0.0116279 0
102.003 86.7562 0.00925926 0
102.003 86.7562 0.013986 0
102.003 86.7562 0.0485437 0
102.003 86.7562 0.0123457 0
102.003 86.7562 0.011236 0
56.547 156.977 0.0462963 0
56.547 156.977 0.0709677 0
56.547 156.977 0.00632911 0
56.547 156.977 0.0188679 0
56.547 156.977 0.0580645 0
56.547 156.977 0.0448718 0
56.547 156.977 0.0155039 0
56.547 156.977 0.00632911 0
56.547 156.977 0.0448718 0
56.547 156.977 0.00833333 0
56.547 156.977 0.10274 0
154.958 273.54 0.0666667 0
154.958 273.54 0.010989 0
154.958 273.54 0.176471 0
154.958 273.54 0.00729927 0
154.958 273.54 0.0666667 0
154.958 273.54 0.0123457 0
87.2855 41.0182 0.02 0
154.958 273.54 0.010989 0
87.2855 41.0182 0.114754 0
87.2855 41.0182 0.114754 0
87.2855 41.0182 0.0238095 0
102.003 86.7562 0.0123457 0
102.003 86.7562 0.0494506 0
102.003 86.7562 0.00515464 0
102.003 86.7562 0.0122699 0
102.003 86.7562 0.0494506 0
102.003 86.7562 0.0173913 0
102.003 86.7562 0.0116279 0
102.003 86.7562 0.00925926 0
56.547 156.977 0.00833333 0
56.547 156.977 0.0107527 0
56.547 156.977 0.10274 0
56.547 156.977 0.109244 0
56.547 156.977 0.0155039 0
56.547 156.977 0.0107527 0
56.547 156.977 0.109244 0
56.547 156.977 0.0945946 0
154.958 273.54 0.0123457 0
154.958 273.54 0.0449438 0
154.958 273.54 0.0111111 0
154.958 273.54 0.176471 0
154.958 273.54 0.0449438 0
154.958 273.54 0.0212766 0
154.958 273.54 0.00729927 0
87.2855 41.0182 0.0238095 0
87.2855 41.0182 0.010989 0
154.958 273.54 0.00613497 0
87.2855 41.0182 0.0102564 0
87.2855 41.0182 0.010989 0
87.2855 41.0182 0.0220588 0
102.003 86.7562 0.00925926 0
102.003 86.7562 0.00591716 0
102.003 86.7562 0.0173913 0
102.003 86.7562 0.0708661 0
102.003 86.7562 0.025 0
102.003 86.7562 0.0344828 0
102.003 86.7562 0.00515464 0
102.003 86.7562 0.00925926 0
102.003 86.7562 0.0708661 0
102.003 86.7562 0.00591716 0
102.003 86.7562 0.025 0
56.547 156.977 0.0945946 0
56.547 156.977 0.00740741 0
56.547 156.977 0.108696 0
56.547 156.977 0.0492958 0
56.547 156.977 0.00740741 0
56.547 156.977 0.0413223 0
154.958 273.54 0.0212766 0
154.958 273.54 0.00613497 0
154.958 273.54 0.168421 0
154.958 273.54 0.00854701 0
154.958 273.54 0.0175439 0
154.958 273.54 0.0111111 0
154.958 273.54 0.168421 0
87.2855 41.0182 0.0220588 0
154.958 273.54 0.00854701 0
87.2855 41.0182 0.100671 0
87.2855 41.0182 0.0102564 0
87.2855 41.0182 0.100671 0
102.003 86.7562 0.0654762 0
102.003 86.7562 0.0588235 0
102.003 86.7562 0.00699301 0
102.003 86.7562 0.0344828 0
56.547 156.977 0.012987 0
56.547 156.977 0.108696 0
56.547 156.977 0.145161 0
56.547 156.977 0.027027 0
56.547 156.977 0.0413223 0
56.547 156.977 0.145161 0
56.547 156.977 0.117188 0
56.547 156.977 0.00675676 0
56.547 156.977 0.0143885 0
56.547 156.977 0.0492958 0
56.547 156.977 0.117188 0
154.958 273.54 0.0175439 0
154.958 273.54 0.0943396 0
102.003 86.7562 0.0104712 0
102.003 86.7562 0.0654762 0
102.003 86.7562 0.0588235 0
102.003 86.7562 0.0843373 0
102.003 86.7562 0.00699301 0
56.547 156.977 0.00613497 0
56.547 156.977 0.0290698 0
56.547 156.977 0.0314961 0
56.547 156.977 0.00694444 0
56.547 156.977 0.00775194 0
56.547 156.977 0.00684932 0
56.547 156.977 0.0104167 0
56.547 156.977 0.148148 0
56.547 156.977 0.102804 0
56.547 156.977 0.012987 0
56.547 156.977 0.00675676 0
56.547 156.977 0.0104167 0
56.547 156.977 0.027027 0
56.547 156.977 0.0143885 0
154.958 273.54 0.0943396 0
154.958 273.54 0.0208333 0
154.958 273.54 0.0208333 0
87.2855 41.0182 0.056701 0
154.958 273.54 0.0138889 0
87.2855 41.0182 0.056701 0
87.2855 41.0182 0.016129 0
102.003 86.7562 0.0151515 0
102.003 86.7562 0.0117647 0
102.003 86.7562 0.0843373 0
102.003 86.7562 0.347222 0
102.003 86.7562 0.010989 0
102.003 86.7562 0.0979021 0
102.003 86.7562 0.010989 0
102.003 86.7562 0.0104712 0
102.003 86.7562 0.0151515 0
102.003 86.7562 0.347222 0
102.003 86.7562 0.0121951 0
56.547 156.977 0.126126 0
56.547 156.977 0.17284 0
56.547 156.977 0.0104167 0
56.547 156.977 0.00613497 0
56.547 156.977 0.0290698 0
56.547 156.977 0.0314961 0
56.547 156.977 0.00775194 0
56.547 156.977 0.126126 0
56.547 156.977 0.0331492 0
56.547 156.977 0.00694444 0
56.547 156.977 0.00684932 0
56.547 156.977 0.148148 0
56.547 156.977 0.102804 0
154.958 273.54 0.0138889 0
154.958 273.54 0.0735294 0
154.958 273.54 0.00724638 0
87.2855 41.0182 0.016129 0
154.958 273.54 0.0735294 0
87.2855 41.0182 0.0544554 0
154.958 273.54 0.0403226 0
87.2855 41.0182 0.0544554 0
102.003 86.7562 0.0121951 0
102.003 86.7562 0.010929 0
102.003 86.7562 0.00851064 0
102.003 86.7562 0.0357143 0
102.003 86.7562 0.0117647 0
102.003 86.7562 0.010989 0
102.003 86.7562 0.010929 0
102.003 86.7562 0.0979021 0
102.003 86.7562 0.00851064 0
102.003 86.7562 0.010989 0
56.547 156.977 0.0331492 0
56.547 156.977 0.011976 0
56.547 156.977 0.0238095 0
56.547 156.977 0.17284 0
56.547 156.977 0.011976 0
56.547 156.977 0.0444444 0
56.547 156.977 0.0104167 0
154.958 273.54 0.0403226 0
154.958 273.54 0.0173913 0
154.958 273.54 0.00724638 0
102.003 86.7562 0.0357143 0
102.003 86.7562 0.00526316 0
18.9961 335.615 0.0446429 0
18.9961 335.615 0.0491803 0
18.9961 335.615 0.0289017 0
56.547 156.977 0.0444444 0
56.547 156.977 0.373626 0
56.547 156.977 0.00826446 0
56.547 156.977 0.064 0
56.547 156.977 0.0238095 0
56.547 156.977 0.373626 0
56.547 156.977 0.102273 0
154.958 273.54 0.0173913 0
154.958 273.54 0.0175439 0
87.2855 41.0182 0.0604396 0
102.003 86.7562 0.00526316 0
18.9961 335.615 0.0446429 0
18.9961 335.615 0.0491803 0
18.9961 335.615 0.0289017 0
18.9961 335.615 0.0666667 0
83.0066 422.371 0.0186335 0
83.0066 422.371 0.0107527 0
83.0066 422.371 0.00515464 0
18.9961 335.615 0.0143885 0
18.9961 335.615 0.0666667 0
56.547 156.977 0.102273 0
56.547 156.977 0.0338983 0
56.547 156.977 0.0409836 0
56.547 156.977 0.00826446 0
56.547 156.977 0.0338983 0
56.547 156.977 0.104348 0
56.547 156.977 0.064 0
56.547 156.977 0.0409836 0
154.958 273.54 0.0175439 0
154.958 273.54 0.0583333 0
154.958 273.54 0.149254 0
154.958 273.54 0.0172414 0
87.2855 41.0182 0.0604396 0
154.958 273.54 0.0583333 0
87.2855 41.0182 0.00609756 0
87.2855 41.0182 0.0295567 0
87.2855 41.0182 0.00609756 0
83.0066 422.371 0.0186335 0
102.003 86.7562 0.0397727 0
83.0066 422.371 0.0107527 0
102.003 86.7562 0.0298507 0
83.0066 422.371 0.00515464 0
102.003 86.7562 0.277512 0
18.9961 335.615 0.0143885 0
56.547 156.977 0.0854701 0
56.547 156.977 0.104348 0
56.547 156.977 0.101449 0
56.547 156.977 0.0205479 0
56.547 156.977 0.0555556 0
56.547 156.977 0.0133333 0
56.547 156.977 0.0952381 0
56.547 156.977 0.101449 0
56.547 156.977 0.0205479 0
154.958 273.54 0.149254 0
154.958 273.54 0.103896 0
154.958 273.54 0.0172414 0
87.2855 41.0182 0.00502513 0
154.958 273.54 0.00793651 0
87.2855 41.0182 0.0295567 0
87.2855 41.0182 0.00502513 0
87.2855 41.0182 0.0485437 0
102.003 86.7562 0.0097561 0
102.003 86.7562 0.0324324 0
94.8269 706.338 0.0120482 0
102.003 86.7562 0.0397727 0
102.003 86.7562 0.0298507 0
102.003 86.7562 0.277512 0
102.003 86.7562 0.0097561 0
102.003 86.7562 0.0324324 0
102.003 86.7562 0.0649351 0
7.17574 619.581 0.0070922 0
102.003 86.7562 0.00769231 0
7.17574 619.581 0.0940171 0
56.547 156.977 0.0526316 0
56.547 156.977 0.0392157 0
56.547 156.977 0.028169 0
56.547 156.977 0.0854701 0
56.547 156.977 0.0555556 0
56.547 156.977 0.0133333 0
56.547 156.977 0.0952381 0
154.958 273.54 0.103896 0
154.958 273.54 0.00793651 0
154.958 273.54 0.0075188 0
87.2855 41.0182 0.0485437 0
154.958 273.54 0.0075188 0
87.2855 41.0182 0.00956938 0
102.003 86.7562 0.0649351 0
102.003 86.7562 0.00769231 0
94.8269 706.338 0.125926 0
102.003 86.7562 0.0967742 0
102.003 86.7562 0.0342466 0
94.8269 706.338 0.0120482 0
7.17574 619.581 0.0070922 0
7.17574 619.581 0.0940171 0
94.8269 706.338 0.125926 0
7.17574 619.581 0.366197 0
7.17574 619.581 0.105263 0
94.8269 706.338 0.0129032 0
94.8269 706.338 0.00512821 0
102.003 86.7562 0.0967742 0
7.17574 619.581 0.366197 0
102.003 86.7562 0.0139535 0
56.547 156.977 0.00537634 0
102.003 86.7562 0.0342466 0
7.17574 619.581 0.105263 0
102.003 86.7562 0.106796 0
56.547 156.977 0.152542 0
56.547 156.977 0.0677966 0
56.547 156.977 0.0151515 0
56.547 156.977 0.0277778 0
56.547 156.977 0.0227273 0
56.547 156.977 0.0769231 0
56.547 156.977 0.0114286 0
56.547 156.977 0.0238095 0
56.547 156.977 0.0526316 0
56.547 156.977 0.0392157 0
56.547 156.977 0.0769231 0
56.547 156.977 0.028169 0
154.958 273.54 0.0537634 0
154.958 273.54 0.0344828 0
87.2855 41.0182 0.0392157 0
87.2855 41.0182 0.0194805 0
87.2855 41.0182 0.00956938 0
87.2855 41.0182 0.0392157 0
87.2855 41.0182 0.0452261 0
94.8269 706.338 0.0129032 0
94.5348 174.418 0.00793651 0
45.4557 70.2203 0.00543478 0
94.8269 706.338 0.00512821 0
102.003 86.7562 0.0139535 0
102.003 86.7562 0.106796 0
45.4557 70.2203 0.083682 0
94.5348 174.418 0.0180723 0
45.4557 70.2203 0.0848214 0
45.4557 70.2203 0.00465116 0
56.547 156.977 0.00537634 0
56.547 156.977 0.152542 0
56.547 156.977 0.0151515 0
45.4557 70.2203 0.083682 0
56.547 156.977 0.0677966 0
56.547 156.977 0.0277778 0
56.547 156.977 0.0227273 0
56.547 156.977 0.1 0
56.547 156.977 0.1 0
56.547 156.977 0.00909091 0
56.547 156.977 0.0405405 0
56.547 156.977 0.012987 0
56.547 156.977 0.0111111 0
56.547 156.977 0.0114286 0
56.547 156.977 0.0238095 0
154.958 273.54 0.0537634 0
154.958 273.54 0.0361446 0
154.958 273.54 0.0344828 0
87.2855 41.0182 0.0452261 0
87.2855 41.0182 0.00671141 0
87.2855 41.0182 0.0194805 0
87.2855 41.0182 0.00671141 0
87.2855 41.0182 0.0141844 0
94.5348 174.418 0.0175439 0
94.5348 174.418 0.00571429 0
94.5348 174.418 0.00793651 0
94.5348 174.418 0.0180723 0
49.0792 244.639 0.0901639 0
94.5348 174.418 0.00684932 0
49.0792 244.639 0.00625 0
45.4557 70.2203 0.00543478 0
45.4557 70.2203 0.0848214 0
49.0792 244.639 0.0901639 0
49.0792 244.639 0.117241 0
45.4557 70.2203 0.0882353 0
45.4557 70.2203 0.00465116 0
56.547 156.977 0.00909091 0
56.547 156.977 0.0405405 0
56.547 156.977 0.012987 0
56.547 156.977 0.0111111 0
154.958 273.54 0.0361446 0
154.958 273.54 0.0632911 0
154.958 273.54 0.0705882 0
154.958 273.54 0.0632911 0
154.958 273.54 0.0350877 0
87.2855 41.0182 0.0141844 0
87.2855 41.0182 0.0747126 0
87.2855 41.0182 0.0747126 0
94.5348 174.418 0.015 0
94.5348 174.418 0.0175439 0
94.5348 174.418 0.00571429 0
49.0792 244.639 0.117241 0
94.5348 174.418 0.015 0
94.5348 174.418 0.112426 0
94.5348 174.418 0.00680272 0
94.5348 174.418 0.0206897 0
94.5348 174.418 0.00684932 0
45.4557 70.2203 0.0882353 0
94.5348 174.418 0.112426 0
45.4557 70.2203 0.0123967 0
45.4557 70.2203 0.109453 0
45.4557 70.2203 0.0333333 0
49.0792 244.639 0.00625 0
45.4557 70.2203 0.0123967 0
154.958 273.54 0.0350877 0
154.958 273.54 0.15873 0
154.958 273.54 0.103448 0
154.958 273.54 0.0705882 0
154.958 273.54 0.15873 0
154.958 273.54 0.103448 0
87.2855 41.0182 0.133858 0
87.2855 41.0182 0.133858 0
94.5348 174.418 0.00680272 0
45.4557 70.2203 0.027933 0
94.5348 174.418 0.0206897 0
45.4557 70.2203 0.107345 0
45.4557 70.2203 0.112903 0
45.4557 70.2203 0.109453 0
45.4557 70.2203 0.027933 0
45.4557 70.2203 0.107345 0
45.4557 70.2203 0.0333333 0
45.4557 70.2203 0.112903 0
