7.42742 61.6592 0.289474 1
35.1063 9.68763 0.194175 1
27.2987 120.677 0.0531401 1
35.0668 230.139 0.0213904 1
16.7329 430.436 0.124088 1
39.1543 413.406 0.320574 1
15.7318 539.774 0.0687023 1
43.0883 549.826 0.025641 1
51.9279 679.69 0.0458015 1
26.7024 846.531 0.286624 1
46.5411 840.256 0.338235 1
61.6065 728.272 0.0913706 1
7.21597 1006.01 0.0316456 1
50.0989 1125.3 0.198113 1
12.2461 1165.58 0.0940171 1
11.6936 1074.72 0.00555556 1
87.4348 939.536 0.107345 0
24.6454 423.5 0.0197368 0
95.7873 1042.01 0.0155039 0
87.4348 939.536 0.057971 0
24.6454 423.5 0.0707965 0
95.7873 1042.01 0.0111111 0
87.4348 939.536 0.107345 0
87.4348 939.536 0.057971 0
62.7893 516.036 0.465409 1
22.3555 1168.91 0.0197368 1
71.7596 107.247 0.025 0
44.3134 998.101 0.00917431 1
6.50417 1009.52 0.0588235 1
16.4107 969.618 0.0394089 1
94.5011 338.19 0.0197368 0
94.5011 338.19 0.0707965 0
94.5011 338.19 0.037037 0
41.8813 612.825 0.0461538 0
82.7841 659.292 0.0457143 0
20.2702 744.234 0.0126582 1
74.7074 589.241 0.00571429 0
47.6504 484.668 0.0461538 0
40.9028 46.4666 0.189189 1
4.2699 273.386 0.116022 1
72.6396 252.356 0.0178571 0
27.7981 351.967 0.0185185 1
0.50499 369.208 0.194595 1
75.1012 301.241 0.0457143 0
39.0826 295.264 0.0659898 1
12.2713 433.988 0.178723 1
45.8925 191.206 0.0670732 1
22.7449 392.229 0.121951 1
28.5389 440.983 0.0952381 1
49.1043 410.651 0.149171 1
2.6725 704.382 0.0921053 1
48.978 609.59 0.0289855 1
9.16446 627.078 0.102362 1
31.0683 713.212 0.0396476 1
4.74681 694.532 0.116564 1
36.5257 670.901 0.0526316 1
3.79004 630.592 0.0327869 1
44.5601 546.999 0.307087 1
8.52975 663.033 0.0232558 1
46.763 690.345 0.0259067 1
27.8865 789.61 0.189394 1
25.7587 715.861 0.275229 1
5.99509 287.746 0.024 1
23.2636 793.815 0.00546448 1
48.6881 765.282 0.305556 1
52.451 898.604 0.0327869 1
31.4319 915.654 0.145729 1
29.1793 35.649 0.0662983 1
40.4927 752.535 0.0182648 1
35.4269 1013.97 0.272031 1
25.3412 1012.58 0.0181159 1
8.41136 983.747 0.1 1
10.8465 962.34 0.150943 1
27.5844 931.911 0.0111111 1
34.3108 960.129 0.110553 1
2.56049 945.829 0.152381 1
9.27916 929.841 0.00398406 1
3.96092 891.738 0.016129 1
28.0124 847.917 0.0647059 1
37.0116 890.061 0.0116279 1
7.91199 876.821 0.229268 1
40.8711 880.307 0.05 1
4.33366 894.383 0.054878 1
21.3215 879.148 0.00421941 1
9.44614 760.02 0.00598802 1
4.12915 860.481 0.0131004 1
30.4435 803.809 0.0377358 1
4.69495 768.45 0.140704 1
23.2407 784.274 0.0223464 1
36.8231 747.565 0.0308642 1
18.6102 780.748 0.0136054 1
69.1672 710.906 0.169231 1
19.401 760.865 0.013245 1
86.4419 805.475 0.0204082 1
54.0922 920.894 0.202128 1
33.2818 1011.81 0.234973 1
42.0133 1009.6 0.0340909 1
6.87364 924.131 0.0601504 1
7.1498 749.268 0.00763359 1
29.1633 1011.17 0.316 1
18.413 1014.24 0.00401606 1
47.4199 970.134 0.0516129 1
22.897 1009.24 0.00869565 1
36.0963 1001.48 0.318841 1
26.7698 1009.94 0.334862 1
37.9106 982.996 0.0578035 1
14.5414 1011.02 0.197531 1
18.0082 982.695 0.0689655 1
40.6235 998.636 0.0125786 1
9.89778 1022.21 0.0991379 1
12.8395 1053.64 0.0286885 1
28.6474 1003.9 0.00938967 1
44.3104 1027.87 0.0367347 1
24.2852 1031.12 0.114068 1
104.195 985.857 0.0126582 1
30.1077 1160.84 0.021645 1
94.7759 612.721 0.025 0
94.7759 612.721 0.037037 0
73.9533 1177.59 0.08 1
93.9897 657.727 0.0253165 0
10.2193 634.434 0.546559 1
21.6437 492.348 0.0632911 1
94.6428 723.852 0.0155039 0
94.6428 723.852 0.0111111 0
94.6428 723.852 0.0285714 0
94.6428 723.852 0.0789474 0
40.036 413.471 0.0178571 0
40.036 413.471 0.0187793 0
32.4539 497.032 0.183673 0
59.4259 545.825 0.0301508 0
7.58211 910.503 0.0574713 1
19.4405 953.599 0.0503597 1
46.6795 904.57 0.0625 1
40.8587 416.327 0.00571429 0
40.8587 416.327 0.0187793 0
14.1486 933.153 0.337017 1
48.258 951.852 0.0119048 1
4.683 941.584 0.29902 1
29.5631 926.214 0.00485437 1
14.136 871.311 0.0227273 1
7.4964 932.277 0.226562 1
38.6803 922.162 0.0168776 1
18.4083 786.303 0.00675676 1
23.0994 891.623 0.119617 1
11.4733 888.172 0.0434783 1
10.4233 856.692 0.0373832 1
36.7325 920.207 0.040293 1
41.1567 933.137 0.00892857 1
8.09561 916.704 0.145833 1
29.3598 926.016 0.0729167 1
41.7934 945.879 0.0371622 1
21.1021 952.674 0.00359712 1
32.3718 941.869 0.00478469 1
22.4086 947.321 0.0693878 1
41.0022 929.61 0.0424528 1
11.8513 912.709 0.109375 1
6.248 897.905 0.466667 1
42.011 573.764 0.0239521 0
13.406 854.738 0.0201613 1
42.2317 584.927 0.0230769 0
45.3694 908.557 0.0671141 1
20.5312 933.226 0.129464 1
40.9392 838.326 0.105882 1
9.6198 941.371 0.0597015 1
18.0824 932.445 0.0941176 1
9.9086 910.681 0.00408163 1
12.0365 925.036 0.0358566 1
3.49286 916.694 0.0199203 1
6.1508 901.07 0.023622 1
23.6664 1247.08 0.277778 1
34.4463 1253.96 0.0532787 1
50.3216 1250.76 0.11336 1
15.3437 1287.95 0.0306122 1
55.7251 1277.23 0.0184049 1
3.03757 1302.37 0.00568182 1
13.8541 1287.49 0.00485437 1
63.3966 1193.64 0.0177778 1
31.959 1325.19 0.0194805 1
94.7151 761.592 0.0285714 0
94.7151 761.592 0.00396825 0
3.24689 1214.07 0.111111 1
94.68 748.577 0.0253165 0
94.68 748.577 0.0789474 0
94.68 748.577 0.0588235 0
94.68 748.577 0.00396825 0
94.68 748.577 0.0588235 0
36.44 316.034 0.0123457 0
94.68 748.577 0.0078125 0
94.68 748.577 0.0277778 0
87.5819 512.825 0.0849057 0
36.44 316.034 0.183673 0
36.44 316.034 0.0123457 0
5.12822 828.42 0.0217391 1
51.0987 822.095 0.0162602 1
51.5857 831.414 0.0629921 1
31.9832 879.324 0.175439 1
62.173 858.278 0.0172414 1
29.8617 848.661 0.277778 1
5.34564 811.173 0.0765306 1
37.8528 335.579 0.0301508 0
23.5202 852.187 0.0305344 1
5.79477 881.706 0.025641 1
27.9158 881.592 0.144279 1
48.4469 886.608 0.0314465 1
45.3882 892.94 0.0183486 1
26.6788 891.487 0.0239521 1
37.6243 881.808 0.0304569 1
51.2025 922.757 0.00990099 1
31.7053 901.078 0.053719 1
16.6519 857.665 0.0721649 1
46.4971 926.523 0.0414747 1
20.7032 915.13 0.15812 1
42.3873 793.01 0.00689655 1
45.7574 855.482 0.0484582 1
48.0657 938.202 0.163366 1
55.3611 122.71 0.00657895 0
35.1987 713.448 0.0536913 1
39.4161 162.305 0.0265487 0
21.9728 902.452 0.216216 1
55.7107 122.839 0.0582524 0
44.575 561.252 0.0707071 0
134.003 876.477 0.0463576 0
44.575 561.252 0.0239521 0
44.575 561.252 0.0230769 0
44.575 561.252 0.0707071 0
44.575 561.252 0.0291971 0
5.01111 720.713 0.0434783 1
42.6958 296.87 0.127119 0
91.3073 1173.35 0.12037 1
37.1642 529.462 0.0408163 1
105.139 1172.25 0.0291971 0
105.139 1172.25 0.010582 0
105.139 1172.25 0.0923077 0
71.2491 801.21 0.00561798 1
11.2399 983.208 0.0287356 1
17.1158 924.973 0.333333 1
4.4321 969.736 0.0405405 1
5.55397 973.22 0.223077 1
0.329758 968.052 0.02 1
11.5792 966.019 0.128713 1
2.32742 959.145 0.176991 1
0.466827 951.55 0.00446429 1
44.3364 1171.69 0.13253 1
2.9502 856.12 0.120419 1
1.24823 1293.44 0.0255319 1
43.563 1270.58 0.00555556 1
29.199 1276.5 0.00531915 1
20.6516 1283.3 0.013986 1
35.228 1241.01 0.0196078 1
79.3724 1024.11 0.0130719 1
92.1047 773.858 0.0078125 0
58.7335 402.626 0.0176471 1
0.899384 1635.02 0.440217 1
9.93861 1622.32 0.0646766 1
20.2604 1591.13 0.0221239 1
47.1668 1059.04 0.0277778 0
47.1668 1059.04 0.0849057 0
6.63716 1580.07 0.0227273 1
27.3785 1571.13 0.0166667 1
34.4856 1555.47 0.0588235 1
49.1362 1588.94 0.0533981 1
16.5325 1588.93 0.0459184 1
24.3669 1593.81 0.056 1
10.288 1500.39 0.0789474 1
44.8388 1591.05 0.360731 1
59.492 1580.58 0.00588235 1
29.0203 1256.66 0.0344828 1
54.5182 1609.76 0.0305677 1
22.1774 1366.17 0.0193548 1
55.697 767.646 0.0242424 0
46.2234 1556.47 0.0565217 1
55.9376 770.608 0.0275862 0
71.0907 1392.93 0.0202703 0
71.0907 1392.93 0.0178571 0
71.0907 1392.93 0.0538462 0
32.3527 1014.2 0.147059 1
105.809 1470.65 0.0645161 0
65.9666 1387.66 0.0740741 0
105.809 1470.65 0.0212766 0
49.7143 1456.8 0.0625 1
16.7395 1295.77 0.0925926 0
66.0728 1389.82 0.0740741 0
66.0728 1389.82 0.0588235 0
39.8421 82.9854 0.0246914 1
94.1098 1117.24 0.147059 0
24.0516 491.298 0.180851 1
89.2458 80.5452 0.229167 1
94.3445 322.345 0.0588235 0
43.6085 782.49 0.122642 0
94.3445 322.345 0.0135135 0
94.3445 322.345 0.0882353 0
112.992 1513.11 0.0540541 0
43.6085 782.49 0.00657895 0
43.6085 782.49 0.0582524 0
43.6085 782.49 0.122642 0
43.6085 782.49 0.158537 0
50.736 460.145 0.0204082 1
25.3484 1425.07 0.316327 1
34.1614 1211.26 0.0608108 1
17.9113 1062.47 0.00854701 1
110.7 702.353 0.158537 0
93.0373 512.598 0.319444 0
110.7 702.353 0.016129 0
110.7 702.353 0.0229885 0
101.468 1496.26 0.130435 0
110.7 702.353 0.020979 0
93.0373 512.598 0.0265487 0
93.0373 512.598 0.319444 0
93.0373 512.598 0.037037 0
17.6631 1214.95 0.0144928 1
4.75455 1160.99 0.160714 1
35.8401 1195.9 0.0111732 1
113.006 420.15 0.127119 0
113.006 420.15 0.037037 0
113.006 420.15 0.0117647 0
113.006 420.15 0.0234375 0
113.006 420.15 0.00558659 0
113.006 420.15 0.0463576 0
113.006 420.15 0.010582 0
113.006 420.15 0.0117647 0
23.1898 1175.08 0.252577 1
116.22 518.817 0.0923077 0
116.22 518.817 0.0333333 0
14.5289 998.794 0.0526316 1
117.785 606.134 0.0333333 0
117.785 606.134 0.00546448 0
117.785 606.134 0.020979 0
15.0728 1552.31 0.169118 1
7.8243 1610.79 0.0873016 1
11.0597 1616.36 0.0114286 1
12.6446 1609.11 0.085 1
24.1931 1601.41 0.0242718 1
38.5322 1601.49 0.0142857 1
2.48901 1588.09 0.0486486 1
17.3787 1588.62 0.092437 1
87.3037 1555.01 0.0621762 1
62.919 1468.02 0.0588235 1
25.7604 1498.92 0.382716 1
1.51978 1625.84 0.00483092 1
14.5182 1596.45 0.0921986 1
24.2391 1605.06 0.0157895 1
38.3078 1592.85 0.0108696 1
6.87471 1382.49 0.0532544 1
33.6487 1481.1 0.0662252 1
28.5343 1556.29 0.0463576 1
12.1833 1498.58 0.0606061 1
16.3826 1579.38 0.107623 1
31.556 1549.05 0.0397727 1
4.64871 1560.89 0.00438596 1
1.22809 1547.96 0.0531401 1
9.19414 1478.86 0.0486486 1
41.5782 1532.68 0.0989583 1
50.4107 1448.91 0.170213 1
16.6356 1459.91 0.0136986 1
58.9372 1553.95 0.0926829 1
94.5666 1471.02 0.0594059 0
32.3332 886.249 0.307692 0
32.3332 886.249 0.025641 0
16.1116 75.4425 0.263158 0
95.6962 1380.97 0.0540541 0
16.1116 75.4425 0.12 0
95.6962 1380.97 0.0180723 0
55.7677 721.076 0.227273 0
95.6962 1380.97 0.0714286 0
125.092 1570.54 0.0208333 0
106.929 1489.39 0.100917 0
55.7677 721.076 0.0242424 0
55.7677 721.076 0.0275862 0
55.7677 721.076 0.227273 0
55.7677 721.076 0.0243902 0
39.9285 659.896 0.0365854 1
43.3466 782.546 0.175439 1
2.39607 758.49 0.35443 1
105.074 901.06 0.0243902 0
70.9207 1343.4 0.103175 0
105.074 901.06 0.00558659 0
105.074 901.06 0.0138889 0
107.313 1524.44 0.0347222 0
122.962 1516.94 0.011976 0
70.9207 1343.4 0.0202703 0
70.9207 1343.4 0.0178571 0
70.9207 1343.4 0.0538462 0
70.9207 1343.4 0.103175 0
34.1532 442.338 0.00854701 1
6.47535 695.252 0.329268 1
21.0731 580.582 0.247619 1
117.446 554.384 0.0631579 0
106.362 985.345 0.0454545 0
106.362 985.345 0.018018 0
68.0753 1060.79 0.302632 0
125.067 1551.29 0.0482759 0
117.446 554.384 0.0645161 0
117.446 554.384 0.0212766 0
117.446 554.384 0.0631579 0
117.446 554.384 0.049505 0
49.3703 506.406 0.252632 1
9.00443 1049.1 0.493902 1
116.877 590.497 0.147059 0
116.877 590.497 0.049505 0
116.877 590.497 0.0175439 0
116.877 590.497 0.308824 0
116.877 590.497 0.0365854 0
116.877 590.497 0.00662252 0
98.915 1452.66 0.113636 0
127.238 1553.23 0.0405405 0
116.877 590.497 0.0135135 0
116.877 590.497 0.0175439 0
17.9624 862.161 0.289474 1
10.875 947.003 0.385057 1
150.706 425.42 0.0258621 0
117.12 664.561 0.0925926 0
117.12 664.561 0.0882353 0
117.12 664.561 0.308824 0
150.706 425.42 0.0285714 0
117.12 664.561 0.0540541 0
117.12 664.561 0.016129 0
150.706 425.42 0.00862069 0
117.12 664.561 0.0229885 0
150.706 425.42 0.0120482 0
19.5657 907.718 0.25969 1
118.948 716.931 0.130435 0
118.948 716.931 0.0234375 0
15.6926 854.313 0.0588235 1
24.6641 105.393 0.0147059 1
119.863 757.769 0.020979 0
119.863 757.769 0.00558659 0
107.643 281.899 0.00460829 1
29.734 1234.07 0.27451 1
119.416 394.021 0.00546448 0
119.416 394.021 0.00552486 0
20.8963 1182.53 0.00469484 1
38.5121 657.156 0.0243902 0
121.151 458.945 0.020979 0
121.151 458.945 0.0070922 0
38.5121 657.156 0.274194 0
107.734 1043.16 0.0650406 0
121.151 458.945 0.00552486 0
121.151 458.945 0.0070922 0
82.6389 1116.1 0.0683761 1
13.2396 1514.31 0.0172414 1
20.3457 1559.23 0.0738916 1
31.4456 1550.64 0.00699301 1
17.2829 1582.94 0.00444444 1
13.3047 1573.83 0.027933 1
24.7285 1553.07 0.020202 1
21.3238 1538.85 0.0873016 1
85.9617 1349.91 0.166667 1
41.0229 1530.26 0.324074 1
65.5483 1516.57 0.048951 1
12.118 1594.44 0.0927835 1
7.2323 1572.7 0.06875 1
52.0132 1520.75 0.0176991 1
9.71207 1554.26 0.0137931 1
6.92281 1523.48 0.0242424 1
49.4188 1523.26 0.0238095 1
18.1205 1541.77 0.0240385 1
1.24365 1408.02 0.241379 1
19.3219 1502.78 0.0386473 1
17.3488 1552.46 0.0518135 1
33.4137 1474.81 0.0116279 1
16.4889 1527.25 0.00823045 1
33.403 1490.86 0.0229885 1
10.0136 1486.25 0.101382 1
15.4779 1513.75 0.0821918 1
36.9581 1384.4 0.00546448 1
94.3998 1437.09 0.0347826 0
15.8998 1042.78 0.125 0
120.183 1528.43 0.00552486 0
94.3998 1437.09 0.0594059 0
94.3998 1437.09 0.0347826 0
94.3998 1437.09 0.15 0
62.2333 584.768 0.04 1
69.5065 273.661 0.025 0
53.6067 769.119 0.157895 1
69.4737 1639.39 0.365079 1
94.7094 193.527 0.15 0
94.7094 193.527 0.04 0
94.7094 193.527 0.031746 0
100.131 1450.31 0.0294118 0
126.328 1522.28 0.00961538 0
118.548 1541.98 0.0128205 0
94.7094 193.527 0.307692 0
94.7094 193.527 0.025641 0
94.7094 193.527 0.04 0
5.42124 1643.84 0.224138 1
30.7699 1462.22 0.12766 1
15.2277 1291.66 0.0441176 1
15.9449 41.5116 0.263158 0
15.9449 41.5116 0.12 0
90.2508 909.902 0.266667 1
7.05145 173.23 0.04 1
25.5726 1202.92 0.106061 1
105.283 387.902 0.0540541 0
105.283 387.902 0.0180723 0
105.283 387.902 0.0714286 0
105.283 387.902 0.0208333 0
105.283 387.902 0.00558659 0
25.1699 1075.52 0.369318 1
134.519 324.564 0.0181818 0
107.624 434.488 0.100917 0
107.624 434.488 0.0138889 0
134.519 324.564 0.0266667 0
107.624 434.488 0.0347222 0
107.624 434.488 0.0454545 0
13.3602 9.474 0.0454545 1
7.13809 1003.78 0.115646 1
144.234 308.354 0.0666667 0
20.4361 1055.39 0.0320513 1
118.195 445.735 0.011976 0
118.195 445.735 0.018018 0
145.09 335.811 0.0408163 0
118.195 445.735 0.302632 0
118.195 445.735 0.0365854 0
14.0094 1024.37 0.0722892 1
118.877 486.502 0.0482759 0
118.877 486.502 0.00662252 0
118.877 486.502 0.113636 0
152.629 569.548 0.0666667 0
112.148 594.524 0.060241 1
16.4102 1129.8 0.134078 1
118.384 398.967 0.0405405 0
152.136 657.083 0.0266667 0
53.6176 5.73022 0.020979 1
151.643 683.229 0.0258621 0
151.643 683.229 0.0285714 0
151.643 683.229 0.00862069 0
151.643 683.229 0.0120482 0
151.643 683.229 0.0666667 0
151.643 683.229 0.0266667 0
151.643 683.229 0.0117647 0
151.643 683.229 0.341176 0
146.938 415.509 0.0227273 0
4.70539 1098.74 0.25 1
37.6723 927.983 0.0481928 1
22.2696 1133.96 0.0598802 1
118.585 409.045 0.00512821 0
55.6395 768.243 0.0523256 1
118.238 394.653 0.0134228 0
13.6907 1133.18 0.333333 1
53.4574 927.545 0.0125786 1
117.851 397.688 0.0243902 0
117.851 397.688 0.274194 0
117.851 397.688 0.00512821 0
117.851 397.688 0.0134228 0
117.851 397.688 0.0650406 0
117.851 397.688 0.12844 0
0.212845 1527.35 0.165217 1
23.6512 1540.32 0.0920502 1
32.5415 1515.74 0.00833333 1
28.4677 1537.11 0.0122449 1
20.0257 1530.05 0.168627 1
28.4611 1385.4 0.0409091 1
37.2347 1349.64 0.0378378 1
76.473 1453.79 0.0238095 1
48.6915 1471.86 0.00512821 1
18.7112 1504.34 0.257895 1
41.7387 1517.14 0.0212766 1
27.1008 1411.17 0.0833333 1
59.1697 1529.16 0.0611111 1
38.4087 1476.01 0.0980392 1
14.1339 1510.64 0.037037 1
26.2954 1498.44 0.101124 1
4.38625 1468.6 0.0113208 1
19.9114 1457.83 0.0441989 1
2.9807 1502.19 0.167315 1
42.6754 1442.46 0.112245 1
34.4345 1436.35 0.0135135 1
3.03682 1488.85 0.101852 1
118.02 370.376 0.0169492 0
43.1577 1486.37 0.0338983 1
118.153 371.521 0.025 0
118.153 371.521 0.17094 0
118.153 371.521 0.016129 0
80.4932 535.239 0.0614035 0
118.153 371.521 0.125 0
118.153 371.521 0.0169492 0
118.153 371.521 0.17094 0
118.153 371.521 0.0152672 0
37.66 163.718 0.0784314 1
19.7706 1062.81 0.0121212 1
12.4094 1062.34 0.00757576 1
119.099 415.874 0.00552486 0
119.099 415.874 0.031746 0
119.099 415.874 0.016129 0
119.099 415.874 0.0294118 0
17.4081 1051.54 0.0555556 1
119.631 439.027 0.00961538 0
37.452 872.506 0.00970874 1
23.6104 1073.22 0.00483092 1
120.108 442.212 0.0128205 0
19.8747 1059.04 0.144105 1
78.1966 1020.02 0.047619 1
25.4507 1062.06 0.043956 1
13.0985 700.997 0.0588235 1
148.616 396.174 0.00862069 0
148.616 396.174 0.106557 0
22.8277 1039.81 0.0304348 1
149.608 419.681 0.0181818 0
149.608 419.681 0.0266667 0
149.608 419.681 0.0666667 0
149.608 419.681 0.0408163 0
149.608 419.681 0.00862069 0
149.608 419.681 0.106557 0
149.608 419.681 0.0305344 0
149.608 419.681 0.0136054 0
149.608 419.681 0.00632911 0
149.608 419.681 0.0305344 0
77.8603 629.467 0.0373134 1
17.9879 1024.2 0.025974 1
61.9386 404.75 0.0628931 1
156.626 539.68 0.0117647 0
18.7654 1010.8 0.0205479 1
14.193 996.618 0.565737 1
7.49084 976.344 0.0122699 1
157.574 484.965 0.341176 0
92.5631 604.208 0.2 1
15.3973 1016.78 0.0127389 1
157.166 538.573 0.0227273 0
99.8304 685.142 0.0382514 1
14.1152 1206.64 0.25 1
127.354 1070.88 0.290909 1
98.4842 1242.4 0.103093 1
3.854 1127.52 0.0327869 1
67.6057 1323.9 0.005 1
87.1963 1096.88 0.0236686 1
117.322 4.01978 0.12844 0
117.322 4.01978 0.0238095 0
117.322 4.01978 0.0238095 0
117.322 4.01978 0.108108 0
17.4492 1512.65 0.00571429 1
12.0077 1509.02 0.272727 1
24.3326 1509.62 0.105556 1
37.008 1491.09 0.00331126 1
45.8551 1496.48 0.0241546 1
107.356 1416.34 0.0833333 1
45.0498 1500.34 0.0304569 1
61.3318 1479.06 0.0243902 1
20.7718 1476.87 0.122995 1
34.9624 1509.98 0.360406 1
23.3171 1490.37 0.0105263 1
36.6683 1480.32 0.136564 1
14.017 1482.88 0.00448431 1
36.2624 1463.98 0.00704225 1
2.12616 1482.85 0.00448431 1
27.1069 1474.59 0.038961 1
38.9094 1466.92 0.00462963 1
43.6836 1469.31 0.00775194 1
17.6532 1464.77 0.015 1
2.07529 1485.47 0.00657895 1
20.712 1454.58 0.200893 1
14.1653 1445.93 0.0150376 1
116.767 33.5408 0.00909091 0
58.5736 1458.24 0.092437 1
116.862 30.3491 0.0152672 0
116.862 30.3491 0.0614035 0
116.862 30.3491 0.00909091 0
116.862 30.3491 0.0350877 0
116.862 30.3491 0.0155039 0
10.8791 1483.03 0.264151 1
29.2688 1506.2 0.246032 1
125.626 813.135 0.047619 1
25.484 1478.03 0.148936 1
28.7959 1489.54 0.00806452 1
27.758 1459.61 0.026738 1
23.685 1455.92 0.0114068 1
20.9115 1402.44 0.380783 1
147.336 14.9907 0.0136054 0
17.4889 1390.32 0.00408163 1
147.684 36.6737 0.00632911 0
12.6138 1368.21 0.00490196 1
110.952 1191.4 0.1125 1
14.2207 1470.57 0.139896 1
107.186 1226.7 0.130435 1
34.8053 1460.29 0.0126582 1
107.415 1499.26 0.0097561 1
11.6042 1582.53 0.0423729 1
8.40948 1562.17 0.0901639 1
61.8898 1523.01 0.237288 1
122.355 1348.83 0.0714286 1
41.1672 1617.88 0.05 1
76.314 1675.39 0.00649351 1
79.7622 1662.52 0.0124224 1
3.66992 1427.35 0.0496454 0
93.3302 1722.87 0.298013 1
115.009 347.647 0.108108 0
115.009 347.647 0.0220994 0
115.009 347.647 0.0340136 0
29.7847 1494.82 0.0277778 1
115.112 349.771 0.0220994 0
115.112 349.771 0.0145985 0
36.2204 1488.18 0.0550847 1
30.3751 1486.94 0.0482456 1
50.1216 1480.62 0.15528 1
49.7839 1413.32 0.0333333 1
72.983 1407.58 0.0630631 1
30.0381 1462.16 0.272189 1
63.504 1478.36 0.0828025 1
50.4451 1479.57 0.212766 1
4.59352 1418.21 0.0909091 1
55.2182 1473.4 0.256158 1
11.5846 1302.11 0.0208333 1
19.3272 1413.93 0.01 1
7.8035 1487.24 0.0173913 1
21.202 1488.97 0.0233645 1
6.83273 1474.62 0.0512821 1
25.8703 1484.96 0.106557 1
8.78537 1440.63 0.00591716 1
13.9191 1441.73 0.309524 1
37.1129 1397.36 0.056962 1
17.9644 1397.92 0.137931 1
10.3174 1098.21 0.0384615 1
114.25 354.778 0.0350877 0
114.25 354.778 0.0155039 0
114.25 354.778 0.00534759 0
114.25 354.778 0.00534759 0
114.25 354.778 0.0603448 0
19.5853 1831.1 0.0273224 1
27.0402 1816.71 0.025 1
30.6047 1806.87 0.0742188 1
24.6403 1789.19 0.0222222 1
16.9888 1753.43 0.0111111 1
18.5754 1760.76 0.00512821 1
12.9883 1205.77 0.00568182 1
64.7077 1699.44 0.0110497 1
12.1388 1573.8 0.0232558 1
37.5094 1625.64 0.0149254 1
115.113 1572.18 0.0560748 1
14.202 1768.87 0.458564 1
82.6259 1721.71 0.00423729 1
16.8993 1696.8 0.0555556 1
59.1727 1763.24 0.0491803 1
75.4586 1808.64 0.0318471 1
85.564 1698.18 0.0384615 1
133.069 1637.21 0.0434783 1
90.9039 1966.7 0.0330578 1
92.5809 1989.96 0.0857143 1
157.86 1999.74 0.175258 1
30.1399 2099.03 0.043956 0
101.005 2176.42 0.0246914 1
29.397 2157.51 0.0421053 0
14.1063 2196.99 0.0377358 0
2.33128 1909.4 0.0756303 0
14.1063 2196.99 0.024 0
117.614 2293.8 0.0189873 0
2.33128 1909.4 0.0496454 0
2.33128 1909.4 0.0756303 0
2.33128 1909.4 0.0909091 0
11.775 287.588 0.0967742 1
10.1813 2070.31 0.0185185 0
127.795 223.485 0.0421053 1
97.3794 4062.96 0.00917431 1
108.569 813.005 0.0340136 0
108.569 813.005 0.0145985 0
70.0556 2551.5 0.0909091 0
70.0556 2551.5 0.0285714 0
70.0556 2551.5 0.10084 0
123.882 2281.46 0.0661765 0
15.3138 1468.46 0.0243902 1
25.0322 1482.2 0.49115 1
28.3673 1453.65 0.0180995 1
41.091 1468.27 0.0547445 1
123.49 1427.06 0.0215827 1
28.5738 1431.52 0.046083 1
1.37668 1479.55 0.00507614 1
30.7282 1403.31 0.00775194 1
15.3889 1449.84 0.0733945 1
47.0204 1407.07 0.0788177 1
34.3316 1423.86 0.0375 1
12.9829 1448.35 0.138728 1
10.1586 1391.44 0.0392157 1
44.2627 1449.5 0.0671141 1
43.1869 1417.62 0.0127389 1
33.0614 1446.35 0.04375 1
22.2915 1457.41 0.0969388 1
14.7668 1438.44 0.140097 1
12.7911 1407.15 0.010582 1
10.7433 1424.06 0.0298507 1
43.5325 1414.43 0.25641 1
28.237 1386.22 0.0367647 1
1.04871 1311.74 0.117978 1
108.874 843.054 0.0603448 0
108.874 843.054 0.00740741 0
112.002 1308.96 0.180851 0
108.874 843.054 0.00740741 0
108.874 843.054 0.0141509 0
3.12891 2152.02 0.285714 1
7.49136 1235.49 0.0547945 1
92.7735 2199.5 0.0138889 1
22.3801 2061.06 0.232877 1
95.6292 2275.94 0.0206897 1
34.3475 2200.69 0.0140845 1
122.872 2137.95 0.00769231 1
97.8639 2259.66 0.0229008 1
66.2974 2403.16 0.0291971 1
83.8931 2412.39 0.0310078 1
93.1745 2408.39 0.0537634 1
106.507 2266.63 0.229508 1
49.0684 2508.49 0.35 1
82.7646 2486.8 0.0280374 1
147.542 1984.23 0.0130719 1
16.1004 2668.04 0.0102041 0
17.6628 2501.33 0.0487805 0
17.6628 2501.33 0.0694444 0
17.6628 2501.33 0.0519481 0
21.3978 2760.91 0.010989 0
4.34612 2682.79 0.0540541 0
22.4744 2647.35 0.0576923 0
63.133 2061.67 0.015873 0
22.4744 2647.35 0.043956 0
22.4744 2647.35 0.0421053 0
22.4744 2647.35 0.0576923 0
40.6586 4709.01 0.0877193 1
55.7506 4507.04 0.12 1
71.9973 4039.68 0.0819672 1
16.3141 4165.19 0.0576923 1
23.2568 3531.06 0.00884956 1
65.5596 326.295 0.0377358 0
65.5596 326.295 0.024 0
65.5596 326.295 0.015873 0
35.5165 3093.3 0.00757576 1
72.2524 63.7017 0.0185185 0
72.2524 63.7017 0.0561798 0
72.2524 63.7017 0.0189873 0
72.2524 63.7017 0.0285714 0
29.6986 1269.19 0.0848485 1
56.0349 1439.84 0.0412371 1
3.49951 1474.13 0.0880503 1
23.6382 1498.66 0.00543478 1
101.476 1293.3 0.10084 0
101.476 1293.3 0.0661765 0
33.6976 1494.61 0.248996 1
40.2786 1490.19 0.00381679 1
52.1107 1492.05 0.106557 1
71.2192 1335.71 0.0992366 1
48.7866 1428.04 0.186235 1
13.0934 1471.8 0.213483 1
8.12904 1503.48 0.0621469 1
2.70692 1471.49 0.0338983 1
22.8244 1432.95 0.00549451 1
25.0446 1401.86 0.33463 1
4.76297 1440.78 0.206349 1
31.0004 1482.07 0.028777 1
19.0629 1440.47 0.0276243 1
6.6244 1434.38 0.0592593 1
30.6164 1440.96 0.0114286 1
0.331223 1461.8 0.0195122 1
27.2087 1422.05 0.00537634 1
6.70518 1446.84 0.151111 1
21.7128 1440.24 0.0982906 1
25.7701 1364.51 0.00436681 1
101.017 1317.67 0.0232558 0
101.017 1317.67 0.0141509 0
101.017 1317.67 0.0350877 0
7.57314 1121.85 0.0204082 0
45.1229 1414.38 0.0452489 0
101.017 1317.67 0.180851 0
101.017 1317.67 0.0232558 0
101.017 1317.67 0.0350877 0
29.6055 2687.5 0.00869565 1
55.7652 2724.18 0.0117647 1
46.1199 2640.65 0.141509 1
60.6752 2710.59 0.0136986 1
128.162 2465.06 0.0671642 1
63.9795 2730.04 0.0576923 1
70.5789 2765.33 0.154639 1
105.719 2615.5 0.188525 1
7.48801 2593.87 0.0181818 0
34.1958 2888.69 0.015748 0
7.48801 2593.87 0.025641 0
34.1958 2888.69 0.00746269 0
7.48801 2593.87 0.0617284 0
34.1958 2888.69 0.0204082 0
13.188 2638.84 0.0648148 0
95.2418 2758.47 0.0753425 0
59.5561 2757.36 0.0666667 0
25.1888 2846.26 0.0674157 0
19.8345 2793.91 0.0344828 0
13.188 2638.84 0.010989 0
95.2418 2758.47 0.0232558 0
100.356 2859.83 0.0277778 0
25.1888 2846.26 0.0674157 0
5.35433 52.3576 0.142857 1
9.41441 174.968 0.121622 1
116.48 19.001 0.0178571 1
50.0434 2621.13 0.0581395 0
90.8435 2723.6 0.0184049 1
33.9501 753.902 0.0102041 0
33.9501 753.902 0.0344828 0
20.0214 3381.1 0.153846 1
58.4034 3539.19 0.0757576 1
114.247 3406.51 0.0384615 1
72.5457 3945.16 0.0254237 1
45.7445 1263.58 0.0487805 0
45.7445 1263.58 0.0694444 0
45.7445 1263.58 0.0519481 0
33.9265 3922.03 0.0222222 1
48.9932 987.688 0.010989 0
48.2893 2431.23 0.0714286 1
125.123 1553.06 0.135135 1
95.8818 1301.98 0.0540541 0
50.503 1468.26 0.075 1
2.90411 1607.48 0.0372671 1
6.85793 1610.56 0.012 1
13.8623 1597.47 0.0127389 1
2.32797 1598.35 0.0288462 1
95.8929 1318.25 0.0561798 0
21.1674 1569.1 0.00478469 1
21.8707 1592.5 0.0740741 1
30.1861 1590.46 0.116592 1
19.3235 1561.19 0.0198676 1
48.9334 1541.08 0.178571 1
26.032 1207.62 0.0333333 1
52.4094 1542.68 0.160959 1
14.178 1529.54 0.0572687 1
44.9278 1573.06 0.014218 1
32.3066 1446.87 0.0434783 1
18.4678 1541.01 0.301508 1
42.7358 1520.84 0.0213904 1
14.2677 1552.28 0.0170213 1
38.4498 1532.2 0.0333333 1
25.6565 1508.18 0.0949721 1
0.318985 1557.33 0.0181818 1
4.16357 1527.58 0.0625 1
13.9476 1556.03 0.0315315 1
23.1238 1472.58 0.00595238 1
10.8269 1421.51 0.203488 1
34.7695 1460.36 0.0246914 1
1.92805 1500.63 0.0106952 1
95.3971 1352.52 0.0135135 0
5.68773 1212.87 0.0620155 0
95.3971 1352.52 0.0394089 0
27.0394 1516.93 0.0251256 0
95.3971 1352.52 0.0135135 0
89.7094 2565.39 0.032967 1
95.1781 1365.86 0.00694444 0
68.1386 2882.79 0.111801 1
119.123 2579.51 0.00961538 1
94.2997 1415.28 0.0204082 0
94.2997 1415.28 0.0620155 0
94.2997 1415.28 0.144 0
52.478 2364.92 0.0902256 0
94.2997 1415.28 0.0452489 0
94.2997 1415.28 0.0394089 0
94.2997 1415.28 0.00502513 0
52.478 2364.92 0.00632911 0
131.099 2755.08 0.04 1
28.2177 2765.07 0.049505 0
28.2177 2765.07 0.0212766 0
31.2669 2876.32 0.00793651 0
19.7588 2661.51 0.0126582 0
28.2177 2765.07 0.0116279 0
31.2669 2876.32 0.0352941 0
19.7588 2661.51 0.0511364 0
31.7316 2940.81 0.00671141 0
9.94596 2684.82 0.0192308 0
34.6203 2984.61 0.00961538 0
8.96767 2698.56 0.0116279 0
31.7316 2940.81 0.0283019 0
9.94596 2684.82 0.0707965 0
51.7565 2904.7 0.00546448 0
34.6203 2984.61 0.00961538 0
25.6526 286.05 0.0151515 1
7.1509 195.959 0.13253 1
0.0187187 67.6453 0.186047 1
41.691 207.371 0.215054 1
87.8656 171.182 0.0168539 1
43.1348 2048.36 0.0184049 1
18.8604 1005.74 0.0181818 0
18.8604 1005.74 0.025641 0
18.8604 1005.74 0.0617284 0
18.8604 1005.74 0.0116279 0
13.331 1822.29 0.0377358 1
55.2155 1794.56 0.0722892 0
20.4436 1203.55 0.015748 0
20.4436 1203.55 0.00746269 0
20.4436 1203.55 0.0204082 0
55.2155 1794.56 0.13 0
93.9174 1457.22 0.0648148 0
93.9174 1457.22 0.010989 0
35.841 1404.83 0.125 0
73.4738 253.667 0.025 0
128.689 1540.9 0.391753 1
93.6786 1429.4 0.0753425 0
93.6786 1429.4 0.0232558 0
35.6022 1432.65 0.325397 0
73.235 225.849 0.0506329 0
111.024 1350.06 0.026087 0
24.0399 1532.92 0.187097 1
58.0764 2862.05 0.0666667 0
35.6526 1430.65 0.0581395 0
35.6526 1430.65 0.125 0
35.6526 1430.65 0.325397 0
35.6526 1430.65 0.0169492 0
37.6328 1658.5 0.0151515 1
70.8621 206.381 0.0458716 0
40.2128 1554.43 0.011236 1
72.7494 205.759 0.0775194 0
93.729 1431.4 0.0277778 0
72.7494 205.759 0.0169492 0
72.7494 205.759 0.0120482 0
13.453 1486.45 0.427835 1
21.7781 1526.54 0.146919 1
34.9845 1498.91 0.0338164 1
51.1928 1522.11 0.215827 1
82.7763 1508.26 0.00606061 1
34.6177 1571.28 0.045977 1
13.7452 1519.56 0.359375 1
4.37274 1456.43 0.0673077 1
9.03406 1542.79 0.00343643 1
20.2281 1573.99 0.0733333 1
16.8619 1575.22 0.0375587 1
33.9014 1543.35 0.0985401 1
37.1439 1493.62 0.107884 1
86.8435 1140.32 0.0340136 0
21.175 517.427 0.143885 0
118.223 1519.92 0.155556 1
33.0568 1560.14 0.0168539 1
55.9194 1572.84 0.0203252 1
62.7747 1539.14 0.325967 1
40.8966 1538.58 0.0639098 1
10.6635 1561.14 0.021978 1
23.6797 1562.8 0.0276243 1
6.47658 1559.96 0.0507246 1
19.3027 1529.01 0.26178 1
45.5766 1560.57 0.0052356 1
62.2851 1542.92 0.0152672 1
32.5086 1499.85 0.184049 1
4.34457 1510.67 0.0222222 1
48.7278 1483.91 0.0142857 1
41.3392 1539.37 0.0122699 1
18.0559 1520.44 0.0103627 1
41.8087 1437.52 0.0137931 1
92.8655 1441.05 0.00694444 0
92.8655 1441.05 0.144 0
92.8655 1441.05 0.00502513 0
40.7698 965.801 0.0215054 0
92.8655 1441.05 0.0102564 0
104.019 1335.53 0.00719424 0
52.0958 2406.85 0.0902256 0
52.0958 2406.85 0.00632911 0
40.7698 965.801 0.0215054 0
52.0958 2406.85 0.0394089 0
52.0958 2406.85 0.0342466 0
40.7698 965.801 0.0925926 0
40.7698 965.801 0.055 0
63.2493 369.731 0.258503 1
16.0424 1112.01 0.187879 1
92.8655 1441.05 0.0251256 0
92.8655 1441.05 0.0102564 0
24.3503 1870.94 0.0394089 0
92.8655 1441.05 0.00478469 0
24.3503 1870.94 0.0192308 0
24.3503 1870.94 0.0114943 0
24.3503 1870.94 0.0342466 0
28.2177 2765.07 0.011236 0
24.3503 1870.94 0.020202 0
24.3503 1870.94 0.017094 0
28.2177 2765.07 0.0126582 0
68.5276 2913.74 0.0143885 0
28.2177 2765.07 0.049505 0
28.2177 2765.07 0.0212766 0
28.2177 2765.07 0.0116279 0
28.2177 2765.07 0.011236 0
28.2177 2765.07 0.0126582 0
3.04918 111.251 0.0886076 1
54.2589 953.527 0.0740741 1
112.063 935.129 0.0943396 1
55.1974 1741.71 0.0571429 1
31.9045 1077.88 0.00793651 0
31.9045 1077.88 0.0352941 0
12.1458 1583.63 0.0818182 1
9.48097 25.0452 0.0963855 1
43.2918 1353.83 0.102941 1
31.0461 1696.53 0.0534759 1
27.8987 1296.73 0.0126582 0
27.8987 1296.73 0.0511364 0
77.8086 1232.19 0.141509 1
15.0464 1528.89 0.123529 1
31.0272 1317.07 0.00671141 0
31.0272 1317.07 0.0283019 0
31.0272 1317.07 0.0192308 0
31.0272 1317.07 0.0707965 0
108.041 1566.49 0.0517241 1
20.4759 1605.95 0.0634146 1
48.3102 1371.82 0.166667 1
33.8204 1275.45 0.00546448 0
59.0452 165.604 0.00555556 0
13.6453 1694.02 0.0562771 1
58.3499 88.2889 0.025 0
58.3499 88.2889 0.0506329 0
58.3499 88.2889 0.070922 0
11.7183 1599.48 0.0382514 1
58.9763 9.73462 0.0722892 0
58.9763 9.73462 0.13 0
58.9763 9.73462 0.0458716 0
58.9763 9.73462 0.00555556 0
58.9763 9.73462 0.070922 0
58.9763 9.73462 0.0102041 0
58.9763 9.73462 0.0390625 0
58.9763 9.73462 0.026087 0
58.9763 9.73462 0.0120482 0
58.9763 9.73462 0.0102041 0
15.5522 1533.89 0.0291971 1
28.6762 1352.05 0.0987654 1
58.6452 64.5364 0.0775194 0
58.6452 64.5364 0.00564972 0
58.6452 64.5364 0.0666667 0
58.8661 1467.72 0.0738636 0
6.73421 1476.67 0.100629 1
7.16899 1429.83 0.0046729 1
62.8967 1476.87 0.0526316 1
19.9709 1513.09 0.0136986 1
45.8449 300.657 0.0186916 0
124.367 1565.66 0.0201342 0
45.8449 300.657 0.108434 0
0.967056 1532.28 0.0344828 1
103.472 640.087 0.00543478 0
37.4064 551.468 0.02 0
28.6564 1546.63 0.0118577 1
37.4844 549.486 0.0230769 0
37.4844 549.486 0.0255102 0
48.3019 1486.75 0.469231 1
116.152 1517.41 0.0209205 0
116.152 1517.41 0.00485437 0
86.1863 1129.5 0.0340136 0
108.018 622.895 0.382353 1
78.1362 3548.59 0.256881 1
34.1275 2656.34 0.224638 1
105.483 105.922 0.143885 0
83.0677 1064.21 0.0655738 1
55.9549 1526.76 0.0294118 1
34.8391 1452.52 0.0386266 1
69.0541 1548.99 0.0133333 1
49.093 1571.4 0.0202429 1
57.2007 1542.64 0.216346 1
10.3594 1541.91 0.025974 1
41.2858 1523.81 0.305556 1
30.7184 1548.92 0.00561798 1
32.5657 1539.13 0.180328 1
8.40691 1549.96 0.0567376 1
25.984 1552.72 0.153488 1
4.75905 1532.13 0.0328638 1
15.4725 1526.4 0.119658 1
29.4621 1559.42 0.0217391 1
44.3959 1532.75 0.0289855 1
23.0069 1560.13 0.391061 1
57.7509 53.6782 0.0925926 0
57.7509 53.6782 0.0173913 0
57.7509 53.6782 0.055 0
91.9713 1451.91 0.00478469 0
57.7509 53.6782 0.00719424 0
34.2203 1505.59 0.0192308 0
34.2203 1505.59 0.020202 0
57.7509 53.6782 0.0173913 0
34.2203 1505.59 0.0114943 0
34.2203 1505.59 0.017094 0
45.5279 1214.9 0.00684932 1
6.65839 1440.83 0.202899 1
26.907 1187.94 0.00757576 1
37.5898 1601.26 0.0143885 0
63.9722 1064.87 0.101266 1
35.1549 1427.78 0.0184049 1
45.8857 1223.51 0.0900901 1
28.8152 1027.69 0.156463 1
86.5219 1176.33 0.00925926 1
50.1563 70.8982 0.0390625 0
7.24283 1442.84 0.0224719 1
55.877 428.756 0.010989 1
47.6092 1344.94 0.214689 1
77.4678 866.15 0.00854701 1
48.8279 68.4604 0.00564972 0
48.8279 68.4604 0.0666667 0
9.144 1388.4 0.270531 1
52.3302 1292.81 0.0151515 0
52.3302 1292.81 0.0789474 0
81.5173 1434.11 0.0215054 0
49.1823 119.167 0.0738636 0
49.1823 119.167 0.00995025 0
52.3302 1292.81 0.0629371 0
81.5173 1434.11 0.0434783 0
12.8886 1134.23 0.138462 1
48.8462 144.529 0.00995025 0
48.8462 144.529 0.0337079 0
48.8462 144.529 0.0833333 0
68.7936 836.463 0.0233918 0
131.985 1555.7 0.00746269 0
68.7936 836.463 0.231481 0
131.985 1555.7 0.0146341 0
7.26033 1494.67 0.00833333 1
123.625 1560.03 0.0361446 0
68.8036 838.439 0.025 0
131.995 1553.72 0.00921659 0
106.785 1441.24 0.00934579 0
123.625 1560.03 0.0201342 0
123.625 1560.03 0.0361446 0
78.5217 1265 0.0925926 1
10.3933 38.8961 0.0201342 1
3.26133 798.831 0.26087 1
20.6795 827.989 0.36019 1
117.224 936.528 0.0186916 0
117.224 936.528 0.108434 0
117.224 936.528 0.0576923 0
99.9441 169.664 0.0363636 0
117.224 936.528 0.0576923 0
117.224 936.528 0.0344828 0
36.6632 548.917 0.0630631 0
117.224 936.528 0.018018 0
117.224 936.528 0.00966184 0
17.28 766.863 0.213675 1
117.211 936.183 0.00543478 0
117.211 936.183 0.0344828 0
80.5609 387.611 0.0222222 1
111.904 511.236 0.177083 0
10.5199 1031.64 0.03125 1
13.6284 888.964 0.0215054 1
116.834 838.954 0.02 0
116.834 838.954 0.0230769 0
116.834 838.954 0.0255102 0
116.834 838.954 0.0630631 0
116.834 838.954 0.0125786 0
116.834 838.954 0.0166667 0
12.2476 579.491 0.319444 1
116.056 866.818 0.0125786 0
116.056 866.818 0.0228571 0
116.056 866.818 0.0166667 0
104.532 108.878 0.0122699 0
9.79491 388.912 0.130435 0
109.336 1415.68 0.0308642 0
104.532 108.878 0.0209205 0
104.532 108.878 0.00485437 0
104.532 108.878 0.0122699 0
94.7367 497.79 0.0106383 1
9.79015 1945.87 0.0425532 1
22.5894 1928.96 0.0336134 1
29.7862 1508.89 0.13913 1
72.1399 1495.96 0.00393701 1
15.0142 1405.43 0.00537634 1
32.9163 1488.2 0.0420561 1
14.6666 1520.08 0.0246305 1
45.3403 1524.59 0.330882 1
10.8143 1536.62 0.00526316 1
24.6821 1531.66 0.00561798 1
7.80783 1494.16 0.0837438 1
42.8969 1528.17 0.0127389 1
59.7022 1501.06 0.164384 1
15.619 1508.78 0.0306122 1
25.4834 1514.23 0.0875576 1
48.8433 1519.18 0.0294118 1
6.78218 1486.03 0.0187793 1
3.95453 1376.08 0.00833333 1
14.0052 1518.28 0.00452489 1
0.0555267 1366.31 0.0724638 1
33.8833 259.997 0.219512 1
53.0452 1084.97 0.0294118 1
49.3396 92.502 0.0211268 0
49.3396 92.502 0.152 0
77.2086 1444.11 0.15 1
77.1745 1044.99 0.0384615 0
50.4505 28.7422 0.00568182 0
50.4505 28.7422 0.00628931 0
77.1745 1044.99 0.109756 0
38.0832 329.432 0.0114943 1
0.910172 1434.23 0.0246305 1
79.2857 1490.19 0.0103627 1
80.3681 1228.88 0.012987 1
9.04166 1248.58 0.173469 1
55.9415 1337.96 0.0193548 1
13.1113 1403.22 0.00390625 1
59.16 1390.3 0.00900901 0
59.16 1390.3 0.144578 0
4.32039 1502.16 0.0163934 1
59.2339 1364.93 0.00900901 0
59.2339 1364.93 0.144578 0
59.2339 1364.93 0.0227273 0
59.2339 1364.93 0.0520833 0
59.2339 1364.93 0.0178571 0
59.2339 1364.93 0.0828025 0
59.2339 1364.93 0.0733945 0
59.2339 1364.93 0.0227273 0
59.2339 1364.93 0.0520833 0
46.3345 1343.21 0.0828025 0
76.1588 1550.37 0.0478469 0
34.2574 1409.95 0.0314465 1
5.3131 1462 0.0484582 1
46.8845 1290.54 0.0285714 0
77.4201 1498.41 0.011236 0
50.4789 1364.78 0.0151515 0
50.4789 1364.78 0.0789474 0
50.4789 1364.78 0.0629371 0
29.1871 141.3 0.174157 1
75.1959 1373.95 0.00833333 0
75.1959 1373.95 0.0119048 0
75.1959 1373.95 0.0526316 0
2.22417 124.46 0.233645 1
153.303 1300.58 0.166667 1
68.6819 296.94 0.0215054 0
68.6819 296.94 0.0434783 0
63.5145 695.051 0.00775194 0
50.4429 29.3209 0.0337079 0
50.4429 29.3209 0.0833333 0
68.6819 296.94 0.00833333 0
5.16736 991.991 0.47 1
68.2029 854.333 0.0233918 0
68.2029 854.333 0.231481 0
68.2029 854.333 0.025 0
63.1915 2392.16 0.139665 1
122.427 712.078 0.0106383 0
0.735447 799.424 0.136364 1
1.05585 557.642 0.047619 1
110.404 382.671 0.039604 0
70.2681 1232.48 0.0142857 1
118.234 638.628 0.00746269 0
118.234 638.628 0.0146341 0
118.234 638.628 0.00921659 0
118.234 638.628 0.0052356 0
67.6226 577.849 0.015873 0
106.205 733.767 0.00505051 0
118.234 638.628 0.0106383 0
118.234 638.628 0.0052356 0
115.468 851.268 0.037037 0
118.234 638.628 0.00854701 0
12.0288 1372.4 0.539823 1
118.217 636.934 0.0487805 0
115.452 849.574 0.00934579 0
115.452 849.574 0.018018 0
115.452 849.574 0.037037 0
115.452 849.574 0.016129 0
115.452 849.574 0.0227273 0
2.76522 212.64 0.0175439 1
116.598 759.572 0.00966184 0
116.598 759.572 0.0126582 0
14.1127 406.145 0.26378 1
21.0938 766.288 0.0215517 1
9.94752 725.042 0.0277778 1
120.677 869.222 0.0363636 0
120.677 869.222 0.177083 0
120.677 869.222 0.016129 0
120.677 869.222 0.0126582 0
120.677 869.222 0.06 0
120.677 869.222 0.00609756 0
120.677 869.222 0.0308642 0
120.677 869.222 0.06 0
15.2064 672.426 0.0182648 1
42.0409 438.813 0.0612245 1
22.7608 1317.51 0.0272109 1
19.807 1048.25 0.146067 1
117.968 554.696 0.0228571 0
117.968 554.696 0.130435 0
2.44666 942.103 0.0230769 1
118.064 591.455 0.0308642 0
13.9525 942.018 0.101266 1
122.832 1539.08 0.0487805 1
49.0163 1483.33 0.212871 1
54.3963 1510.27 0.00854701 1
1.59822 1530.2 0.0191083 1
39.3171 1526.3 0.0229008 1
18.885 1504.04 0.00628931 1
22.025 1480.43 0.040201 1
9.16393 1519.29 0.0967742 1
25.2996 1509.2 0.0745614 1
4.97784 1516.05 0.00421941 1
19.5662 1459.21 0.0138889 1
32.799 1510.82 0.102804 1
30.1788 1507.39 0.0324074 1
12.4187 1497.47 0.0855856 1
39.1603 1372.76 0.0275862 1
27.0334 1494.16 0.0779221 1
45.3724 1485.82 0.117647 1
29.5569 1403.19 0.0277778 1
49.6302 44.3988 0.0211268 0
49.6302 44.3988 0.00568182 0
49.6302 44.3988 0.152 0
49.6302 44.3988 0.00628931 0
49.6302 44.3988 0.0127389 0
49.6302 44.3988 0.0127389 0
77.0139 1012.95 0.154321 0
49.6302 44.3988 0.00729927 0
88.6555 1489.18 0.0222222 0
81.1538 1468.64 0.0854701 1
75.8905 1082.53 0.0384615 0
75.8905 1082.53 0.109756 0
75.8905 1082.53 0.154321 0
75.8905 1082.53 0.0148148 0
126.644 1057.35 0.0106952 0
7.11607 448.82 0.25625 1
14.0136 337.883 0.434783 1
81.1171 1355.35 0.149701 0
6.07802 199.708 0.011811 0
81.1171 1355.35 0.0148148 0
81.1171 1355.35 0.00653595 0
87.1951 1555.06 0.0112994 1
81.0056 1745.1 0.125 0
72.6199 1734.91 0.19708 0
32.1003 533.354 0.0176991 0
72.6199 1734.91 0.015748 0
32.1003 533.354 0.00970874 0
81.0056 1745.1 0.00653595 0
72.6199 1734.91 0.0204082 0
32.1003 533.354 0.0675676 0
72.6199 1734.91 0.016 0
32.1003 533.354 0.049505 0
78.3952 1717.38 0.0149254 0
55.6539 1539.2 0.0178571 0
78.3952 1717.38 0.05625 0
55.6539 1539.2 0.0828025 0
55.6539 1539.2 0.0733945 0
42.7545 1517.48 0.0409836 0
72.5788 1724.63 0.0344828 0
56.1599 570.541 0.04 0
24.8951 1527.52 0.320513 1
43.5186 1472.7 0.031746 0
43.267 1498.53 0.0828025 0
43.267 1498.53 0.0285714 0
43.267 1498.53 0.0409836 0
29.8243 207.155 0.277027 1
66.1755 1499.21 0.0510204 0
66.1755 1499.21 0.00769231 0
22.6569 26.51 0.01 1
123.141 1947.08 0.149254 1
53.2105 312.903 0.0478469 0
53.2105 312.903 0.0344828 0
53.2105 312.903 0.0133333 0
53.2105 312.903 0.00458716 0
53.2105 312.903 0.021978 0
42.3668 1193.05 0.011976 0
10.343 1332.87 0.0304878 1
65.0643 504.927 0.0119048 0
55.146 546.055 0.0510204 0
55.146 546.055 0.0133333 0
10.8437 1505.95 0.179487 1
54.9806 524.857 0.0350877 0
64.8989 483.729 0.0526316 0
54.9806 524.857 0.00458716 0
64.8989 483.729 0.0104712 0
64.8989 483.729 0.00757576 0
54.9806 524.857 0.0384615 0
80.0802 1705.64 0.00769231 0
64.8989 483.729 0.011236 0
64.8989 483.729 0.0104712 0
64.8989 483.729 0.00714286 0
9.91829 41.1283 0.0145985 1
20.155 1225.88 0.0790698 1
15.4934 533.419 0.025641 1
64.0405 664.48 0.00757576 0
64.0405 664.48 0.00775194 0
65.1357 820.848 0.015873 0
65.1357 820.848 0.0601093 0
64.0405 664.48 0.0126582 0
28.6003 1478.74 0.242938 1
60.9576 1628.19 0.0558659 0
64.7361 811.454 0.0601093 0
64.7361 811.454 0.0227273 0
118.381 646.999 0.00854701 0
118.381 646.999 0.104839 0
16.5837 885.489 0.0958904 1
16.3836 845.63 0.140244 1
9.75048 802.518 0.122905 1
7.94671 731.868 0.0173913 1
120.53 752.923 0.039604 0
120.53 752.923 0.00505051 0
120.53 752.923 0.0227273 0
120.53 752.923 0.104839 0
120.53 752.923 0.213483 0
120.53 752.923 0.0139535 0
120.53 752.923 0.00625 0
120.53 752.923 0.036036 0
120.53 752.923 0.0487805 0
120.53 752.923 0.213483 0
120.53 752.923 0.00609756 0
12.8091 722.466 0.154341 1
17.0729 748.196 0.00454545 1
121.791 798.91 0.0308642 0
33.6477 412.123 0.0060241 1
7.91282 697.235 0.094697 1
47.0896 327.71 0.011236 1
16.4786 737.618 0.0904762 1
58.423 1455.59 0.023622 1
40.7762 1519.33 0.003861 1
11.0057 1513.76 0.016129 1
23.5051 1498.02 0.325203 1
20.5657 1508.29 0.00819672 1
9.60226 1520.9 0.218605 1
33.7974 1523.65 0.00609756 1
55.2211 1497.62 0.150794 1
40.7153 1515.52 0.027972 1
6.61267 1445.4 0.021645 1
29.9852 1460.79 0.0284091 1
43.3878 1503.22 0.0990099 1
11.0689 1497.36 0.00803213 1
53.7383 1498.15 0.293785 1
53.0311 1487.09 0.0276243 1
35.8932 1516.76 0.0132159 1
47.7735 475.749 0.0186335 0
47.7735 475.749 0.0621118 0
119.136 1451.36 0.0209424 0
47.7735 475.749 0.23913 0
52.889 166.449 0.00729927 0
131.115 1328.17 0.0106952 0
131.115 1328.17 0.0148148 0
47.7735 475.749 0.0608696 0
119.136 1451.36 0.00689655 0
45.1565 1395.47 0.115702 1
89.7462 1326.76 0.0849057 0
13.0938 858.619 0.0165289 1
131.169 1328.3 0.0148148 0
11.9796 123.191 0.0338983 1
39.1822 3.23892 0.265823 1
126.88 1252.93 0.0638298 0
73.937 1419.25 0.0222222 0
73.937 1419.25 0.00653595 0
73.937 1419.25 0.113514 0
73.937 1419.25 0.0735294 0
126.88 1252.93 0.0243902 0
14.2096 279.133 0.130137 1
78.2436 1461.2 0.149701 0
78.2436 1461.2 0.113514 0
78.2436 1461.2 0.00436681 0
78.2436 1461.2 0.011811 0
78.2436 1461.2 0.0735294 0
80.953 1695.56 0.206767 0
72.5674 1685.36 0.00947867 0
78.2436 1461.2 0.360759 0
80.953 1695.56 0.125 0
80.953 1695.56 0.00653595 0
80.953 1695.56 0.206767 0
8.38567 10.1961 0.209945 1
46.1595 1192.92 0.0700637 1
6.97763 236.075 0.027972 1
99.2461 351.19 0.0340136 1
8.62067 595.97 0.119266 1
74.4245 1157.87 0.19708 0
74.4245 1157.87 0.015748 0
74.4245 1157.87 0.0204082 0
74.4245 1157.87 0.016 0
74.4245 1157.87 0.00947867 0
13.1303 504.791 0.0336134 1
73.7981 1174.12 0.0176991 0
73.7981 1174.12 0.00970874 0
73.7981 1174.12 0.0675676 0
73.7981 1174.12 0.049505 0
13.7531 524.921 0.00465116 1
78.3426 1667.84 0.0149254 0
78.3426 1667.84 0.05625 0
134.555 1146.84 0.0545455 1
63.5744 227.072 0.00452489 0
12.5742 1464.1 0.0209205 1
1.53386 680.654 0.383673 1
10.4553 637.898 0.0223881 1
75.1814 1107.67 0.04 0
75.1814 1107.67 0.157407 0
11.5406 452.581 0.025641 1
71.4714 933.121 0.00769231 0
71.4714 933.121 0.021978 0
71.4714 933.121 0.00452489 0
71.4714 933.121 0.157407 0
71.4714 933.121 0.231343 0
71.4714 933.121 0.0478723 0
71.4714 933.121 0.00947867 0
74.8182 1612.96 0.00862069 0
79.801 1687.94 0.0042735 0
71.4714 933.121 0.031746 0
71.4714 933.121 0.231343 0
3.34681 679.843 0.108911 1
8.09751 708.394 0.117647 1
72.1793 1017.54 0.0348837 0
9.69434 676.859 0.0299401 1
72.8037 1055.48 0.011976 0
72.8037 1055.48 0.00714286 0
72.8037 1055.48 0.0348837 0
72.8037 1055.48 0.267176 0
72.8037 1055.48 0.00478469 0
72.8037 1055.48 0.0138249 0
72.8037 1055.48 0.0186047 0
20.0272 1560.98 0.17757 1
72.9444 1047.31 0.0350877 0
72.9444 1047.31 0.0384615 0
72.9444 1047.31 0.267176 0
72.9444 1047.31 0.0192308 0
1.68841 629.413 0.0118343 1
73.0252 1077.29 0.00769231 0
73.0252 1077.29 0.00478469 0
7.57698 607.381 0.194444 1
73.4434 1107.82 0.0126582 0
73.4434 1107.82 0.149533 0
12.3451 512.2 0.0183486 1
68.9107 984.217 0.0227273 0
73.2432 1113.7 0.149533 0
73.2432 1113.7 0.21875 0
73.2432 1113.7 0.0289017 0
11.3693 1532.69 0.126214 1
75.8928 1673.11 0.0107527 0
73.158 1103.17 0.0558659 0
73.158 1103.17 0.21875 0
4.33249 129.48 0.209091 1
70.9027 1031.08 0.114286 0
4.99009 642.024 0.31383 1
123.88 894.533 0.0139535 0
123.88 894.533 0.00625 0
2.92326 596.957 0.0257732 1
38.8165 447.978 0.00617284 1
123.632 897.187 0.036036 0
3.58433 600.771 0.0487805 1
125.054 747.716 0.005 1
2.70119 628.865 0.175 1
13.0297 540.127 0.0654762 1
22.2466 501.478 0.0118343 1
2.58547 589.267 0.0565217 1
144.069 789.217 0.471698 1
2.41368 375.039 0.0346821 1
28.9646 1449.48 0.017341 1
106.927 1059.14 0.170213 1
57.1711 1471.06 0.0736842 1
10.5197 1505.13 0.0946746 1
9.64377 1516.72 0.232432 1
25.4339 1428.61 0.219101 1
4.85869 1458.54 0.0243902 1
20.5415 1517.78 0.0290698 1
34.6866 1500.71 0.228571 1
9.82278 1485.83 0.0934066 1
63.5888 1487.27 0.407407 1
4.49677 1482.27 0.0212766 1
35.4216 1496.15 0.0592105 1
10.8104 1484.25 0.326203 1
17.3922 1297.43 0.0197044 1
47.2894 470.203 0.00793651 0
119.457 1436.38 0.00606061 0
47.2894 470.203 0.0186335 0
47.2894 470.203 0.0621118 0
47.2894 470.203 0.23913 0
47.2894 470.203 0.0608696 0
47.2894 470.203 0.00793651 0
75.0527 380.877 0.193878 1
122.076 829.826 0.0135135 0
122.076 829.826 0.0353982 0
2.61932 606.554 0.0841122 1
10.5687 684.198 0.0679012 1
6.05971 671.082 0.0206897 1
122.279 850.492 0.0209424 0
122.279 850.492 0.00689655 0
122.279 850.492 0.0288462 0
122.279 850.492 0.00699301 0
122.279 850.492 0.0135135 0
122.279 850.492 0.138462 0
122.279 850.492 0.00662252 0
67.9014 978.768 0.0655738 0
122.279 850.492 0.0849057 0
122.279 850.492 0.138462 0
122.279 850.492 0.2 0
54.3778 128.276 0.0652174 1
6.14242 398.888 0.0463576 1
122.309 853.064 0.0638298 0
122.309 853.064 0.0243902 0
122.309 853.064 0.0288462 0
122.309 853.064 0.2 0
122.309 853.064 0.0264901 0
122.309 853.064 0.213115 0
122.309 853.064 0.060241 0
69.9597 1006.36 0.00436681 0
69.9597 1006.36 0.360759 0
13.1022 576.163 0.0861244 1
15.5617 665.951 0.106383 1
140.594 242.622 0.666667 1
1.69085 589.935 0.0574713 1
15.739 695.378 0.0338983 1
8.2072 676.692 0.0108108 1
10.4697 398.121 0.112211 1
70.3522 998.038 0.0478723 0
70.3522 998.038 0.00947867 0
8.89375 670.895 0.165323 1
19.442 639.422 0.0268456 1
70.4352 1006.38 0.00862069 0
70.4352 1006.38 0.0138249 0
70.4352 1006.38 0.0042735 0
13.4649 415.35 0.22831 1
6.67194 661.16 0.16129 1
70.4867 1020.31 0.0186047 0
17.1906 469.32 0.0245098 1
59.9458 395.606 0.00546448 1
70.2198 1011.45 0.0192308 0
70.2198 1011.45 0.00689655 0
70.2198 1011.45 0.030303 0
70.2198 1011.45 0.104167 0
70.2198 1011.45 0.373333 0
70.2198 1011.45 0.00689655 0
34.0166 412.538 0.062069 1
3.47456 646.15 0.108787 1
70.1755 1022.35 0.025 0
147.647 1057.67 0.37037 1
70.0001 995.227 0.0289017 0
70.0001 995.227 0.04 0
70.0001 995.227 0.114286 0
70.0001 995.227 0.025 0
70.0001 995.227 0.04 0
70.0001 995.227 0.0306748 0
70.0001 995.227 0.0555556 0
70.0001 995.227 0.0574713 0
59.2351 1612.46 0.115702 0
70.0001 995.227 0.0107527 0
70.0001 995.227 0.0306748 0
60.3631 161.512 0.0136986 1
10.6473 624.002 0.20098 1
0.0620537 644.388 0.0514019 1
181.776 459.952 0.405405 1
178.564 417.976 0.0347222 1
7.15487 969.393 0.159091 1
10.5929 1018.01 0.0869565 1
159.167 32.1082 0.0434783 1
11.1165 1032.07 0.0757576 1
15.189 1034.32 0.015544 1
153.847 82.165 0.0588235 1
123.902 1107.02 0.303371 1
65.1034 1329.55 0.261364 1
48.2926 1499.37 0.123077 1
73.4301 1502.74 0.0153846 1
59.4785 1493.02 0.0754717 1
15.7106 1495.06 0.0331492 1
53.2555 1483.7 0.0106383 1
37.2221 1535.26 0.065 1
24.9873 1517.52 0.00555556 1
14.9876 1517.66 0.129412 1
11.5325 1507.17 0.0443038 1
29.8168 1505.55 0.12766 1
44.4978 1508.05 0.0172414 1
11.334 1529.06 0.0765027 1
41.8689 1521.56 0.00740741 1
53.8785 1435.83 0.0733333 1
118.739 417.231 0.0353982 0
118.739 417.231 0.00699301 0
118.739 417.231 0.0921053 0
118.739 417.231 0.00966184 0
125.155 1511.55 0.015625 0
71.7099 216.607 0.050505 0
118.739 417.231 0.00606061 0
118.739 417.231 0.0921053 0
118.739 417.231 0.0206897 0
6.4152 1094.31 0.107527 1
47.1135 647.65 0.0430108 1
17.5097 1097.24 0.00819672 1
119.007 438.212 0.00966184 0
119.007 438.212 0.005 0
119.007 438.212 0.00662252 0
119.007 438.212 0.0264901 0
6.34966 901.737 0.00574713 1
118.976 442.326 0.0655738 0
118.976 442.326 0.213115 0
17.7863 1092.85 0.0458015 1
10.3806 1075.44 0.0128205 1
119.237 455.922 0.060241 0
34.9085 776.894 0.0642857 1
18.4756 1084.05 0.0684211 1
32.1997 717.749 0.023622 1
3.93854 1028.27 0.14433 1
52.7644 866.03 0.0550459 1
142.786 427.749 0.322034 1
14.8554 911.698 0.0130719 1
162.964 462.799 0.0512821 1
146.449 531.679 0.2125 1
3.6925 1128.62 0.032967 1
67.4658 542.779 0.030303 0
67.4658 542.779 0.104167 0
169.79 841.021 0.0107527 1
66.4673 379.198 0.373333 0
1.00526 1283.08 0.0149254 1
66.458 391.148 0.0555556 0
66.458 391.148 0.0574713 0
171.545 1129.88 0.0111732 1
5.46098 1318.43 0.0625 1
89.8875 868.129 0.0194805 1
8.58755 1375.41 0.00591716 1
65.8274 309.309 0.115702 0
62.3992 995.717 0.0181818 1
18.4959 1221.47 0.00684932 1
93.7026 418.573 0.136364 1
61.241 988.933 0.101266 1
2.0933 1367.53 0.0125 1
62.8741 157.087 0.322034 1
9.39154 1367.11 0.120301 1
28.2778 1249.22 0.216867 1
9.97324 1355.11 0.0513834 1
14.5979 1315.88 0.0625 1
103.362 1087.37 0.0441176 1
63.4593 1526.71 0.097561 1
79.6463 1509.53 0.00581395 1
24.5354 1502.76 0.0481928 1
8.78333 1489.6 0.015544 1
62.029 1523.36 0.0140187 1
44.298 1542.05 0.00990099 1
62.8297 1530.92 0.0106383 1
40.6932 1460.9 0.0350877 1
22.4868 1470.32 0.1 1
18.0159 1524.15 0.0179641 1
4.61366 1489.23 0.0549451 1
20.1447 1530.74 0.0100503 1
4.61603 1491.91 0.0939227 1
29.0775 1496.15 0.144737 1
116.048 200.157 0.0538922 0
4.68352 386.52 0.123596 0
130.314 1505.73 0.0127389 0
116.048 200.157 0.0206897 0
116.048 200.157 0.005 0
116.048 200.157 0.0162162 0
116.048 200.157 0.015625 0
116.048 200.157 0.0538922 0
116.048 200.157 0.0162162 0
111.365 186.363 0.0135135 1
14.5452 1336.14 0.314815 1
115.88 178.21 0.050505 0
22.3974 1368.16 0.0473373 1
130.04 515.277 0.146667 1
22.796 1378.63 0.0138249 1
0.0921326 1325.97 0.00990099 1
19.995 1357.96 0.0114286 1
116.777 376.738 0.4 1
12.8672 1347.25 0.167939 1
12.0723 1348.79 0.0617284 1
104.32 1043.36 0.00769231 1
8.57004 1352.88 0.0737327 1
162.139 467.325 0.0545455 1
185.908 1368.88 0.0813954 1
58.951 1033.53 0.0169492 1
63.182 1077.15 0.0364963 1
10.4821 1463.03 0.356322 1
169.242 1086.38 0.578947 1
185.808 1607.62 0.252747 1
19.309 1624.24 0.0481928 1
140.993 845.569 0.0243902 1
1.28283 1779.98 0.0310078 1
177.757 1772.16 0.016 1
17.3542 1751.22 0.0327869 1
11.9938 2018.82 0.110656 1
2.81709 1980.84 0.0542636 1
179.665 1861.82 0.197531 1
13.0835 2128.38 0.183908 1
16.3662 2162.73 0.166667 1
142.955 1021.97 0.015873 1
161.379 1937.52 0.00653595 1
2.21712 2181.67 0.0887574 1
136.159 386.606 0.0740741 1
137.124 1510.62 0.270833 1
43.0335 1498.63 0.107692 1
84.2285 1538.16 0.226804 1
46.5069 1502.05 0.0722433 1
63.7597 1548.97 0.0630252 1
31.7425 1529.78 0.268657 1
46.073 1551.17 0.118852 1
16.5525 1384.55 0.00787402 1
3.47585 1513.44 0.152381 1
30.4656 1556.22 0.0045045 1
47.9199 1530.91 0.0440252 1
39.6522 1547.4 0.0441989 1
109.452 709.538 0.037594 0
51.2849 1543.26 0.0752688 1
32.5782 1524.51 0.151515 1
109.311 708.524 0.170455 0
105.177 1215.98 0.0206186 0
109.311 708.524 0.123596 0
109.311 708.524 0.037594 0
109.311 708.524 0.170455 0
109.311 708.524 0.125926 0
109.311 708.524 0.0243902 0
109.311 708.524 0.0444444 0
4.13313 1924.5 0.189873 1
26.3383 2275.29 0.010582 1
109.596 686.267 0.125926 0
109.596 686.267 0.0416667 0
109.596 686.267 0.0127389 0
15.6567 2236.1 0.0677966 1
23.6151 2239.87 0.257426 1
27.5902 2231.54 0.0530973 1
27.9596 2222.42 0.326633 1
24.6341 2205.95 0.0171429 1
21.8824 2187.78 0.00740741 1
7.29866 2143.43 0.277487 1
171.576 2025.89 0.0111111 1
52.7835 1665.89 0.05 1
8.74568 2195.26 0.0409836 1
158.431 1620.93 0.225352 1
6.05128 2194.03 0.144 1
15.0281 2200.36 0.0588235 1
6.474 2168.13 0.235714 1
91.561 1753.49 0.0375 1
161.398 1807.15 0.0875 1
11.4167 2197.65 0.0639535 1
126.206 1038.56 0.0108696 1
179.284 2108.07 0.0454545 1
41.4608 2213.77 0.0192308 1
4.57879 2365.01 0.144068 1
143.715 1064.65 0.020202 1
97.7595 2151.07 0.043956 1
37.507 2316.09 0.0594059 1
14.9109 2437.44 0.0497238 1
39.1443 2041.8 0.00574713 1
4.11186 2342.12 0.00454545 1
44.926 1888.44 0.165289 1
13.4619 2282.36 0.237443 1
75.3181 1493.14 0.0567376 1
53.1033 1476.71 0.0182648 1
71.0636 1567.09 0.0792079 1
52.3429 1579.19 0.0850202 1
77.8289 1579.1 0.0384615 1
49.3705 1579.4 0.170213 1
66.603 1591.59 0.00458716 1
49.37 1559.75 0.117871 1
0.283447 1565.62 0.0509554 1
19.6171 1557.9 0.033557 1
12.714 1571.15 0.00510204 1
24.7475 1588.45 0.0744186 1
107.441 798.988 0.0243902 0
114.809 1518.53 0.00684932 0
52.2239 1517.53 0.00613497 1
68.2931 1382.24 0.034188 0
107.334 796.531 0.0444444 0
114.702 1520.99 0.0379747 0
107.334 796.531 0.00694444 0
21.9953 266.993 0.0517241 0
68.2931 1382.24 0.116279 0
125.367 1576.66 0.00448431 0
114.702 1520.99 0.00684932 0
114.702 1520.99 0.0379747 0
7.36802 2317.52 0.0294118 1
107.354 790.646 0.037594 0
129.349 1057.64 0.108108 1
38.962 2184.81 0.137931 1
18.1661 2378.3 0.309392 1
107.369 782.644 0.0206186 0
107.369 782.644 0.0416667 0
107.369 782.644 0.00694444 0
29.124 2383.16 0.462687 1
57.1043 1944.59 0.0545455 1
0.695992 2304.09 0.210084 1
142.343 1627.75 0.00943396 1
27.9148 2383.98 0.0621118 1
28.4598 2381.46 0.00362319 1
16.8892 2345.93 0.0325203 1
162.398 1923.59 0.00862069 1
33.0127 1799.84 0.0656934 1
29.0854 2369.92 0.0842105 1
2.89221 2257.88 0.005 1
173.449 2114.63 0.0520231 1
17.6505 2429.2 0.164122 1
2.65447 2392.61 0.18593 1
27.809 2172.11 0.0225564 1
43.6884 2037.3 0.00769231 1
180.074 2360.54 0.0155039 1
48.1729 2256.76 0.0660377 1
35.6901 2330.66 0.132353 1
16.7928 2547.41 0.0818182 1
100.913 2115.54 0.111111 1
9.45063 2529.4 0.0536913 1
58.1433 2138.27 0.0540541 1
15.537 2507.22 0.0188679 1
20.9911 2117.13 0.369565 1
0.37355 2448 0.029703 1
21.1726 2487.01 0.178571 1
13.2799 2443.2 0.00485437 1
163.679 1929.92 0.0620155 1
1.49385 2100.58 0.112676 1
94.5558 1569.89 0.147619 1
58.9307 1564.62 0.114407 1
33.6312 1575.78 0.0206186 1
41.8183 1589.77 0.197248 1
60.0974 1596.92 0.0921053 1
72.2312 1606.46 0.242775 1
58.521 1603.13 0.111588 1
30.931 1596.85 0.0132743 1
11.4236 1590.47 0.186529 1
8.72133 1589.76 0.118577 1
42.6385 1597.85 0.0353535 1
5.78085 1407.95 0.0212766 1
29.7723 1577.54 0.0271493 1
104.947 949.489 0.037594 0
127.368 1610.89 0.0324324 0
104.947 949.489 0.0517241 0
22.4208 2560.38 0.015873 1
105.064 938.786 0.034188 0
105.064 938.786 0.116279 0
30.4427 2560.8 0.00775194 1
105.317 925.152 0.00448431 0
29.2848 2546.43 0.0135747 1
15.9042 2529.4 0.0271739 1
30.5139 2531.77 0.0136054 1
29.5866 2515.11 0.0585106 1
44.7717 1911.28 0.0402685 1
26.0588 2513.82 0.0273973 1
18.9671 2499.65 0.297872 1
161.516 1829.18 0.0466667 1
31.4201 2108.7 0.0897436 1
135.117 758.043 0.00636943 1
12.0771 2525.1 0.0247934 1
76.4681 2024.42 0.0431034 1
176.841 2408.85 0.0137931 1
9.05682 2640.1 0.157895 1
146.249 1726.6 0.0363636 1
18.6291 2651.37 0.0487805 1
2.11098 2578.69 0.0108696 1
5.10719 2597.77 0.164286 1
6.20941 2513.71 0.169697 1
4.07104 2525.95 0.168919 1
169.832 2488.44 0.289157 1
23.8943 2632.25 0.0192308 1
5.88367 2681.83 0.108374 1
46.956 2407.23 0.00666667 1
95.4839 2095.42 0.0224719 1
167.805 2579.56 0.0487805 1
27.6951 2640.51 0.238095 1
20.4791 2851.85 0.161905 1
10.0721 2735.04 0.00617284 1
51.1569 2553.98 0.0421053 1
28.702 1060.15 0.0991736 1
136.586 1601.75 0.154545 1
78.821 1563.7 0.0125786 1
61.1508 1600.48 0.0216216 1
84.5986 1624.32 0.0808081 1
79.9383 1634.13 0.185714 1
72.8963 1645.9 0.100962 1
67.6911 1651.14 0.00520833 1
48.9128 1661.73 0.00892857 1
49.6008 1582.13 0.0180723 1
4.8338 1617.99 0.00429185 1
32.1643 1644.21 0.0126582 1
45.4216 1657.7 0.0305677 1
61.3556 1643.28 0.014218 1
101.499 1160.02 0.0324324 0
14.7996 2493.93 0.0896552 1
30.9958 2836.66 0.365 1
8.86 2778.45 0.00671141 1
29.6291 2820.95 0.00574713 1
26.2812 2812.49 0.134259 1
39.101 2176.09 0.0625 1
149.554 1883.89 0.0121951 1
14.6025 2716.26 0.00666667 1
14.228 2776.75 0.0414747 1
27.6107 2798.04 0.00796813 1
155.68 1967.79 0.456522 1
30.9655 2803.27 0.0571429 1
15.9815 2769.82 0.135135 1
61.5921 2244.59 0.03125 1
13.0633 2751.86 0.010101 1
23.5202 2759.55 0.056962 1
45.7486 2155.03 0.0378788 1
6.38052 2713.76 0.0745614 1
8.8019 2705.89 0.105263 1
176.193 2620.71 0.0413223 1
57.5847 2355.4 0.0703125 1
14.9391 2831.18 0.021645 1
57.7747 2470.25 0.0263158 1
176.241 2751.46 0.0344828 1
10.3382 2921.59 0.253521 1
5.17938 2944.97 0.368 1
18.3168 2947.39 0.168317 1
134.422 1735.38 0.0390625 1
176.496 2927.84 0.0125 1
43.464 2889.77 0.111111 1
13.0303 3134.11 0.290076 1
135.056 2083.08 0.0223881 1
12.5305 3144.85 0.203125 1
161.957 2843.34 0.246377 1
125.455 1446.32 0.0330578 1
74.4081 1658.85 0.321429 1
91.3394 1685.85 0.0223464 1
40.3967 1678.09 0.0107527 1
66.5878 1664.25 0.0864198 1
53.674 1698.85 0.00478469 1
35.0071 1686.63 0.0697674 1
17.5418 1689.07 0.00502513 1
14.0045 1593.45 0.00632911 1
7.93636 1630.13 0.144828 1
63.3856 1666.05 0.00704225 1
21.3659 1659.92 0.113821 1
79.2192 1643.74 0.0342466 1
25.3884 1658.79 0.0157895 1
117.486 1691.88 0.00444444 0
138.803 2213.42 0.301887 1
19.8107 3227.91 0.0551181 1
28.635 3227.11 0.049505 1
34.8361 3229.49 0.021164 1
36.0068 3206.55 0.00617284 1
26.2282 3198.27 0.428571 1
33.1989 3196.47 0.0206897 1
34.6203 3187.99 0.00636943 1
36.5262 3161.8 0.123596 1
0.833694 3090.46 0.0615385 1
30.8627 3157.36 0.0512821 1
25.6288 3149.69 0.0915493 1
10.9902 3106.58 0.237288 1
169.079 2939.01 0.0350877 1
2.39849 3086.02 0.0275862 1
127.309 2222.61 0.0895522 1
175.007 3176.14 0.0963855 1
10.5838 3150.77 0.00591716 1
18.8371 3249.98 0.0792453 1
123.41 2242.61 0.0535714 1
43.9839 3028.4 0.103896 1
8.3906 2996.23 0.252101 1
168.436 3112.28 0.116279 1
8.90041 3277.96 0.0165289 1
137.851 2267.86 0.0744681 1
6.96687 3268.42 0.134529 1
175.685 3306.5 0.0535714 1
56.2547 2977.13 0.188235 1
0.741905 3414.27 0.0238095 1
12.3901 3424.29 0.0391061 1
4.69114 3288.26 0.06875 1
170.985 3392.48 0.0857143 1
8.74142 3505.44 0.00595238 1
25.6087 3529.24 0.0252101 1
15.7593 3488.48 0.0877193 1
153.224 3136.27 0.294118 1
99.1147 1638.09 0.0948905 1
86.4486 1683 0.00621118 1
68.3746 1710.05 0.0401606 1
83.9476 1731.05 0.0869565 1
23.4359 1727.43 0.651163 1
47.6133 1740.47 0.0787402 1
63.8841 1725.71 0.0801688 1
7.45715 1712.63 0.0242424 1
37.231 1728.56 0.0152672 1
43.6917 1725.06 0.264865 1
54.9173 1742.64 0.0362694 1
9.15985 1346.87 0.0884956 1
94.3133 1835.26 0.0326797 0
121.177 1761.22 0.0566038 0
94.3133 1835.26 0.0101523 0
26.8076 1695.92 0.116071 1
103.841 1710.32 0.0252101 0
94.323 1835.61 0.00444444 0
94.323 1835.61 0.0326797 0
94.323 1835.61 0.0101523 0
26.8637 3596.48 0.204678 1
29.4601 3592.01 0.0694444 1
30.5252 3581.04 0.0461538 1
17.4621 3518.01 0.00757576 1
37.7414 3576.3 0.0871795 1
28.6785 3543.5 0.0314136 1
143.717 2759.58 0.0892857 1
51.2642 3231.09 0.190476 1
104.501 1476.45 0.0454545 1
12.3477 3524.97 0.0271739 1
161.096 3116.35 0.0102041 1
138.473 2567.71 0.0075188 1
44.5574 3188.16 0.00740741 1
24.2627 3598.29 0.00416667 1
13.6808 3566.85 0.146789 1
5.37145 3463.26 0.0208333 1
13.9103 3563.78 0.151659 1
21.7234 3567.76 0.0259067 1
11.9744 3555.81 0.119266 1
38.1346 3383.25 0.0120482 1
100.966 3322.11 0.326531 1
27.2354 3533.13 0.00621118 1
12.6572 3515.33 0.121212 1
135.21 3193.8 0.0108696 1
49.2626 3390.11 0.0227273 1
13.5623 3518.38 0.04 1
29.0712 3521.1 0.012987 1
2.63683 3310.26 0.398305 1
105.545 3009.66 0.0638298 1
47.2338 3265.87 0.0625 1
30.6522 3503.92 0.0670391 1
17.7156 3419.77 0.0191083 1
126.081 3066.48 0.284091 1
124.471 1657.48 0.0647482 1
57.6791 1709.73 0.080402 1
82.5814 1758.22 0.036 1
77.2943 1774.02 0.0848485 1
72.4852 1752.67 0.00641026 1
33.4251 1768.33 0.0350877 1
49.1576 1770.94 0.131034 1
19.2161 1767.22 0.143617 1
5.93857 1643.27 0.00588235 1
65.3437 1771.35 0.574766 1
41.9498 1499.6 0.00515464 1
103.063 1739.65 0.0252101 0
103.063 1739.65 0.0126582 0
9.01006 3443.29 0.0151515 1
94.0604 1701.01 0.103093 0
40.8044 1434.53 0.209677 1
30.512 3485.73 0.123077 1
16.7894 3464.08 0.0571429 1
94.1272 1691.06 0.0126582 0
94.1272 1691.06 0.0506329 0
94.1272 1691.06 0.0229885 0
94.1272 1691.06 0.0566038 0
94.1272 1691.06 0.0078125 0
36.6344 3434.06 0.0177515 1
53.16 3104.87 0.056 1
4.36294 3321.46 0.016 1
141.444 2595.3 0.0166667 1
33.4098 3470.39 0.159794 1
35.8469 3463.01 0.165746 1
5.04194 3357.07 0.0909091 1
18.4695 3420.96 0.16185 1
32.4656 3446.17 0.0106952 1
23.5405 3404.57 0.0730337 1
35.5841 2991.83 0.170732 1
58.8397 3017.46 0.031746 1
15.0013 3407.71 0.0490196 1
26.0697 3408.07 0.0451128 1
45.2328 3007.6 0.160714 1
166.632 3178.02 0.0181818 1
16.6814 3116.29 0.0615385 1
23.6152 3418.86 0.165714 1
2.44739 3372.28 0.017094 1
173.649 3413.94 0.0704225 1
38.492 3247.46 0.0175439 1
3.53732 3427.03 0.428571 1
24.8086 3497.12 0.21229 1
17.575 3278.87 0.242718 1
173.463 3492.65 0.113636 1
9.22765 3601.5 0.0888889 1
22.9403 3616.91 0.0721154 1
8.34722 3493.21 0.00571429 1
162.95 3486.29 0.03125 1
15.1678 3625.04 0.0285714 1
80.5934 3298.2 0.0806452 1
26.4981 3621.14 0.134021 1
13.9594 3551.96 0.0111732 1
130.313 1748.94 0.259259 1
102.838 1780.19 0.218182 1
90.5623 1793.67 0.0146341 1
69.7467 1835.78 0.262821 1
54.1548 1825.69 0.00460829 1
78.2023 1823.1 0.005 1
67.1827 1831.49 0.042735 1
56.9752 1857.36 0.0291667 1
39.3644 1829.44 0.0506329 1
20.6113 1750.35 0.00714286 1
69.6477 1832.83 0.0179641 1
53.1873 1816.31 0.114865 1
9.26888 1791.86 0.0138889 1
91.3489 1748.28 0.103093 0
91.3489 1748.28 0.0078125 0
91.3489 1748.28 0.0824742 0
91.3489 1748.28 0.0121212 0
91.3489 1748.28 0.047619 0
115.646 1867.62 0.0472973 0
127.003 1871.15 0.00649351 0
91.3489 1748.28 0.0506329 0
91.3489 1748.28 0.0824742 0
24.2975 3615.9 0.0530973 1
35.5877 3611.11 0.0420168 1
91.5318 1732.3 0.0121212 0
38.0406 3606.14 0.0112994 1
91.8247 1715.58 0.0229885 0
91.8247 1715.58 0.047619 0
35.0203 3385.73 0.137778 1
25.8386 3562.78 0.0119048 1
36.9699 3576.14 0.0666667 1
37.9502 3567.41 0.0655022 1
28.0026 3518.29 0.00625 1
22.5403 3507.03 0.0191083 1
35.9997 3539.42 0.132948 1
22.9816 3505.1 0.0120482 1
8.05743 3252.41 0.0361446 1
15.5348 3250.3 0.0752688 1
173.115 3464.21 0.170213 1
30.38 3588.77 0.00641026 1
10.4799 3556.37 0.111111 1
147.884 2958.64 0.028169 1
141.574 2751.72 0.0714286 1
32.0147 3595.71 0.00704225 1
19.3669 3573.11 0.0314465 1
117.24 3366.19 0.112676 1
11.6714 3552.34 0.0519481 1
20.2407 3551.91 0.01875 1
6.01864 3441.76 0.162338 1
93.2172 3239.12 0.0769231 1
41.1795 3255.65 0.030303 1
22.8723 3534.67 0.0973451 1
125.468 2503.9 0.0606061 1
37.4766 3192.53 0.187919 1
171.108 3514.44 0.0139535 1
21.6487 3406.09 0.0275229 1
140.169 2551.39 0.032 1
65.5328 1812.82 0.0704225 1
99.8682 1846.75 0.0740741 1
82.8525 1861.03 0.0837209 1
103.313 1888.25 0.034749 1
92.2543 1890.33 0.0630631 1
63.6731 1921.73 0.078125 1
61.5649 1910.54 0.0489796 1
79.2755 1911.59 0.0981308 1
55.4083 1823.63 0.00380228 1
42.8314 1891.9 0.0591398 1
83.628 1921.99 0.017341 1
64.6819 1826.99 0.0309735 1
31.2675 1903.21 0.0325581 1
83.1375 1655.57 0.0769231 0
116.179 1934.73 0.00584795 0
89.8853 1723.79 0.0472973 0
89.8853 1723.79 0.0248756 0
6.7478 3379.36 0.00884956 1
26.298 3656.35 0.155556 1
89.9484 1714.02 0.00649351 0
37.3346 3669.99 0.027027 1
38.7559 3648.63 0.172043 1
26.9821 3622.31 0.0490798 1
5.74958 3422.96 0.422222 1
34.9929 3601.12 0.0887097 1
37.474 3634.57 0.147929 1
3.68993 3532.22 0.00515464 1
30.3372 3445.08 0.12963 1
164.562 3270.08 0.010101 1
36.0936 3617.47 0.125 1
28.6331 3602.56 0.128 1
12.5626 3541.64 0.0273973 1
138.774 2468.63 0.0425532 1
4.71553 3440.13 0.0129032 1
33.5923 3594.4 0.226891 1
15.6501 3555.75 0.0714286 1
172.662 3499.7 0.0545455 1
87.71 2402.25 0.285714 1
21.0711 3593.43 0.041958 1
94.5005 3038.99 0.021978 1
8.8624 3586.58 0.168067 1
173.412 3651.16 0.325301 1
28.3352 3427.03 0.0298507 1
6.39259 3691.39 0.134831 1
140.985 2848.09 0.0939597 1
46.1882 3297.47 0.176829 1
169.163 3601.94 0.04 1
7.84725 3800.01 0.0235294 1
77.8102 3528.36 0.0147059 1
17.8281 3843.11 0.164444 1
13.714 3749.75 0.0227273 1
152.299 3671.36 0.193717 1
4.12849 3667.4 0.0116959 1
34.6721 3899.84 0.0173913 1
23.2505 3679.59 0.127451 1
121.179 1903.76 0.13986 1
111.873 1961.42 0.115385 1
106.875 1982.19 0.0228571 1
93.7067 1991.86 0.283784 1
77.4013 1962.86 0.0114286 1
40.4089 1956.3 0.02 1
76.3042 1952.54 0.254464 1
78.287 1996.46 0.0336538 1
52.2422 1891.15 0.186335 1
5.93588 1865.54 0.00591716 1
58.4074 1844.44 0.0484848 1
87.1758 1832.92 0.0931677 0
87.1758 1832.92 0.00438596 0
43.7857 1456.16 0.0852273 0
87.1758 1832.92 0.0248756 0
87.1758 1832.92 0.0769231 0
87.1758 1832.92 0.0931677 0
87.1758 1832.92 0.0185185 0
22.0439 3835.16 0.128571 1
131.015 3280.89 0.194805 1
93.5863 2164.75 0.0327869 1
28.0573 3807.2 0.1 1
87.0284 1843.86 0.00584795 0
87.0284 1843.86 0.00438596 0
32.1656 3860.71 0.0336134 1
2.22024 3647.72 0.0463576 1
116.089 2002.03 0.0147059 1
21.5294 3870.19 0.0424242 1
15.0907 3817.58 0.388489 1
124.867 2957.96 0.00892857 1
30.7463 3506.26 0.00740741 1
22.7693 3796.5 0.0344828 1
31.7956 3844.4 0.214286 1
6.80361 3615.82 0.0410959 1
22.5685 3766.43 0.0124224 1
94.5449 1667.1 0.0178571 1
30.0382 3815.03 0.0584416 1
19.7597 3258.28 0.12782 1
156.757 3227.37 0.0677966 1
22.1545 3806.95 0.0197368 1
3.34844 3619.81 0.0130719 1
27.4676 3795.3 0.0666667 1
19.1235 3560.51 0.180952 1
162.631 2680.07 0.101266 1
17.2298 3831.76 0.352381 1
28.2635 3844.74 0.00934579 1
10.6328 3675.13 0.0309278 1
145.787 1453.99 0.11236 1
57.1519 3538.5 0.166667 1
2.60044 3701.41 0.110092 1
28.2547 3892.98 0.274611 1
3.92383 2106.76 0.0326087 1
132.329 3608.94 0.019802 1
0.820839 3425.29 0.0194175 1
22.3897 3880.88 0.00653595 1
21.1036 2142.1 0.13913 1
86.4944 1855.45 0.0185185 0
86.4944 1855.45 0.0862069 0
86.4944 1855.45 0.0325203 0
86.4944 1855.45 0.0862069 0
86.4944 1855.45 0.0852273 0
86.4944 1855.45 0.0325203 0
67.4302 1471.53 0.107345 0
67.4302 1471.53 0.0197368 0
67.4302 1471.53 0.0155039 0
67.4302 1471.53 0.057971 0
67.4302 1471.53 0.0707965 0
67.4302 1471.53 0.0111111 0
67.4302 1471.53 0.107345 0
67.4302 1471.53 0.057971 0
67.4302 1471.53 0.025 0
67.4302 1471.53 0.0197368 0
67.4302 1471.53 0.0707965 0
67.4302 1471.53 0.037037 0
67.4302 1471.53 0.0461538 0
67.4302 1471.53 0.0457143 0
67.4302 1471.53 0.00571429 0
67.4302 1471.53 0.0461538 0
67.4302 1471.53 0.0178571 0
67.4302 1471.53 0.0457143 0
67.4302 1471.53 0.025 0
67.4302 1471.53 0.037037 0
67.4302 1471.53 0.0253165 0
67.4302 1471.53 0.0155039 0
67.4302 1471.53 0.0111111 0
67.4302 1471.53 0.0285714 0
67.4302 1471.53 0.0789474 0
67.4302 1471.53 0.0178571 0
67.4302 1471.53 0.0187793 0
67.4302 1471.53 0.183673 0
67.4302 1471.53 0.0301508 0
67.4302 1471.53 0.00571429 0
67.4302 1471.53 0.0187793 0
75.2966 971.746 0.0239521 0
75.2966 971.746 0.0230769 0
67.4302 1471.53 0.0285714 0
67.4302 1471.53 0.00396825 0
67.4302 1471.53 0.0253165 0
67.4302 1471.53 0.0789474 0
67.4302 1471.53 0.0588235 0
67.4302 1471.53 0.00396825 0
67.4302 1471.53 0.0588235 0
67.4302 1471.53 0.0123457 0
67.4302 1471.53 0.0078125 0
67.4302 1471.53 0.0277778 0
67.4302 1471.53 0.0849057 0
67.4302 1471.53 0.183673 0
67.4302 1471.53 0.0123457 0
67.4302 1471.53 0.0301508 0
75.2966 971.746 0.00657895 0
75.2966 971.746 0.0265487 0
75.2966 971.746 0.0582524 0
75.2966 971.746 0.0707071 0
75.2966 971.746 0.0463576 0
75.2966 971.746 0.0239521 0
75.2966 971.746 0.0230769 0
75.2966 971.746 0.0707071 0
75.2966 971.746 0.0291971 0
75.2966 971.746 0.127119 0
75.2966 971.746 0.0291971 0
75.2966 971.746 0.010582 0
75.2966 971.746 0.0923077 0
67.4302 1471.53 0.0078125 0
67.4302 1471.53 0.0277778 0
67.4302 1471.53 0.0849057 0
75.2966 971.746 0.0242424 0
75.2966 971.746 0.0275862 0
75.2966 971.746 0.0202703 0
75.2966 971.746 0.0178571 0
75.2966 971.746 0.0538462 0
75.2966 971.746 0.0645161 0
75.2966 971.746 0.0740741 0
75.2966 971.746 0.0212766 0
75.2966 971.746 0.0925926 0
75.2966 971.746 0.0740741 0
75.2966 971.746 0.0588235 0
75.2966 971.746 0.147059 0
75.2966 971.746 0.0588235 0
75.2966 971.746 0.122642 0
75.2966 971.746 0.0135135 0
75.2966 971.746 0.0882353 0
75.2966 971.746 0.0540541 0
75.2966 971.746 0.00657895 0
75.2966 971.746 0.0582524 0
75.2966 971.746 0.122642 0
75.2966 971.746 0.158537 0
75.2966 971.746 0.158537 0
75.2966 971.746 0.319444 0
75.2966 971.746 0.016129 0
75.2966 971.746 0.0229885 0
75.2966 971.746 0.130435 0
75.2966 971.746 0.020979 0
75.2966 971.746 0.0265487 0
75.2966 971.746 0.319444 0
75.2966 971.746 0.037037 0
75.2966 971.746 0.127119 0
75.2966 971.746 0.037037 0
75.2966 971.746 0.0117647 0
75.2966 971.746 0.0234375 0
75.2966 971.746 0.00558659 0
75.2966 971.746 0.0463576 0
75.2966 971.746 0.010582 0
75.2966 971.746 0.0117647 0
75.2966 971.746 0.0923077 0
75.2966 971.746 0.0333333 0
75.2966 971.746 0.0333333 0
75.2966 971.746 0.00546448 0
75.2966 971.746 0.020979 0
75.2966 971.746 0.0594059 0
75.2966 971.746 0.307692 0
75.2966 971.746 0.025641 0
75.2966 971.746 0.263158 0
75.2966 971.746 0.0540541 0
75.2966 971.746 0.12 0
75.2966 971.746 0.0180723 0
75.2966 971.746 0.227273 0
75.2966 971.746 0.0714286 0
75.2966 971.746 0.0208333 0
75.2966 971.746 0.100917 0
75.2966 971.746 0.0242424 0
75.2966 971.746 0.0275862 0
75.2966 971.746 0.227273 0
75.2966 971.746 0.0243902 0
75.2966 971.746 0.0243902 0
75.2966 971.746 0.103175 0
75.2966 971.746 0.00558659 0
75.2966 971.746 0.0138889 0
75.2966 971.746 0.0347222 0
75.2966 971.746 0.011976 0
75.2966 971.746 0.0202703 0
75.2966 971.746 0.0178571 0
75.2966 971.746 0.0538462 0
75.2966 971.746 0.103175 0
75.2966 971.746 0.0631579 0
75.2966 971.746 0.0454545 0
75.2966 971.746 0.018018 0
75.2966 971.746 0.302632 0
75.2966 971.746 0.0482759 0
75.2966 971.746 0.0645161 0
75.2966 971.746 0.0212766 0
75.2966 971.746 0.0631579 0
75.2966 971.746 0.049505 0
75.2966 971.746 0.147059 0
75.2966 971.746 0.049505 0
75.2966 971.746 0.0175439 0
75.2966 971.746 0.308824 0
75.2966 971.746 0.0365854 0
75.2966 971.746 0.00662252 0
75.2966 971.746 0.113636 0
75.2966 971.746 0.0405405 0
75.2966 971.746 0.0135135 0
75.2966 971.746 0.0175439 0
131.101 2529.83 0.0258621 0
75.2966 971.746 0.0925926 0
75.2966 971.746 0.0882353 0
75.2966 971.746 0.308824 0
131.101 2529.83 0.0285714 0
75.2966 971.746 0.0540541 0
75.2966 971.746 0.016129 0
131.101 2529.83 0.00862069 0
75.2966 971.746 0.0229885 0
131.101 2529.83 0.0120482 0
75.2966 971.746 0.130435 0
75.2966 971.746 0.0234375 0
75.2966 971.746 0.020979 0
75.2966 971.746 0.00558659 0
75.2966 971.746 0.00546448 0
75.2966 971.746 0.00552486 0
75.2966 971.746 0.0243902 0
75.2966 971.746 0.020979 0
75.2966 971.746 0.0070922 0
75.2966 971.746 0.274194 0
75.2966 971.746 0.0650406 0
75.2966 971.746 0.00552486 0
75.2966 971.746 0.0070922 0
75.2966 971.746 0.0347826 0
75.2966 971.746 0.125 0
75.2966 971.746 0.00552486 0
75.2966 971.746 0.0594059 0
75.2966 971.746 0.0347826 0
75.2966 971.746 0.15 0
75.2966 971.746 0.025 0
75.2966 971.746 0.15 0
75.2966 971.746 0.04 0
75.2966 971.746 0.031746 0
75.2966 971.746 0.0294118 0
75.2966 971.746 0.00961538 0
75.2966 971.746 0.0128205 0
75.2966 971.746 0.307692 0
75.2966 971.746 0.025641 0
75.2966 971.746 0.04 0
75.2966 971.746 0.263158 0
75.2966 971.746 0.12 0
75.2966 971.746 0.0540541 0
75.2966 971.746 0.0180723 0
75.2966 971.746 0.0714286 0
75.2966 971.746 0.0208333 0
75.2966 971.746 0.00558659 0
124.244 1583.7 0.0181818 0
75.2966 971.746 0.100917 0
75.2966 971.746 0.0138889 0
124.244 1583.7 0.0266667 0
75.2966 971.746 0.0347222 0
75.2966 971.746 0.0454545 0
124.244 1583.7 0.0666667 0
75.2966 971.746 0.011976 0
75.2966 971.746 0.018018 0
124.244 1583.7 0.0408163 0
75.2966 971.746 0.302632 0
75.2966 971.746 0.0365854 0
75.2966 971.746 0.0482759 0
75.2966 971.746 0.00662252 0
75.2966 971.746 0.113636 0
131.101 2529.83 0.0666667 0
75.2966 971.746 0.0405405 0
131.101 2529.83 0.0266667 0
131.101 2529.83 0.0258621 0
131.101 2529.83 0.0285714 0
131.101 2529.83 0.00862069 0
131.101 2529.83 0.0120482 0
131.101 2529.83 0.0666667 0
131.101 2529.83 0.0266667 0
131.101 2529.83 0.0117647 0
131.101 2529.83 0.341176 0
131.101 2529.83 0.0227273 0
75.2966 971.746 0.00512821 0
75.2966 971.746 0.0134228 0
75.2966 971.746 0.0243902 0
75.2966 971.746 0.274194 0
75.2966 971.746 0.00512821 0
75.2966 971.746 0.0134228 0
75.2966 971.746 0.0650406 0
75.2966 971.746 0.12844 0
75.2966 971.746 0.0169492 0
75.2966 971.746 0.025 0
75.2966 971.746 0.17094 0
75.2966 971.746 0.016129 0
75.2966 971.746 0.0614035 0
75.2966 971.746 0.125 0
75.2966 971.746 0.0169492 0
75.2966 971.746 0.17094 0
75.2966 971.746 0.0152672 0
75.2966 971.746 0.00552486 0
75.2966 971.746 0.031746 0
75.2966 971.746 0.016129 0
75.2966 971.746 0.0294118 0
75.2966 971.746 0.00961538 0
75.2966 971.746 0.0128205 0
124.244 1583.7 0.00862069 0
124.244 1583.7 0.106557 0
124.244 1583.7 0.0181818 0
124.244 1583.7 0.0266667 0
124.244 1583.7 0.0666667 0
124.244 1583.7 0.0408163 0
124.244 1583.7 0.00862069 0
124.244 1583.7 0.106557 0
124.244 1583.7 0.0305344 0
124.244 1583.7 0.0136054 0
124.244 1583.7 0.00632911 0
124.244 1583.7 0.0305344 0
131.101 2529.83 0.0117647 0
131.101 2529.83 0.341176 0
131.101 2529.83 0.0227273 0
75.2966 971.746 0.12844 0
75.2966 971.746 0.0238095 0
75.2966 971.746 0.0238095 0
75.2966 971.746 0.108108 0
75.2966 971.746 0.00909091 0
75.2966 971.746 0.0152672 0
75.2966 971.746 0.0614035 0
75.2966 971.746 0.00909091 0
75.2966 971.746 0.0350877 0
75.2966 971.746 0.0155039 0
124.244 1583.7 0.0136054 0
124.244 1583.7 0.00632911 0
75.2966 971.746 0.0496454 0
75.2966 971.746 0.108108 0
75.2966 971.746 0.0220994 0
75.2966 971.746 0.0340136 0
75.2966 971.746 0.0220994 0
75.2966 971.746 0.0145985 0
75.2966 971.746 0.0350877 0
75.2966 971.746 0.0155039 0
75.2966 971.746 0.00534759 0
75.2966 971.746 0.00534759 0
75.2966 971.746 0.0603448 0
75.2966 971.746 0.043956 0
75.2966 971.746 0.0421053 0
75.2966 971.746 0.0377358 0
75.2966 971.746 0.0756303 0
75.2966 971.746 0.024 0
75.2966 971.746 0.0189873 0
75.2966 971.746 0.0496454 0
75.2966 971.746 0.0756303 0
75.2966 971.746 0.0909091 0
75.2966 971.746 0.0185185 0
75.2966 971.746 0.0340136 0
75.2966 971.746 0.0145985 0
75.2966 971.746 0.0909091 0
75.2966 971.746 0.0285714 0
75.2966 971.746 0.10084 0
75.2966 971.746 0.0661765 0
75.2966 971.746 0.0603448 0
75.2966 971.746 0.00740741 0
75.2966 971.746 0.180851 0
75.2966 971.746 0.00740741 0
75.2966 971.746 0.0141509 0
75.2966 971.746 0.0102041 0
75.2966 971.746 0.0487805 0
75.2966 971.746 0.0694444 0
75.2966 971.746 0.0519481 0
75.2966 971.746 0.010989 0
75.2966 971.746 0.0540541 0
75.2966 971.746 0.0576923 0
75.2966 971.746 0.015873 0
75.2966 971.746 0.043956 0
75.2966 971.746 0.0421053 0
75.2966 971.746 0.0576923 0
75.2966 971.746 0.0377358 0
75.2966 971.746 0.024 0
75.2966 971.746 0.015873 0
75.2966 971.746 0.0185185 0
75.2966 971.746 0.0561798 0
75.2966 971.746 0.0189873 0
75.2966 971.746 0.0285714 0
75.2966 971.746 0.10084 0
75.2966 971.746 0.0661765 0
75.2966 971.746 0.0232558 0
75.2966 971.746 0.0141509 0
75.2966 971.746 0.0350877 0
75.2966 971.746 0.0204082 0
75.2966 971.746 0.0452489 0
75.2966 971.746 0.180851 0
75.2966 971.746 0.0232558 0
75.2966 971.746 0.0350877 0
36.8106 1340.4 0.0181818 0
36.8106 1340.4 0.015748 0
36.8106 1340.4 0.025641 0
36.8106 1340.4 0.00746269 0
36.8106 1340.4 0.0617284 0
36.8106 1340.4 0.0204082 0
75.2966 971.746 0.0648148 0
75.2966 971.746 0.0753425 0
36.8106 1340.4 0.0666667 0
75.2966 971.746 0.0674157 0
75.2966 971.746 0.0344828 0
75.2966 971.746 0.010989 0
75.2966 971.746 0.0232558 0
75.2966 971.746 0.0277778 0
75.2966 971.746 0.0674157 0
38.486 368.656 0.0581395 0
75.2966 971.746 0.0102041 0
75.2966 971.746 0.0344828 0
75.2966 971.746 0.0487805 0
75.2966 971.746 0.0694444 0
75.2966 971.746 0.0519481 0
75.2966 971.746 0.010989 0
75.2966 971.746 0.0540541 0
75.2966 971.746 0.0561798 0
75.2966 971.746 0.0135135 0
75.2966 971.746 0.0620155 0
75.2966 971.746 0.0394089 0
75.2966 971.746 0.0251256 0
75.2966 971.746 0.0135135 0
75.2966 971.746 0.00694444 0
75.2966 971.746 0.0204082 0
75.2966 971.746 0.0620155 0
75.2966 971.746 0.144 0
36.8106 1340.4 0.0902256 0
75.2966 971.746 0.0452489 0
75.2966 971.746 0.0394089 0
75.2966 971.746 0.00502513 0
36.8106 1340.4 0.00632911 0
36.8106 1340.4 0.049505 0
36.8106 1340.4 0.0212766 0
36.8106 1340.4 0.00793651 0
36.8106 1340.4 0.0126582 0
36.8106 1340.4 0.0116279 0
36.8106 1340.4 0.0352941 0
36.8106 1340.4 0.0511364 0
36.8106 1340.4 0.00671141 0
36.8106 1340.4 0.0192308 0
36.8106 1340.4 0.00961538 0
36.8106 1340.4 0.0116279 0
36.8106 1340.4 0.0283019 0
36.8106 1340.4 0.0707965 0
36.8106 1340.4 0.00546448 0
36.8106 1340.4 0.00961538 0
36.8106 1340.4 0.0181818 0
36.8106 1340.4 0.025641 0
36.8106 1340.4 0.0617284 0
36.8106 1340.4 0.0116279 0
38.486 368.656 0.0722892 0
36.8106 1340.4 0.015748 0
36.8106 1340.4 0.00746269 0
36.8106 1340.4 0.0204082 0
38.486 368.656 0.13 0
75.2966 971.746 0.0648148 0
75.2966 971.746 0.010989 0
38.486 368.656 0.125 0
38.486 368.656 0.025 0
75.2966 971.746 0.0753425 0
75.2966 971.746 0.0232558 0
38.486 368.656 0.325397 0
38.486 368.656 0.0506329 0
38.486 368.656 0.026087 0
36.8106 1340.4 0.0666667 0
38.486 368.656 0.0581395 0
38.486 368.656 0.125 0
38.486 368.656 0.325397 0
38.486 368.656 0.0169492 0
38.486 368.656 0.0458716 0
38.486 368.656 0.0775194 0
75.2966 971.746 0.0277778 0
38.486 368.656 0.0169492 0
38.486 368.656 0.0120482 0
86.4944 1855.45 0.0340136 0
86.4944 1855.45 0.143885 0
75.2966 971.746 0.00694444 0
75.2966 971.746 0.144 0
75.2966 971.746 0.00502513 0
38.486 368.656 0.0215054 0
75.2966 971.746 0.0102564 0
38.486 368.656 0.00719424 0
36.8106 1340.4 0.0902256 0
36.8106 1340.4 0.00632911 0
38.486 368.656 0.0215054 0
36.8106 1340.4 0.0394089 0
36.8106 1340.4 0.0342466 0
38.486 368.656 0.0925926 0
38.486 368.656 0.055 0
75.2966 971.746 0.0251256 0
75.2966 971.746 0.0102564 0
36.8106 1340.4 0.0394089 0
75.2966 971.746 0.00478469 0
36.8106 1340.4 0.0192308 0
36.8106 1340.4 0.0114943 0
36.8106 1340.4 0.0342466 0
36.8106 1340.4 0.011236 0
36.8106 1340.4 0.020202 0
36.8106 1340.4 0.017094 0
36.8106 1340.4 0.0126582 0
36.8106 1340.4 0.0143885 0
36.8106 1340.4 0.049505 0
36.8106 1340.4 0.0212766 0
36.8106 1340.4 0.0116279 0
36.8106 1340.4 0.011236 0
36.8106 1340.4 0.0126582 0
36.8106 1340.4 0.00793651 0
36.8106 1340.4 0.0352941 0
36.8106 1340.4 0.0126582 0
36.8106 1340.4 0.0511364 0
36.8106 1340.4 0.00671141 0
36.8106 1340.4 0.0283019 0
36.8106 1340.4 0.0192308 0
36.8106 1340.4 0.0707965 0
36.8106 1340.4 0.00546448 0
38.486 368.656 0.00555556 0
38.486 368.656 0.025 0
38.486 368.656 0.0506329 0
38.486 368.656 0.070922 0
38.486 368.656 0.0722892 0
38.486 368.656 0.13 0
38.486 368.656 0.0458716 0
38.486 368.656 0.00555556 0
38.486 368.656 0.070922 0
38.486 368.656 0.0102041 0
38.486 368.656 0.0390625 0
38.486 368.656 0.026087 0
38.486 368.656 0.0120482 0
38.486 368.656 0.0102041 0
38.486 368.656 0.0775194 0
38.486 368.656 0.00564972 0
38.486 368.656 0.0666667 0
38.486 368.656 0.0738636 0
86.4944 1855.45 0.0186916 0
86.4944 1855.45 0.0201342 0
86.4944 1855.45 0.108434 0
86.4944 1855.45 0.00543478 0
86.4944 1855.45 0.02 0
86.4944 1855.45 0.0230769 0
86.4944 1855.45 0.0255102 0
86.4944 1855.45 0.0209205 0
86.4944 1855.45 0.00485437 0
86.4944 1855.45 0.0340136 0
86.4944 1855.45 0.143885 0
38.486 368.656 0.0925926 0
38.486 368.656 0.0173913 0
38.486 368.656 0.055 0
75.2966 971.746 0.00478469 0
38.486 368.656 0.00719424 0
36.8106 1340.4 0.0192308 0
36.8106 1340.4 0.020202 0
38.486 368.656 0.0173913 0
36.8106 1340.4 0.0114943 0
36.8106 1340.4 0.017094 0
36.8106 1340.4 0.0143885 0
38.486 368.656 0.0390625 0
38.486 368.656 0.00564972 0
38.486 368.656 0.0666667 0
48.0084 2224.1 0.0151515 0
48.0084 2224.1 0.0789474 0
48.0084 2224.1 0.0215054 0
38.486 368.656 0.0738636 0
38.486 368.656 0.00995025 0
48.0084 2224.1 0.0629371 0
48.0084 2224.1 0.0434783 0
38.486 368.656 0.00995025 0
38.486 368.656 0.0337079 0
38.486 368.656 0.0833333 0
86.4944 1855.45 0.0233918 0
86.4944 1855.45 0.00746269 0
86.4944 1855.45 0.231481 0
86.4944 1855.45 0.0146341 0
86.4944 1855.45 0.0361446 0
86.4944 1855.45 0.025 0
86.4944 1855.45 0.00921659 0
86.4944 1855.45 0.00934579 0
86.4944 1855.45 0.0201342 0
86.4944 1855.45 0.0361446 0
86.4944 1855.45 0.0186916 0
86.4944 1855.45 0.108434 0
86.4944 1855.45 0.0576923 0
86.4944 1855.45 0.0363636 0
86.4944 1855.45 0.0576923 0
86.4944 1855.45 0.0344828 0
86.4944 1855.45 0.0630631 0
86.4944 1855.45 0.018018 0
86.4944 1855.45 0.00966184 0
86.4944 1855.45 0.00543478 0
86.4944 1855.45 0.0344828 0
86.4944 1855.45 0.177083 0
86.4944 1855.45 0.02 0
86.4944 1855.45 0.0230769 0
86.4944 1855.45 0.0255102 0
86.4944 1855.45 0.0630631 0
86.4944 1855.45 0.0125786 0
86.4944 1855.45 0.0166667 0
86.4944 1855.45 0.0125786 0
86.4944 1855.45 0.0228571 0
86.4944 1855.45 0.0166667 0
86.4944 1855.45 0.0122699 0
86.4944 1855.45 0.130435 0
86.4944 1855.45 0.0308642 0
86.4944 1855.45 0.0209205 0
86.4944 1855.45 0.00485437 0
86.4944 1855.45 0.0122699 0
38.486 368.656 0.0211268 0
38.486 368.656 0.152 0
48.0084 2224.1 0.0384615 0
38.486 368.656 0.00568182 0
38.486 368.656 0.00628931 0
48.0084 2224.1 0.109756 0
55.6568 1470.96 0.00900901 0
55.6568 1470.96 0.144578 0
55.6568 1470.96 0.00900901 0
55.6568 1470.96 0.144578 0
55.6568 1470.96 0.0227273 0
55.6568 1470.96 0.0520833 0
55.6568 1470.96 0.0178571 0
55.6568 1470.96 0.0828025 0
55.6568 1470.96 0.0733945 0
55.6568 1470.96 0.0227273 0
55.6568 1470.96 0.0520833 0
48.0084 2224.1 0.0828025 0
48.0084 2224.1 0.0478469 0
48.0084 2224.1 0.0285714 0
48.0084 2224.1 0.011236 0
48.0084 2224.1 0.0151515 0
48.0084 2224.1 0.0789474 0
48.0084 2224.1 0.0629371 0
48.0084 2224.1 0.00833333 0
48.0084 2224.1 0.0119048 0
48.0084 2224.1 0.0526316 0
48.0084 2224.1 0.0215054 0
48.0084 2224.1 0.0434783 0
48.0084 2224.1 0.00775194 0
38.486 368.656 0.0337079 0
38.486 368.656 0.0833333 0
48.0084 2224.1 0.00833333 0
86.4944 1855.45 0.0233918 0
86.4944 1855.45 0.231481 0
86.4944 1855.45 0.025 0
86.4944 1855.45 0.0106383 0
86.4944 1855.45 0.039604 0
86.4944 1855.45 0.00746269 0
86.4944 1855.45 0.0146341 0
86.4944 1855.45 0.00921659 0
86.4944 1855.45 0.0052356 0
48.0084 2224.1 0.015873 0
86.4944 1855.45 0.00505051 0
86.4944 1855.45 0.0106383 0
86.4944 1855.45 0.0052356 0
86.4944 1855.45 0.037037 0
86.4944 1855.45 0.00854701 0
86.4944 1855.45 0.0487805 0
86.4944 1855.45 0.00934579 0
86.4944 1855.45 0.018018 0
86.4944 1855.45 0.037037 0
86.4944 1855.45 0.016129 0
86.4944 1855.45 0.0227273 0
86.4944 1855.45 0.00966184 0
86.4944 1855.45 0.0126582 0
86.4944 1855.45 0.0363636 0
86.4944 1855.45 0.177083 0
86.4944 1855.45 0.016129 0
86.4944 1855.45 0.0126582 0
86.4944 1855.45 0.06 0
86.4944 1855.45 0.00609756 0
86.4944 1855.45 0.0308642 0
86.4944 1855.45 0.06 0
86.4944 1855.45 0.0228571 0
86.4944 1855.45 0.130435 0
86.4944 1855.45 0.0308642 0
38.486 368.656 0.0211268 0
38.486 368.656 0.00568182 0
38.486 368.656 0.152 0
38.486 368.656 0.00628931 0
38.486 368.656 0.0127389 0
38.486 368.656 0.0127389 0
48.0084 2224.1 0.154321 0
38.486 368.656 0.00729927 0
48.0084 2224.1 0.0222222 0
48.0084 2224.1 0.0384615 0
48.0084 2224.1 0.109756 0
48.0084 2224.1 0.154321 0
48.0084 2224.1 0.0148148 0
86.4944 1855.45 0.0106952 0
48.0084 2224.1 0.149701 0
48.0084 2224.1 0.011811 0
48.0084 2224.1 0.0148148 0
48.0084 2224.1 0.00653595 0
48.0084 2224.1 0.125 0
48.0084 2224.1 0.19708 0
48.0084 2224.1 0.0176991 0
48.0084 2224.1 0.015748 0
48.0084 2224.1 0.00970874 0
48.0084 2224.1 0.00653595 0
48.0084 2224.1 0.0204082 0
48.0084 2224.1 0.0675676 0
48.0084 2224.1 0.016 0
48.0084 2224.1 0.049505 0
48.0084 2224.1 0.0149254 0
55.6568 1470.96 0.0178571 0
48.0084 2224.1 0.05625 0
55.6568 1470.96 0.0828025 0
55.6568 1470.96 0.0733945 0
48.0084 2224.1 0.0409836 0
48.0084 2224.1 0.0344828 0
48.0084 2224.1 0.04 0
48.0084 2224.1 0.031746 0
48.0084 2224.1 0.0828025 0
48.0084 2224.1 0.0285714 0
48.0084 2224.1 0.0409836 0
48.0084 2224.1 0.0510204 0
48.0084 2224.1 0.00769231 0
48.0084 2224.1 0.0478469 0
48.0084 2224.1 0.0344828 0
48.0084 2224.1 0.0133333 0
48.0084 2224.1 0.00458716 0
48.0084 2224.1 0.021978 0
48.0084 2224.1 0.011976 0
48.0084 2224.1 0.0119048 0
48.0084 2224.1 0.0510204 0
48.0084 2224.1 0.0133333 0
48.0084 2224.1 0.0350877 0
48.0084 2224.1 0.0526316 0
48.0084 2224.1 0.00458716 0
48.0084 2224.1 0.0104712 0
48.0084 2224.1 0.00757576 0
48.0084 2224.1 0.0384615 0
48.0084 2224.1 0.00769231 0
48.0084 2224.1 0.011236 0
48.0084 2224.1 0.0104712 0
48.0084 2224.1 0.00714286 0
48.0084 2224.1 0.00757576 0
48.0084 2224.1 0.00775194 0
48.0084 2224.1 0.015873 0
48.0084 2224.1 0.0601093 0
48.0084 2224.1 0.0126582 0
48.0084 2224.1 0.0558659 0
48.0084 2224.1 0.0601093 0
48.0084 2224.1 0.0227273 0
86.4944 1855.45 0.00854701 0
86.4944 1855.45 0.104839 0
86.4944 1855.45 0.039604 0
86.4944 1855.45 0.00505051 0
86.4944 1855.45 0.0227273 0
86.4944 1855.45 0.104839 0
86.4944 1855.45 0.213483 0
86.4944 1855.45 0.0139535 0
86.4944 1855.45 0.00625 0
86.4944 1855.45 0.036036 0
86.4944 1855.45 0.0487805 0
86.4944 1855.45 0.213483 0
86.4944 1855.45 0.00609756 0
86.4944 1855.45 0.0308642 0
86.4944 1855.45 0.0186335 0
86.4944 1855.45 0.0621118 0
86.4944 1855.45 0.0209424 0
86.4944 1855.45 0.23913 0
38.486 368.656 0.00729927 0
86.4944 1855.45 0.0106952 0
86.4944 1855.45 0.0148148 0
86.4944 1855.45 0.0608696 0
86.4944 1855.45 0.00689655 0
86.4944 1855.45 0.0849057 0
86.4944 1855.45 0.0148148 0
86.4944 1855.45 0.0638298 0
48.0084 2224.1 0.0222222 0
48.0084 2224.1 0.00653595 0
48.0084 2224.1 0.113514 0
48.0084 2224.1 0.0735294 0
86.4944 1855.45 0.0243902 0
48.0084 2224.1 0.149701 0
48.0084 2224.1 0.113514 0
48.0084 2224.1 0.00436681 0
48.0084 2224.1 0.011811 0
48.0084 2224.1 0.0735294 0
48.0084 2224.1 0.206767 0
48.0084 2224.1 0.00947867 0
48.0084 2224.1 0.360759 0
48.0084 2224.1 0.125 0
48.0084 2224.1 0.00653595 0
48.0084 2224.1 0.206767 0
48.0084 2224.1 0.19708 0
48.0084 2224.1 0.015748 0
48.0084 2224.1 0.0204082 0
48.0084 2224.1 0.016 0
48.0084 2224.1 0.00947867 0
48.0084 2224.1 0.0176991 0
48.0084 2224.1 0.00970874 0
48.0084 2224.1 0.0675676 0
48.0084 2224.1 0.049505 0
48.0084 2224.1 0.0149254 0
48.0084 2224.1 0.05625 0
48.0084 2224.1 0.00452489 0
48.0084 2224.1 0.04 0
48.0084 2224.1 0.157407 0
48.0084 2224.1 0.00769231 0
48.0084 2224.1 0.021978 0
48.0084 2224.1 0.00452489 0
48.0084 2224.1 0.157407 0
48.0084 2224.1 0.231343 0
48.0084 2224.1 0.0478723 0
48.0084 2224.1 0.00947867 0
48.0084 2224.1 0.00862069 0
48.0084 2224.1 0.0042735 0
48.0084 2224.1 0.031746 0
48.0084 2224.1 0.231343 0
48.0084 2224.1 0.0348837 0
48.0084 2224.1 0.011976 0
48.0084 2224.1 0.00714286 0
48.0084 2224.1 0.0348837 0
48.0084 2224.1 0.267176 0
48.0084 2224.1 0.00478469 0
48.0084 2224.1 0.0138249 0
48.0084 2224.1 0.0186047 0
48.0084 2224.1 0.0350877 0
48.0084 2224.1 0.0384615 0
48.0084 2224.1 0.267176 0
48.0084 2224.1 0.0192308 0
48.0084 2224.1 0.00769231 0
48.0084 2224.1 0.00478469 0
48.0084 2224.1 0.0126582 0
48.0084 2224.1 0.149533 0
48.0084 2224.1 0.0227273 0
48.0084 2224.1 0.149533 0
48.0084 2224.1 0.21875 0
48.0084 2224.1 0.0289017 0
48.0084 2224.1 0.0107527 0
48.0084 2224.1 0.0558659 0
48.0084 2224.1 0.21875 0
48.0084 2224.1 0.114286 0
86.4944 1855.45 0.0139535 0
86.4944 1855.45 0.00625 0
86.4944 1855.45 0.036036 0
86.4944 1855.45 0.00793651 0
86.4944 1855.45 0.00606061 0
86.4944 1855.45 0.0186335 0
86.4944 1855.45 0.0621118 0
86.4944 1855.45 0.23913 0
86.4944 1855.45 0.0608696 0
86.4944 1855.45 0.00793651 0
86.4944 1855.45 0.0135135 0
86.4944 1855.45 0.0353982 0
86.4944 1855.45 0.0209424 0
86.4944 1855.45 0.00689655 0
86.4944 1855.45 0.0288462 0
86.4944 1855.45 0.00699301 0
86.4944 1855.45 0.0135135 0
86.4944 1855.45 0.138462 0
86.4944 1855.45 0.00662252 0
86.4944 1855.45 0.0655738 0
86.4944 1855.45 0.0849057 0
86.4944 1855.45 0.138462 0
86.4944 1855.45 0.2 0
86.4944 1855.45 0.0638298 0
86.4944 1855.45 0.0243902 0
86.4944 1855.45 0.0288462 0
86.4944 1855.45 0.2 0
86.4944 1855.45 0.0264901 0
86.4944 1855.45 0.213115 0
86.4944 1855.45 0.060241 0
48.0084 2224.1 0.00436681 0
48.0084 2224.1 0.360759 0
48.0084 2224.1 0.0478723 0
48.0084 2224.1 0.00947867 0
48.0084 2224.1 0.00862069 0
48.0084 2224.1 0.0138249 0
48.0084 2224.1 0.0042735 0
48.0084 2224.1 0.0186047 0
48.0084 2224.1 0.0192308 0
48.0084 2224.1 0.00689655 0
48.0084 2224.1 0.030303 0
48.0084 2224.1 0.104167 0
48.0084 2224.1 0.373333 0
48.0084 2224.1 0.00689655 0
48.0084 2224.1 0.025 0
48.0084 2224.1 0.0289017 0
48.0084 2224.1 0.04 0
48.0084 2224.1 0.114286 0
48.0084 2224.1 0.025 0
48.0084 2224.1 0.04 0
48.0084 2224.1 0.0306748 0
48.0084 2224.1 0.0555556 0
48.0084 2224.1 0.0574713 0
48.0084 2224.1 0.115702 0
48.0084 2224.1 0.0107527 0
48.0084 2224.1 0.0306748 0
86.4944 1855.45 0.0353982 0
86.4944 1855.45 0.00699301 0
86.4944 1855.45 0.0921053 0
86.4944 1855.45 0.00966184 0
86.4944 1855.45 0.015625 0
86.4944 1855.45 0.050505 0
86.4944 1855.45 0.00606061 0
86.4944 1855.45 0.0921053 0
86.4944 1855.45 0.0206897 0
86.4944 1855.45 0.00966184 0
86.4944 1855.45 0.005 0
86.4944 1855.45 0.00662252 0
86.4944 1855.45 0.0264901 0
86.4944 1855.45 0.0655738 0
86.4944 1855.45 0.213115 0
86.4944 1855.45 0.060241 0
48.0084 2224.1 0.030303 0
48.0084 2224.1 0.104167 0
48.0084 2224.1 0.373333 0
48.0084 2224.1 0.0555556 0
48.0084 2224.1 0.0574713 0
48.0084 2224.1 0.115702 0
86.4944 1855.45 0.0538922 0
86.4944 1855.45 0.123596 0
86.4944 1855.45 0.0127389 0
86.4944 1855.45 0.0206897 0
86.4944 1855.45 0.005 0
86.4944 1855.45 0.0162162 0
86.4944 1855.45 0.015625 0
86.4944 1855.45 0.0538922 0
86.4944 1855.45 0.0162162 0
86.4944 1855.45 0.050505 0
86.4944 1855.45 0.037594 0
86.4944 1855.45 0.170455 0
86.4944 1855.45 0.0206186 0
86.4944 1855.45 0.123596 0
86.4944 1855.45 0.037594 0
86.4944 1855.45 0.170455 0
86.4944 1855.45 0.125926 0
86.4944 1855.45 0.0243902 0
86.4944 1855.45 0.0444444 0
86.4944 1855.45 0.125926 0
86.4944 1855.45 0.0416667 0
86.4944 1855.45 0.0127389 0
86.4944 1855.45 0.0243902 0
86.4944 1855.45 0.00684932 0
86.4944 1855.45 0.034188 0
86.4944 1855.45 0.0444444 0
86.4944 1855.45 0.0379747 0
86.4944 1855.45 0.00694444 0
86.4944 1855.45 0.0517241 0
86.4944 1855.45 0.116279 0
86.4944 1855.45 0.00448431 0
86.4944 1855.45 0.00684932 0
86.4944 1855.45 0.0379747 0
86.4944 1855.45 0.037594 0
86.4944 1855.45 0.0206186 0
86.4944 1855.45 0.0416667 0
86.4944 1855.45 0.00694444 0
86.4944 1855.45 0.037594 0
86.4944 1855.45 0.0324324 0
86.4944 1855.45 0.0517241 0
86.4944 1855.45 0.034188 0
86.4944 1855.45 0.116279 0
86.4944 1855.45 0.00448431 0
86.4944 1855.45 0.0324324 0
86.4944 1855.45 0.00444444 0
86.4944 1855.45 0.0326797 0
86.4944 1855.45 0.0566038 0
86.4944 1855.45 0.0101523 0
86.4944 1855.45 0.0252101 0
86.4944 1855.45 0.00444444 0
86.4944 1855.45 0.0326797 0
86.4944 1855.45 0.0101523 0
86.4944 1855.45 0.0252101 0
86.4944 1855.45 0.0126582 0
86.4944 1855.45 0.103093 0
86.4944 1855.45 0.0126582 0
86.4944 1855.45 0.0506329 0
86.4944 1855.45 0.0229885 0
86.4944 1855.45 0.0566038 0
86.4944 1855.45 0.0078125 0
86.4944 1855.45 0.103093 0
86.4944 1855.45 0.0078125 0
86.4944 1855.45 0.0824742 0
86.4944 1855.45 0.0121212 0
86.4944 1855.45 0.047619 0
86.4944 1855.45 0.0472973 0
86.4944 1855.45 0.00649351 0
86.4944 1855.45 0.0506329 0
86.4944 1855.45 0.0824742 0
86.4944 1855.45 0.0121212 0
86.4944 1855.45 0.0229885 0
86.4944 1855.45 0.047619 0
86.4944 1855.45 0.0769231 0
86.4944 1855.45 0.00584795 0
86.4944 1855.45 0.0472973 0
86.4944 1855.45 0.0248756 0
86.4944 1855.45 0.00649351 0
86.4944 1855.45 0.0931677 0
86.4944 1855.45 0.00438596 0
86.4944 1855.45 0.0852273 0
86.4944 1855.45 0.0248756 0
86.4944 1855.45 0.0769231 0
86.4944 1855.45 0.0931677 0
86.4944 1855.45 0.0185185 0
86.4944 1855.45 0.00584795 0
86.4944 1855.45 0.00438596 0
86.4944 1855.45 0.0185185 0
86.4944 1855.45 0.0862069 0
86.4944 1855.45 0.0325203 0
86.4944 1855.45 0.0862069 0
86.4944 1855.45 0.0852273 0
86.4944 1855.45 0.0325203 0
