189.156 3.60464 0.0625 1
42.9407 86.5634 0.333333 1
12.1518 115.683 0.116129 1
12.0764 86.5369 0.177143 1
6.77102 81.7695 0.174359 1
3.68226 68.0347 0.152941 1
1.35186 62.729 0.0429448 1
0.786375 59.0084 0.189744 1
2.58855 55.7219 0.0572917 1
1.80293 52.5493 0.188571 1
3.06799 52.1794 0.119048 1
1.06422 50.6476 0.088785 1
0.780032 48.3206 0.283133 1
1.17569 46.4384 0.0824742 1
1.91751 45.6492 0.227513 1
1.58654 43.7495 0.16 1
1.56778 42.7985 0.0197044 1
3.35226 40.5396 0.0833333 1
0.761523 41.1949 0.121076 1
5.67859 39.1472 0.246154 1
2.86074 39.5883 0.00694444 1
2.53776 38.7892 0.0526316 1
5.01973 37.7215 0.0613497 1
2.05301 36.8839 0.010989 1
3.25477 35.0368 0.0198676 1
0.536654 36.8045 0.0113636 1
3.59423 35.5481 0.00578035 1
6.06524 34.554 0.102273 1
4.98713 34.8758 0.0206186 1
6.50372 33.2744 0.07 1
7.58048 34.2445 0.266667 1
8.95586 34.041 0.420814 1
6.73114 34.3009 0.0765027 1
10.145 33.7222 0.184211 1
8.22443 34.2816 0.0245098 1
11.5547 34.1083 0.31016 1
9.91681 34.903 0.021978 1
11.546 34.6096 0.0970149 1
12.3115 34.314 0.0340136 1
10.1778 34.3723 0.0526316 1
11.753 33.9153 0.0944882 1
8.11676 35.5995 0.00645161 1
11.6058 35.3114 0.00571429 1
12.7652 34.2455 0.119048 1
13.0176 35.2472 0.0629371 1
13.1244 35.0995 0.353333 1
15.3977 34.4862 0.173077 1
14.7217 36.0599 0.00662252 1
13.0454 36.4314 0.0621118 1
12.3424 34.0411 0.228814 1
15.6441 35.9845 0.0617978 1
47.2621 5.5303 0.242424 1
20.3413 18.0445 0.162791 1
84.6347 31.3819 0.777778 1
23.2518 49.3705 0.0609756 1
118.094 27.8725 0.186047 0
24.7511 60.0405 0.0731707 1
31.9666 66.4853 0.12605 1
19.1139 74.0667 0.0990991 1
26.0244 73.9869 0.153285 1
19.9187 79.3765 0.0962963 1
47.049 60.0923 0.237624 1
17.9724 98.8176 0.141732 1
15.0494 84.1759 0.112069 1
14.6152 88.9177 0.144144 1
23.2993 85.7149 0.166667 1
54.2118 58.9762 0.25641 0
10.1527 70.735 0.23913 1
94.9862 72.6818 0.0410959 0
95.0967 64.9643 0.220339 0
94.9862 72.6818 0.295082 0
95.0967 64.9643 0.220339 0
37.382 13.7932 0.287671 1
62.54 14.6801 0.2 0
33.9253 14.9219 0.00699301 0
52.571 14.7185 0.0182927 0
62.54 14.6801 0.0266667 0
22.6868 11.2248 0.0238095 1
39.1746 29.9145 0.168539 0
30.3517 29.9303 0.035503 0
57.8694 0.274097 0.0182927 0
104.606 31.1526 0.0530303 1
46.461 104.696 0.181818 1
10.8814 121.903 0.00436681 1
15.3895 123.879 0.316239 1
19.8571 109.986 0.0444444 1
22.9388 91.939 0.0886076 1
18.0014 97.7359 0.0165746 1
27.1806 88.3585 0.0578947 1
42.2909 97.8472 0.0773196 1
2.9144 114.227 0.170103 1
26.5871 100.659 0.0432432 1
1.64329 111.225 0.0492611 1
29.1878 100.143 0.00591716 1
30.9947 107.202 0.19598 1
10.8714 73.3685 0.0276498 1
26.5366 96.71 0.270742 1
147.167 14.6729 0.145455 1
14.1005 50.7902 0.191964 1
11.7862 51.4302 0.0515873 1
14.1672 51.329 0.0158103 1
12.9547 51.2797 0.00806452 1
12.1241 51.3714 0.173913 1
11.7024 51.2375 0.021097 1
11.0383 51.3953 0.0338983 1
8.5514 50.5427 0.0946746 1
7.37734 50.9604 0.00469484 1
9.25869 50.3175 0.00904977 1
9.08646 49.6658 0.0597826 1
7.02908 49.1891 0.0297619 1
5.16897 49.5009 0.143617 1
2.79442 49.1539 0.00561798 1
1.80774 48.8222 0.028436 1
2.27113 48.6335 0.112033 1
3.63357 48.5604 0.0186335 1
4.91997 47.1065 0.00826446 1
5.30612 48.0409 0.0164835 1
9.36392 47.6767 0.0272109 1
8.70835 47.7872 0.13253 1
9.40528 47.382 0.025641 1
11.2968 47.4623 0.01 1
12.0041 47.083 0.0580645 1
13.1685 46.7953 0.0117647 1
12.7914 46.6348 0.00966184 1
20.8358 43.2308 0.0206897 1
124.228 85.8943 0.00847458 0
13.9012 44.3214 0.184358 1
18.2011 45.2502 0.032 1
47.1135 29.9779 0.00877193 1
131.728 40.0452 0.186047 0
131.728 40.0452 0.00847458 0
131.728 40.0452 0.371429 0
42.1413 58.4271 0.0864198 1
131.431 40.6416 0.0123457 0
131.431 40.6416 0.102564 0
131.431 40.6416 0.354839 0
93.0106 74.5195 0.0606061 0
131.431 40.6416 0.0142857 0
34.9019 56.5191 0.0804598 1
92.832 74.5211 0.137931 0
83.1559 64.1001 0.0117647 0
53.8512 58.4637 0.0684932 0
83.1559 64.1001 0.0704225 0
97.8668 85.0121 0.0136986 0
53.8512 58.4637 0.03125 0
92.832 74.5211 0.0625 0
117.263 85.5918 0.16129 0
83.1559 64.1001 0.4 0
119.594 85.5318 0.0111111 0
53.8512 58.4637 0.25641 0
53.8512 58.4637 0.0684932 0
53.8512 58.4637 0.03125 0
29.4099 5.63639 0.0333333 1
30.4202 40.5984 0.59375 1
51.3995 43.7641 0.0111111 1
25.7938 12.3447 0.125 1
3.97652 23.0441 0.144578 1
12.778 25.7696 0.145455 1
8.10001 15.691 0.156863 1
112.778 69.8871 0.0410959 0
112.778 69.8871 0.295082 0
43.1149 26.28 0.2 0
43.1149 26.28 0.0266667 0
43.1149 26.28 0.0078125 0
43.1149 26.28 0.0603448 0
4.75006 38.0126 0.376238 1
50.3006 91.924 0.00699301 0
50.3006 91.924 0.168539 0
34.5984 88.667 0.160338 1
48.5596 98.5062 0.035503 0
48.5596 98.5062 0.0806452 0
1.97806 113.505 0.268775 1
13.599 116.99 0.033195 1
32.5024 98.5978 0.00896861 1
28.9741 104.229 0.0532787 1
40.2536 111.916 0.04 1
9.92893 109.985 0.0539568 1
5.21018 50.8354 0.423729 1
157.997 21.0555 0.0285714 1
15.6405 56.0297 0.29562 1
13.5053 55.8043 0.0135747 1
13.5847 56.1414 0.0182927 1
11.6461 56.8662 0.00869565 1
9.00474 56.4364 0.04 1
8.94175 56.4784 0.055 1
11.1009 56.4876 0.0315315 1
12.9002 56.3563 0.162304 1
9.46828 54.8966 0.140845 1
10.9526 55.6943 0.0818713 1
6.82873 55.569 0.137931 1
5.70519 55.443 0.0591716 1
5.72923 55.101 0.011236 1
3.4617 54.171 0.03 1
5.32061 54.6934 0.00584795 1
3.85883 54.4974 0.273743 1
1.93127 54.5252 0.0157895 1
2.40135 54.0301 0.0518135 1
3.74299 53.5409 0.0980392 1
4.57264 52.7644 0.00675676 1
7.32038 53.0149 0.0729927 1
9.77626 53.3066 0.0408163 1
10.3379 53.4883 0.0150376 1
15.1346 52.5835 0.0573248 1
16.0688 50.0686 0.0864198 1
13.3012 53.0557 0.0697674 1
131.474 36.0121 0.371429 0
131.474 36.0121 0.0123457 0
17.905 51.4972 0.0288462 1
14.3907 47.3917 0.0181818 1
131.32 35.4636 0.102564 0
131.32 35.4636 0.354839 0
131.32 35.4636 0.0142857 0
92.832 74.5211 0.0606061 0
92.832 74.5211 0.137931 0
92.832 74.5211 0.0625 0
25.1881 11.0708 0.225806 1
27.4547 34.3298 0.0185185 1
20.3829 52.1748 0.0283019 1
23.3865 52.853 0.00990099 1
131.002 32.7954 0.16129 0
29.7923 37.0917 0.172414 1
19.5785 64.4561 0.00793651 1
129.989 23.4538 0.0117647 0
129.989 23.4538 0.0704225 0
129.989 23.4538 0.4 0
21.3572 62.078 0.102273 1
23.5425 61.7315 0.0326087 1
129.784 23.0469 0.0111111 0
22.8845 65.004 0.040404 1
129.579 22.8439 0.0136986 0
24.5526 65.3674 0.0773196 1
70.5613 30.076 0.0078125 0
26.4238 63.8694 0.0575916 1
70.1691 30.2939 0.0603448 0
70.1691 30.2939 0.0955414 0
50.2647 98.1926 0.0806452 0
70.1691 30.2939 0.0955414 0
4.25663 22.3204 0.0230769 1
50.4319 102.843 0.0253807 0
18.6274 119.264 0.243243 1
40.2177 114.372 0.0421053 1
3.93103 114.941 0.0141343 1
86.2793 57.6394 0.144737 1
13.9645 141.216 0.0171429 1
11.1122 144.191 0.0462185 1
16.0961 129.634 0.031746 1
18.1073 119.607 0.0486726 1
15.4421 58.5664 0.0458716 1
20.9033 54.7512 0.0538462 1
19.1672 67.3577 0.145038 1
18.5793 68.3824 0.175532 1
16.3608 68.0291 0.0104712 1
17.8329 67.6759 0.0315789 1
16.4156 68.1303 0.0424528 1
14.0125 67.3711 0.00689655 1
12.8816 67.0456 0.00840336 1
16.3795 67.4477 0.112 1
13.8191 67.2659 0.0701754 1
11.4165 67.0511 0.0168067 1
11.7692 66.644 0.0479452 1
11.1615 66.2131 0.032 1
9.63068 65.1813 0.262295 1
3.53999 66.4294 0.028777 1
5.46196 66.1409 0.128571 1
4.97349 66.074 0.035503 1
2.34037 66.4212 0.0103627 1
2.86822 66.0779 0.00520833 1
1.95249 65.8207 0.0195122 1
4.09193 65.1946 0.0564103 1
1.85468 65.2436 0.0164835 1
4.41272 65.6048 0.0457143 1
5.97848 65.7254 0.0789474 1
6.31877 65.2778 0.0619469 1
7.97497 64.3537 0.00694444 1
7.62983 64.2922 0.0522876 1
12.7775 63.9259 0.262295 1
12.4299 64.6891 0.201087 1
14.8654 63.8572 0.00578035 1
16.6251 63.7853 0.0961538 1
16.933 63.7877 0.128378 1
18.3715 63.5328 0.00613497 1
19.2442 63.3832 0.0493827 1
20.6235 62.4567 0.0526316 1
22.7527 58.8822 0.0137615 1
25.447 56.7058 0.00970874 1
26.049 54.5973 0.0108108 1
70.6818 33.5497 0.125 0
22.7446 36.7285 0.0336134 0
81.5257 44.043 0.0384615 0
47.8559 120.766 0.0253807 0
70.6818 33.5497 0.125 0
47.8559 120.766 0.138889 0
47.8559 120.766 0.00900901 0
22.5016 10.4933 0.0776699 0
47.8559 120.766 0.138889 0
36.8586 131.259 0.0969697 0
141.108 100.236 0.0992908 1
31.4484 135.708 0.0878049 1
6.75331 154.667 0.0187793 1
47.7406 138.691 0.00900901 0
36.736 149.184 0.0208333 0
19.359 148.877 0.0221402 1
38.4685 154.433 0.0466667 1
31.4687 148.761 0.0359712 1
34.7229 134.437 0.0592105 1
2.50497 144.685 0.145695 1
155.449 49.4395 0.0560748 1
22.0296 62.1413 0.276923 1
21.0626 70.1234 0.147679 1
19.5414 70.157 0.0776699 1
18.881 70.9126 0.0108108 1
16.5586 69.7195 0.0484848 1
14.9263 70.082 0.0166667 1
15.8792 70.661 0.015625 1
17.5194 70.5313 0.047619 1
14.0472 70.3643 0.0342466 1
15.6927 69.7324 0.0108108 1
14.9372 68.8406 0.0305344 1
12.361 69.7263 0.00591716 1
9.18359 69.5348 0.0655738 1
9.99033 68.9607 0.0353982 1
5.93461 69.9089 0.121019 1
7.71176 69.3814 0.0251572 1
6.44299 69.4694 0.0933333 1
4.01924 69.8071 0.00510204 1
2.93938 69.6973 0.0559006 1
2.70344 69.3805 0.033557 1
2.52403 68.8652 0.195402 1
5.24062 68.0757 0.0491803 1
4.4846 68.728 0.00588235 1
7.88964 68.4641 0.038835 1
9.7912 67.6906 0.299435 1
8.5432 67.9595 0.0607735 1
9.97805 68.0196 0.0514706 1
12.4615 67.0716 0.00561798 1
14.2535 67.5406 0.026738 1
16.5419 66.8789 0.0339806 1
19.0664 64.0344 0.031746 1
16.2795 59.4787 0.102041 1
62.7908 35.3659 0.0347826 0
62.7908 35.3659 0.0564516 0
113.907 44.8339 0.0127389 0
94.9423 22.2594 0.0144928 0
62.7908 35.3659 0.0105263 0
113.907 44.8339 0.0078125 0
94.9423 22.2594 0.00917431 0
158.266 22.5803 0.0353982 0
22.9167 39.5576 0.0336134 0
71.3755 7.31457 0.220779 1
69.9543 43.9969 0.0943396 0
108.221 80.452 0.0246914 1
26.0979 222.256 0.114504 0
19.3617 235.394 0.0704225 0
107.706 202.001 0.0384615 0
44.5106 238.379 0.0776699 0
20.0846 100.132 0.0969697 0
20.0846 100.132 0.0208333 0
20.0846 100.132 0.140625 0
26.0979 222.256 0.232394 0
19.3617 235.394 0.169935 0
20.0846 100.132 0.0943396 0
20.0846 100.132 0.140625 0
14.7037 122.124 0.00847458 1
25.428 134.624 0.0387597 1
17.0314 159.647 0.024 1
32.5824 153.844 0.0568182 1
2.47272 137.867 0.0666667 1
22.2378 137.227 0.126168 1
0.958044 149.89 0.0583658 1
55.3813 149.724 0.12381 1
28.1477 150.802 0.386454 1
20.4579 66.9545 0.0153846 1
23.5668 62.1854 0.0673575 1
19.7144 67.1542 0.274678 1
20.0696 67.9461 0.0384615 1
17.2165 68.5361 0.0402685 1
15.8939 68.052 0.00947867 1
19.8892 68.4899 0.0197044 1
15.4356 68.1683 0.25 1
17.9536 68.4279 0.019802 1
15.9122 68.9859 0.11194 1
15.0929 68.5082 0.00684932 1
17.5474 68.4221 0.0128205 1
15.3139 68.1828 0.0769231 1
13.5371 67.8959 0.0186335 1
14.2259 67.9988 0.135484 1
10.7223 68.1581 0.0224719 1
7.97391 67.8772 0.00621118 1
5.53154 67.992 0.0211268 1
2.85552 67.6755 0.184713 1
7.76703 67.4778 0.0402299 1
3.01559 67.8018 0.035461 1
0.932851 67.3819 0.0165289 1
1.53977 67.7356 0.0848485 1
2.76695 67.0324 0.135294 1
5.04717 67.5736 0.00724638 1
5.10333 67.4692 0.0629371 1
6.57427 66.4373 0.024 1
6.78239 66.5281 0.0285714 1
8.60936 66.5704 0.00966184 1
10.6847 65.7522 0.0518519 1
10.6807 66.5873 0.0147059 1
12.5061 65.7908 0.011976 1
13.079 61.3438 0.148148 1
114.958 43.4648 0.0075188 0
68.4412 45.2323 0.0543478 0
108.359 13.02 0.00952381 0
63.9034 33.9968 0.0480769 0
114.958 43.4648 0.0364963 0
63.9034 33.9968 0.0347826 0
63.9034 33.9968 0.0564516 0
63.9034 33.9968 0.0105263 0
63.9034 33.9968 0.0480769 0
52.1072 9.46804 0.397849 1
30.3892 16.4535 0.027027 1
33.4926 187.587 0.0641026 1
53.7981 211.922 0.016129 1
22.7024 199.116 0.045977 1
113.922 173.749 0.0127389 0
113.922 173.749 0.0078125 0
113.922 173.749 0.0075188 0
113.922 173.749 0.0364963 0
51.1835 186.769 0.0510204 1
39.8121 213.236 0.0833333 1
109.57 169.566 0.0144928 0
109.57 169.566 0.00917431 0
37.4341 176.919 0.180723 1
114.089 161.976 0.0353982 0
50.2613 62.1634 0.0342466 0
50.2613 62.1634 0.114504 0
50.2613 62.1634 0.232394 0
50.2613 62.1634 0.0342466 0
65.027 151.086 0.146154 0
45.3044 122.211 0.0972222 1
9.40347 146.904 0.0190476 1
50.443 61.3316 0.0704225 0
50.443 61.3316 0.169935 0
50.443 61.3316 0.0405405 0
65.6516 151.918 0.0638298 0
40.6638 146.078 0.0117647 1
42.7201 135.624 0.0861244 1
34.2645 142.734 0.0510204 1
5.22889 143.548 0.175966 1
27.0314 143.767 0.156863 1
0.781011 141.533 0.121739 1
151.776 46.0492 0.0833333 1
20.8924 69.8026 0.262626 1
23.3741 70.4464 0.136585 1
20.2588 70.3562 0.144105 1
16.873 71.9931 0.00934579 1
18.3923 71.2955 0.0578947 1
20.5734 71.5789 0.014218 1
17.741 71.3104 0.0211268 1
16.9397 71.9065 0.0159574 1
14.5546 71.6104 0.0662651 1
16.0717 71.2627 0.0149254 1
16.5046 72.1577 0.00537634 1
15.7093 71.3238 0.00735294 1
13.6377 71.2044 0.043956 1
11.678 71.5269 0.376712 1
10.6247 70.9839 0.0125 1
8.91888 69.8764 0.194631 1
5.7484 71.4495 0.1875 1
7.18963 70.6647 0.0322581 1
4.25155 71.0619 0.238411 1
4.69421 70.1188 0.228916 1
2.44252 70.3192 0.0592105 1
2.011 70.3026 0.0144928 1
2.643 70.4983 0.00487805 1
4.18054 70.1588 0.161765 1
7.51208 69.9493 0.119403 1
4.61473 69.8279 0.0915493 1
7.31433 69.3617 0.0252101 1
7.99101 69.7309 0.0714286 1
12.73 69.6703 0.115854 1
10.6174 69.7469 0.0205128 1
16.4647 63.4914 0.0162602 1
69.1673 48.4386 0.0724638 0
69.1673 48.4386 0.0543478 0
69.1673 48.4386 0.0724638 0
46.5166 207.208 0.0350877 1
113.322 158.154 0.0923077 0
27.6831 195.251 0.32 1
81.2748 181.469 0.113636 1
60.8719 227.151 0.015625 1
113.179 182.591 0.00952381 0
60.4809 233.063 0.0173913 1
66.7683 220.583 0.0490196 1
37.5347 98.8726 0.0405405 0
64.0389 250.881 0.028169 1
90.3139 234.974 0.0190476 0
58.7224 237.526 0.049505 0
36.9155 226.703 0.0394737 0
37.1716 99.1609 0.146154 0
37.1716 99.1609 0.0638298 0
16.9688 127.542 0.144654 1
8.79135 150.944 0.0274725 1
21.727 153.837 0.147059 1
27.0389 146.721 0.0955056 1
59.7445 137.323 0.0434783 1
19.2207 136.674 0.0338164 1
23.3436 147.269 0.0185185 1
25.9153 128.737 0.146919 1
151.975 50.8657 0.030303 1
23.8904 63.6922 0.0625 1
20.371 72.3154 0.0171429 1
21.8066 72.8134 0.0292683 1
20.3813 72.6386 0.0867769 1
17.4676 73.3284 0.0352941 1
17.6505 73.7274 0.0179641 1
15.8551 73.6389 0.0324675 1
18.1177 73.0931 0.018018 1
18.7401 72.6431 0.0362694 1
15.7176 72.9614 0.0174419 1
17.7571 72.8607 0.00769231 1
15.3369 72.8243 0.057554 1
16.0219 72.5588 0.0666667 1
13.4461 72.5921 0.015 1
11.1806 72.2565 0.00719424 1
11.8462 72.4782 0.0551724 1
7.08335 72.5455 0.00714286 1
8.46368 72.5136 0.127907 1
5.5311 71.6369 0.0552764 1
3.13005 72.3744 0.0373134 1
3.05216 72.0837 0.172222 1
1.86927 72.0607 0.0314465 1
4.78555 72.0056 0.0710383 1
3.48785 72.2097 0.0306122 1
7.23578 71.5621 0.00571429 1
5.64173 71.2979 0.0521739 1
7.53045 70.3094 0.00757576 1
8.09893 71.762 0.0192308 1
10.292 71.4414 0.015748 1
13.0568 68.8392 0.00636943 1
13.9106 70.7266 0.0892857 1
115.622 195.214 0.0923077 0
49.4922 55.333 0.0273973 0
14.8267 67.3221 0.00943396 1
75.9511 250.547 0.206897 1
37.3372 240.461 0.0571429 1
87.2807 238.017 0.0322581 0
64.3783 236.991 0.028777 0
87.2807 238.017 0.036036 0
87.2807 238.017 0.0190476 0
87.2807 238.017 0.0322581 0
87.2807 238.017 0.036036 0
43.9846 2.55208 0.125 0
71.299 15.0836 0.0224719 0
24.5699 1.02561 0.244898 0
48.1794 27.88 0.128492 0
128.344 15.4135 0.0564516 0
56.3215 240.569 0.049505 0
43.9846 2.55208 0.125 0
50.4686 139.282 0.194286 0
14.2438 30.432 0.08 0
87.4203 17.9656 0.05 0
61.9759 7.33331 0.0413793 0
37.6563 101.287 0.0394737 0
50.4686 139.282 0.194286 0
45.7523 108.85 0.00884956 0
11.7948 131.948 0.142857 1
17.951 132.278 0.0349345 1
26.4601 154.29 0.199074 1
4.09558 146.19 0.023166 1
27.7296 147.948 0.309524 1
18.1345 136.926 0.0669643 1
45.4556 145.647 0.307692 1
12.0029 140.378 0.163424 1
25.0612 65.4522 0.0882353 1
21.8695 65.6944 0.240838 1
21.5702 70.6157 0.0536585 1
20.9294 70.8524 0.0588235 1
16.3786 71.4592 0.0517241 1
19.125 71.7693 0.0196078 1
16.3941 72.0418 0.0253165 1
18.8495 71.9879 0.15 1
14.6084 71.7313 0.0127389 1
17.1454 71.8338 0.0402299 1
16.215 71.4523 0.197279 1
14.6848 71.1507 0.0225564 1
13.8772 71.5912 0.0225989 1
12.0207 71.5695 0.0114286 1
14.3244 71.4422 0.0359281 1
10.0072 71.0855 0.247619 1
8.88876 71.1153 0.0516129 1
9.02422 70.8808 0.253247 1
4.63098 70.3605 0.1 1
3.47137 70.7568 0.0508475 1
0.48351 70.7141 0.0379747 1
2.026 70.7994 0.157576 1
4.36081 70.9053 0.0078125 1
6.00726 71.08 0.0595238 1
7.27379 70.0857 0.00763359 1
6.37442 70.2973 0.00746269 1
9.26155 70.3773 0.0927152 1
10.4206 69.942 0.0559441 1
12.7752 70.0247 0.0122699 1
15.4788 69.0661 0.0842105 1
18.9302 65.5626 0.0254237 1
17.4463 68.9103 0.0738636 1
113.052 199.309 0.0273973 0
113.052 199.309 0.0430108 0
113.052 199.309 0.153846 0
113.052 199.309 0.00735294 0
113.052 199.309 0.0430108 0
113.052 199.309 0.0190476 0
22.0217 64.789 0.0801887 1
19.9435 40.395 0.03 1
112.807 198.892 0.0190476 0
112.807 198.892 0.00675676 0
112.807 198.892 0.0157068 0
112.807 198.892 0.027933 0
71.299 15.0836 0.0224719 0
94.6692 14.058 0.0673077 1
5.6038 83.1466 0.0190476 0
35.8658 57.3833 0.15625 0
83.3775 56.0654 0.232558 1
36.6263 200.431 0.0227273 0
51.9168 38.9824 0.028777 0
36.8151 199.035 0.244898 0
13.5871 171.155 0.175258 1
87.8388 157.599 0.0503597 1
81.2312 189.714 0.0321101 0
54.4227 230.235 0.239726 0
54.6081 228.839 0.128492 0
20.0281 231.391 0.08 0
40.3986 95.8086 0.00884956 0
40.3986 95.8086 0.102041 0
54.4227 230.235 0.0955056 0
134.812 200.629 0.125984 1
94.5616 276.804 0.05625 0
24.4816 272.213 0.0403226 0
48.9951 273.754 0.0564516 0
17.9992 276.306 0.05 0
46.0068 140.724 0.141844 0
48.6951 275.15 0.0162602 0
94.5616 276.804 0.0285714 0
24.4816 272.213 0.0103627 0
50.095 135.582 0.0413793 0
46.0068 140.724 0.102041 0
46.0068 140.724 0.141844 0
46.0068 140.724 0.0103093 0
22.3785 131.489 0.206422 1
50.3401 135.796 0.0571429 0
3.08179 147.49 0.3 1
38.8793 133.215 0.0694444 1
25.5959 148.068 0.0233918 1
7.89623 153.347 0.0445545 1
26.8873 139.479 0.0491803 1
12.936 113.894 0.0163043 1
18.8045 60.5966 0.137931 1
20.4271 69.4767 0.012987 1
160.294 52.0654 0.017094 1
19.1078 72.6475 0.08 1
19.9886 72.6912 0.0839161 1
18.9381 72.262 0.156028 1
19.3031 72.7742 0.0359281 1
16.215 73.2907 0.0621118 1
18.1114 72.6887 0.0134228 1
14.343 72.8116 0.0670732 1
16.1921 72.6567 0.0652174 1
14.0841 72.8834 0.020979 1
15.7925 72.7109 0.0603015 1
13.3542 72.5965 0.0232558 1
10.5577 72.7462 0.0272109 1
12.7063 72.2142 0.0634921 1
9.48605 72.6747 0.0243902 1
7.09547 72.5481 0.0780142 1
7.54934 72.7376 0.0182927 1
4.00237 71.8503 0.0405405 1
3.04968 72.5067 0.0788177 1
1.71163 72.457 0.0877193 1
2.90561 72.1387 0.0143885 1
1.91208 72.3235 0.0134228 1
2.99876 71.4976 0.0373134 1
5.00207 71.6384 0.00847458 1
7.9482 71.9399 0.104046 1
7.76216 69.7577 0.00571429 1
7.44232 70.4221 0.0410256 1
9.86366 69.6727 0.0463918 1
12.7462 67.7073 0.0374332 1
22.853 51.8191 0.0613497 0
24.7723 65.598 0.162651 0
16.6255 68.6824 0.135266 0
113.246 197.772 0.153846 0
113.246 197.772 0.00735294 0
113.246 197.772 0.00675676 0
24.7723 65.598 0.00657895 0
16.6255 68.6824 0.103627 0
113.246 197.772 0.0157068 0
38.9278 26.8833 0.0562771 0
24.7723 65.598 0.0307692 0
16.6255 68.6824 0.0466102 0
17.614 55.4981 0.288889 0
141.245 41.0006 0.00478469 0
37.8619 260.392 0.0190476 0
38.9278 26.8833 0.0562771 0
38.9278 26.8833 0.246575 0
37.8619 260.392 0.0275862 0
21.8499 28.6148 0.139241 1
112.777 24.6281 0.161972 1
115.078 159.626 0.0218978 1
113.246 197.772 0.027933 0
76.0637 233.509 0.15625 0
76.0637 233.509 0.0321101 0
95.7421 257.288 0.246575 0
76.0637 233.509 0.12 0
28.4629 41.641 0.0544554 0
95.7421 257.288 0.0203046 0
95.7421 257.288 0.00520833 0
21.4042 23.7791 0.0275862 0
76.0637 233.509 0.12 0
48.6951 275.15 0.0859375 0
21.4042 23.7791 0.0847458 0
48.6951 275.15 0.0227273 0
48.6951 275.15 0.239726 0
48.6951 275.15 0.0955056 0
48.6951 275.15 0.0162602 0
28.4629 41.641 0.0544554 0
48.6951 275.15 0.0859375 0
68.4305 298.929 0.016 1
77.6006 301.926 0.195122 1
30.898 284.575 0.0404624 1
46.802 143.704 0.0103093 0
94.5616 276.804 0.0163934 0
46.802 143.704 0.033557 0
94.5616 276.804 0.05625 0
94.5616 276.804 0.0285714 0
49.1231 133.1 0.0571429 0
94.5616 276.804 0.0163934 0
49.1231 133.1 0.032967 0
91.0369 305.855 0.00952381 1
60.334 320.634 0.415584 1
36.3219 320.117 0.00621118 0
46.802 143.704 0.0403226 0
46.802 143.704 0.0103627 0
46.802 143.704 0.033557 0
26.7179 179.529 0.032967 0
26.7179 179.529 0.0288066 0
26.7179 179.529 0.0454545 0
26.7179 179.529 0.0163934 0
82.147 132.116 0.05 1
9.87202 150.361 0.0428016 1
25.9756 143.969 0.0202703 1
0.995585 148.572 0.0434783 1
24.0794 131.584 0.00529101 1
44.8471 114.773 0.085 1
23.4588 64.6043 0.123596 1
24.2643 67.9306 0.241573 1
21.3234 72.1517 0.00609756 1
21.8348 72.4044 0.0849673 1
20.1091 72.2264 0.0153846 1
17.6133 72.6245 0.0282486 1
15.8593 72.6334 0.124031 1
18.0607 72.4035 0.00813008 1
14.3036 72.4074 0.0342857 1
17.1119 72.4722 0.0172414 1
14.2512 72.0008 0.0949721 1
16.0872 72.4485 0.0208333 1
14.3023 72.2055 0.122699 1
14.4737 72.03 0.00784314 1
11.4751 72.0767 0.026455 1
10.3371 72.4543 0.00675676 1
8.45167 72.6779 0.0289855 1
8.58301 71.1811 0.0425532 1
4.13014 71.4565 0.0444444 1
5.05681 71.8794 0.05 1
3.75775 71.8869 0.0331126 1
2.45954 72.3102 0.0248447 1
2.57893 71.5574 0.0150376 1
4.12907 71.8465 0.00653595 1
5.28671 71.7895 0.00531915 1
6.88742 71.0982 0.047619 1
55.9988 43.5042 0.047619 0
55.9988 43.5042 0.008 0
7.79693 60.9662 0.0145985 0
23.6524 51.8864 0.0540541 0
7.79693 60.9662 0.198529 0
23.6524 51.8864 0.221477 0
7.79693 60.9662 0.0437956 0
10.4703 38.844 0.0189873 0
23.6524 51.8864 0.0613497 0
23.6524 51.8864 0.0540541 0
23.6524 51.8864 0.221477 0
3.32342 13.7789 0.011236 1
7.45675 14.678 0.0615385 1
17.6735 5.93037 0.0675676 1
66.5322 8.58023 0.0147059 1
2.2944 59.0084 0.210526 1
65.5319 48.6225 0.0454545 1
22.4626 85.6026 0.162651 0
22.4626 85.6026 0.00657895 0
22.4626 85.6026 0.0307692 0
73.429 183.665 0.0245902 1
32.1208 349.299 0.0446429 1
65.7767 301.743 0.135266 0
65.7767 301.743 0.103627 0
65.7767 301.743 0.0466102 0
65.7767 301.743 0.288889 0
29.0196 319.318 0.0465116 1
30.594 334.465 0.0866142 1
46.2006 338.237 0.030303 1
32.039 324.68 0.0131579 1
68.7004 286.717 0.00478469 0
68.7004 286.717 0.0203046 0
74.9027 346.085 0.0227273 1
72.1923 290.087 0.00520833 0
9.31776 56.645 0.0847458 0
74.2719 338.26 0.254237 1
94.4998 322.861 0.015748 1
41.516 293.283 0.105263 0
41.8438 207.366 0.0288066 0
51.4543 352.433 0.108108 0
41.516 293.283 0.25 0
26.5725 345.545 0.0208333 0
41.8438 207.366 0.0454545 0
41.8438 207.366 0.0163934 0
51.4543 352.433 0.162896 0
3.73768 342.598 0.00574713 0
26.5725 345.545 0.121339 0
51.4543 352.433 0.00621118 0
51.4543 352.433 0.108108 0
51.4543 352.433 0.162896 0
51.4543 352.433 0.0491803 0
92.9215 59.1501 0.0941176 1
24.3798 162.787 0.038674 1
11.4774 155.238 0.386179 1
2.1669 153.216 0.0829268 1
22.813 18.7241 0.1 1
29.5743 150.65 0.273504 1
43.7619 148.117 0.0530303 1
3.01601 146.445 0.0168539 1
8.909 134.299 0.288462 1
152.709 59.2732 0.133333 1
20.5688 72.8194 0.0324074 1
22.9413 73.5698 0.152263 1
19.1433 72.6569 0.115385 1
19.6516 72.5617 0.0170455 1
17.7648 73.3232 0.0769231 1
18.5429 73.4549 0.057971 1
15.7998 73.0312 0.0569106 1
16.8078 73.812 0.00684932 1
19.3733 73.3686 0.010989 1
16.153 73.3709 0.0495868 1
15.4213 73.4774 0.0839161 1
13.9918 73.6496 0.00649351 1
12.2191 73.0587 0.054878 1
12.3284 73.5009 0.0648649 1
11.4636 73.8026 0.0687831 1
9.58701 73.8503 0.0418848 1
7.26072 73.5137 0.0324675 1
5.63649 73.474 0.075 1
4.86543 73.1695 0.0319149 1
3.56756 73.0757 0.0211268 1
2.89161 73.5941 0.0144928 1
1.49323 72.8551 0.00625 1
3.22987 73.2029 0.00826446 1
6.57561 72.9812 0.0289855 1
7.41388 68.8823 0.0320856 1
56.574 44.8886 0.047619 0
56.574 44.8886 0.008 0
56.574 44.8886 0.0444444 0
58.0747 19.0813 0.234043 0
83.2229 6.4214 0.205128 1
20.2986 102.38 0.0746269 1
184.384 316.451 0.0892857 1
13.7373 342.198 0.0444444 1
24.0853 404.059 0.0344828 1
78.9739 357.623 0.0145985 0
78.9739 357.623 0.198529 0
78.9739 357.623 0.0437956 0
80.1539 421.593 0.0508475 0
39.6464 411.554 0.040404 1
80.4838 354.89 0.0189873 0
52.763 408.326 0.0566038 1
56.8855 398.314 0.00925926 1
60.7416 409.078 0.220238 1
61.6787 410.463 0.327586 1
64.0124 389.727 0.345679 1
69.3812 384.74 0.0510204 1
29.636 238.348 0.00840336 0
71.0125 365.185 0.057554 1
32.2761 238.078 0.0491803 0
32.2761 238.078 0.032 0
15.9126 339.72 0.263889 0
32.2761 238.078 0.105263 0
32.2761 238.078 0.25 0
32.2761 238.078 0.00840336 0
32.2761 238.078 0.032 0
32.2761 238.078 0.00854701 0
32.2761 238.078 0.219697 0
25.1473 101.643 0.167939 0
32.2761 238.078 0.00574713 0
53.239 118.787 0.00826446 0
12.7626 143.151 0.0794702 1
32.1539 238.632 0.0208333 0
32.1539 238.632 0.121339 0
25.0299 101.088 0.0289855 0
53.3523 118.232 0.016129 0
53.3523 118.232 0.00689655 0
54.3691 150.005 0.361111 1
1.48934 155.829 0.184834 1
23.8363 149.014 0.121429 1
37.9139 148.206 0.0432099 1
55.2364 139.391 0.00869565 1
149.223 55.629 0.0285714 1
23.9564 70.5445 0.0217391 1
23.366 73.9317 0.272727 1
20.7729 74.3499 0.0792079 1
17.8105 74.5389 0.0454545 1
19.5158 74.7087 0.3125 1
17.9182 74.1343 0.0522876 1
16.4899 73.9582 0.0545455 1
18.6168 74.3355 0.00653595 1
14.624 74.4021 0.0382979 1
17.2763 74.3334 0.00729927 1
14.8886 73.7977 0.00909091 1
14.7893 74.132 0.0141844 1
12.6718 75.291 0.0192308 1
13.3886 73.9799 0.0243902 1
13.022 74.3871 0.0052356 1
10.4928 74.5389 0.0365854 1
9.27357 74.1568 0.0394089 1
6.98696 74.2127 0.0532544 1
6.20795 73.9841 0.0116959 1
4.90382 73.7877 0.0238095 1
4.07667 74.1342 0.0114286 1
2.36932 73.9587 0.135714 1
2.86885 73.5865 0.025974 1
4.96195 73.925 0.177778 1
5.69862 73.6487 0.364103 1
90.7499 337.064 0.0444444 0
5.50224 64.7489 0.229167 1
5.46405 62.0127 0.0748299 1
105.928 36.7342 0.010929 0
90.7506 337.099 0.234043 0
90.7506 337.099 0.0508475 0
90.7506 337.099 0.0263158 0
105.928 36.7342 0.0210526 0
90.7506 337.099 0.0196078 0
116.388 379.144 0.0540541 1
38.4423 379.934 0.0689655 1
90.4333 338.475 0.0263158 0
123.873 382.058 0.057971 1
53.4599 403.04 0.0206186 1
41.4056 405.545 0.0319149 1
32.7082 386.008 0.0625 1
64.4481 400.061 0.047619 1
67.2553 409.627 0.00877193 1
84.0362 408.9 0.0140845 1
54.6959 383.95 0.141791 1
70.8739 375.773 0.0469799 1
33.5913 234.284 0.00854701 0
33.5913 234.284 0.219697 0
13.5932 339.329 0.0860927 0
56.1597 375.377 0.00534759 0
13.5932 339.329 0.263889 0
25.4878 105.045 0.167939 0
25.4878 105.045 0.0289855 0
13.5932 339.329 0.0860927 0
73.6177 17.1441 0.0620155 1
17.9363 149.503 0.295699 1
55.4099 116.958 0.0307692 1
34.8679 4.65297 0.00826446 0
34.8679 4.65297 0.016129 0
34.8679 4.65297 0.00689655 0
34.8679 4.65297 0.0507246 0
71.2014 167.195 0.00813008 1
24.6638 191.16 0.0210526 1
7.42924 152.251 0.111111 1
32.7878 151.433 0.222772 1
52.6846 33.7248 0.0507246 0
52.6846 33.7248 0.024 0
14.3997 155.82 0.0490196 1
29.4559 149.82 0.0172414 1
8.40358 132.448 0.0564972 1
23.3812 65.1218 0.12605 1
23.4975 72.8554 0.118421 1
20.7627 73.5428 0.303167 1
19.38 73.5294 0.0344828 1
18.9192 73.425 0.119048 1
17.1991 73.3432 0.0218579 1
17.4781 74.4196 0.0209424 1
15.8787 74.1007 0.00847458 1
15.3801 74.4256 0.0300752 1
13.087 74.0176 0.062069 1
14.9177 73.4866 0.0566038 1
15.3069 74.17 0.0275591 1
14.5059 73.5615 0.0215827 1
13.7411 73.9316 0.0207254 1
9.8834 74.3357 0.384615 1
10.0565 73.9729 0.0198676 1
10.6783 74.1625 0.0181818 1
7.85128 74.0321 0.00546448 1
6.48427 73.7716 0.0875912 1
6.03099 73.7725 0.00694444 1
4.88116 74.0866 0.0635838 1
3.45322 74.0346 0.00675676 1
1.78688 73.1547 0.030303 1
3.01267 73.4903 0.165517 1
7.26164 72.9344 0.0692308 1
5.47983 73.5385 0.0149254 1
5.64765 71.92 0.0447761 1
91.776 336.908 0.0196078 0
91.776 336.908 0.0612245 0
46.6317 394.706 0.0909091 1
76.3089 374.599 0.0181818 1
90.6412 338.876 0.010929 0
90.6412 338.876 0.0210526 0
90.6412 338.876 0.0612245 0
90.6412 338.876 0.00595238 0
57.2684 395.401 0.280822 1
65.7757 398.619 0.00826446 1
64.9108 392.359 0.00847458 1
82.1986 401.802 0.00847458 1
74.1051 379.12 0.05 1
65.8607 392.513 0.048 1
63.3746 390.071 0.133333 1
61.1514 343.353 0.127119 0
64.828 322.5 0.0165289 0
92.9722 321.953 0.0330578 0
74.5742 202.581 0.00534759 0
44.4772 180.162 0.122302 1
46.0271 116.298 0.00558659 1
157.794 115.232 0.0614525 1
45.0557 299.145 0.267677 1
54.4702 339.149 0.00531915 1
23.3434 328.425 0.0429448 0
37.6927 182.95 0.024 0
37.6927 182.95 0.0792683 0
37.6927 182.95 0.0677966 0
23.3434 328.425 0.00740741 0
63.0829 307.707 0.0224719 0
37.6927 182.95 0.0792683 0
37.6927 182.95 0.005 0
44.1341 145.475 0.0184332 1
31.6803 125.9 0.140351 1
23.9037 155.947 0.0677966 1
37.2962 181.731 0.0677966 0
37.2962 181.731 0.00469484 0
34.9222 147.83 0.00442478 1
4.95817 155.415 0.206422 1
28.6636 103.108 0.0267857 1
165.936 67.6828 0.0173913 1
21.8734 73.0868 0.017341 1
22.1938 73.6249 0.00921659 1
19.8106 73.078 0.142857 1
18.0833 73.255 0.0309278 1
15.8946 73.8007 0.020202 1
19.3164 74.4467 0.0534351 1
15.0592 73.8276 0.348039 1
16.5477 74.1916 0.03125 1
16.8332 73.9098 0.0735294 1
13.1497 74.2613 0.161491 1
12.2222 74.3246 0.0125 1
10.6218 73.338 0.0184049 1
11.9296 74.6968 0.0526316 1
9.12828 73.9942 0.0853659 1
7.41664 73.666 0.223404 1
6.24642 73.7308 0.0295858 1
3.97284 73.6287 0.0160428 1
2.76411 73.5079 0.0273973 1
3.63088 73.4403 0.025641 1
1.93936 73.6071 0.08 1
2.8206 73.1623 0.0326087 1
5.21937 73.5285 0.0134529 1
7.9185 73.1571 0.0322581 1
8.92586 72.2857 0.046875 1
8.41221 72.4083 0.0638298 1
101.075 338.473 0.00595238 0
7.01495 66.9471 0.245614 1
16.57 60.1367 0.125828 1
101.052 338.54 0.012987 0
101.052 338.54 0.0568182 0
33.7676 360.842 0.277108 1
34.0921 370.105 0.0165289 1
69.9844 394.273 0.0748299 1
67.3669 394.1 0.00746269 1
52.1039 361.717 0.1 0
53.7 368.823 0.0181818 0
69.6876 375.546 0.0149254 0
32.4759 391.268 0.07 0
62.59 345.401 0.0214286 0
52.1039 361.717 0.01 0
69.6876 375.546 0.0277778 0
32.4759 391.268 0.00909091 0
62.59 345.401 0.127119 0
62.59 345.401 0.0214286 0
111.909 288.469 0.172932 0
111.909 288.469 0.142857 0
19.3782 23.4223 0.00909091 1
111.844 30.92 0.156716 1
12.2962 248.807 0.07 1
61.5573 217.5 0.0847458 0
54.9463 56.9315 0.0165289 0
54.4281 94.0519 0.172932 0
54.4281 94.0519 0.0510949 0
74.0496 291.75 0.0588235 1
46.4109 27.0782 0.0330578 0
45.5066 123.905 0.142857 0
166.677 300.44 0.00925926 1
74.2243 413.221 0.00609756 1
31.5497 259.686 0.005 0
31.5497 259.686 0.00469484 0
31.5497 259.686 0.111111 0
31.5497 259.686 0.016 0
31.5497 259.686 0.0105263 0
31.5497 259.686 0.0429448 0
31.5497 259.686 0.00740741 0
31.5497 259.686 0.111111 0
31.5497 259.686 0.0467836 0
71.2423 155.038 0.247368 1
53.2316 154.798 0.00694444 1
31.0002 252.818 0.0224719 0
31.0002 252.818 0.016 0
31.0002 252.818 0.0105263 0
18.1263 169.057 0.0186335 1
17.209 159.186 0.0248756 1
4.78806 169.494 0.0526316 1
24.5991 161.757 0.00606061 1
172.128 56.5461 0.172414 1
19.9647 57.407 0.0775862 1
21.8123 74.6361 0.00793651 1
18.8775 74.801 0.101695 1
19.8547 75.2353 0.100629 1
19.2853 74.9397 0.103774 1
16.9987 74.6964 0.341463 1
14.0387 75.33 0.0208333 1
15.0233 75.3258 0.0454545 1
15.4541 75.0365 0.0449438 1
14.7197 75.1158 0.0828025 1
13.0309 74.4926 0.00689655 1
13.7855 74.984 0.0311111 1
16.3798 75.2951 0.0585106 1
13.4857 74.8768 0.0223881 1
11.6457 75.47 0.00518135 1
10.0071 75.2564 0.0126582 1
6.99497 74.906 0.0374332 1
5.02379 74.9152 0.00621118 1
5.87048 75.1695 0.0201342 1
2.9671 75.052 0.00549451 1
2.41063 74.7478 0.0456853 1
3.08506 74.4232 0.00680272 1
2.60011 74.8651 0.0653266 1
3.72111 74.4522 0.0601093 1
8.54883 72.9217 0.012987 1
5.97391 74.1844 0.101124 1
11.3158 70.1291 0.270463 1
11.4938 67.0231 0.0481928 1
102.738 339.27 0.0347826 0
13.6999 68.306 0.0154639 1
102.692 339.347 0.012987 0
102.692 339.347 0.0568182 0
102.692 339.347 0.242105 0
102.692 339.347 0.0347826 0
102.692 339.347 0.242105 0
102.692 339.347 0.197368 0
102.692 339.347 0.0828402 0
102.692 339.347 0.0377358 0
69.7572 405.879 0.0927835 0
85.404 402.177 0.0253165 0
12.8554 350.929 0.15625 1
52.071 360.766 0.0273973 0
31.0884 150.033 0.0107527 0
52.071 360.766 0.1 0
52.071 360.766 0.01 0
52.071 360.766 0.0273973 0
36.5196 210.733 0.114286 1
31.7633 150.257 0.0185185 0
86.8039 247.178 0.0342466 0
79.0003 241.902 0.00934579 0
31.7633 150.257 0.0181818 0
31.7633 150.257 0.0107527 0
86.8039 247.178 0.0421687 0
62.9741 236.469 0.0347826 0
79.0003 241.902 0.0787402 0
31.7633 150.257 0.0149254 0
31.7633 150.257 0.0277778 0
46.6057 172.194 0.0510949 0
64.3965 217.275 0.0331492 0
79.0003 241.902 0.0198676 0
85.8782 238.361 0.0168539 0
31.7633 150.257 0.07 0
31.7633 150.257 0.00909091 0
79.0003 241.902 0.0940171 0
64.3965 217.275 0.0847458 0
64.3965 217.275 0.0331492 0
102.177 389.469 0.0233645 1
115.797 425.092 0.402715 1
43.8928 425.207 0.166667 1
9.61071 426.639 0.00921659 1
55.3132 374.983 0.021978 1
27.4498 389.683 0.0802469 1
18.181 259.826 0.0467836 0
18.181 259.826 0.242775 0
11.9748 385.72 0.0458015 0
18.181 259.826 0.242775 0
18.181 259.826 0.0128205 0
10.5658 125.894 0.133333 1
10.3205 161.968 0.0180995 1
26.5471 158.943 0.00497512 1
25.4908 165.133 0.0786517 1
10.8253 160.531 0.115578 1
21.7763 92.6255 0.157895 1
26.6308 61.6108 0.0574713 1
23.1824 74.0634 0.145228 1
20.9584 74.5312 0.279503 1
19.0464 74.5655 0.01 1
20.2362 74.5518 0.016 1
19.728 75.0033 0.0662651 1
16.2947 75.274 0.2 1
18.627 75.2835 0.020979 1
17.4516 74.8263 0.118557 1
14.9715 74.7363 0.035503 1
13.9995 75.0164 0.00497512 1
12.5596 74.6815 0.0965909 1
15.6209 75.0538 0.0632911 1
9.26056 74.3487 0.128571 1
11.5773 74.8275 0.15 1
9.32223 74.6105 0.0108696 1
10.0544 74.352 0.113208 1
6.95034 74.7863 0.0424528 1
5.95785 74.5931 0.129944 1
4.05125 74.7886 0.00458716 1
2.93721 72.9209 0.0817308 1
2.91233 74.3505 0.176796 1
2.01417 73.8247 0.0133333 1
3.24615 74.173 0.0287356 1
23.3263 64.5023 0.00574713 0
23.3263 64.5023 0.111111 0
4.4344 68.4332 0.035461 0
8.42887 70.0838 0.0456621 0
23.3263 64.5023 0.0338983 0
8.42887 70.0838 0.139918 0
27.9161 69.0903 0.0100503 0
8.42887 70.0838 0.16 0
14.983 69.1686 0.192982 0
9.09545 71.8771 0.225191 0
27.9161 69.0903 0.0100503 0
27.9161 69.0903 0.0479042 0
27.9161 69.0903 0.0652174 0
5.8426 2.51818 0.0163934 1
15.886 4.14533 0.187919 1
15.3701 15.1345 0.202186 1
4.91056 17.8197 0.133333 1
103.25 338.356 0.197368 0
16.7885 52.0913 0.0479042 0
16.7885 52.0913 0.0255102 0
16.7885 52.0913 0.00434783 0
16.7885 52.0913 0.030837 0
103.25 338.356 0.0828402 0
103.25 338.356 0.0377358 0
16.7885 52.0913 0.0652174 0
16.7885 52.0913 0.134409 0
18.0251 62.8705 0.251012 0
16.7885 52.0913 0.00938967 0
16.7885 52.0913 0.0121457 0
16.7885 52.0913 0.209016 0
86.6661 390.448 0.0927835 0
16.7885 52.0913 0.134409 0
1.46574 10.7793 0.372973 1
12.6499 5.59174 0.0757576 1
1.61451 8.27038 0.0439024 0
85.1496 389.864 0.0253165 0
18.2377 51.5074 0.251012 0
85.1496 389.864 0.0197368 0
1.61451 8.27038 0.157895 0
31.7633 150.257 0.0185185 0
85.1496 389.864 0.0197368 0
78.215 397.435 0.04 0
84.6598 398.134 0.0523256 0
45.201 388.105 0.0105263 0
86.8039 247.178 0.0342466 0
86.8039 247.178 0.0421687 0
78.215 397.435 0.04 0
24.4359 10.7087 0.198953 1
1.04439 17.3812 0.152709 1
14.4019 12.4415 0.0052356 1
4.48496 21.1981 0.30303 0
40.0121 11.1689 0.0695187 1
52.7683 17.3204 0.0154639 1
83.5084 201.061 0.0347826 0
9.89946 46.816 0.00469484 0
122.391 34.8461 0.046729 1
79.6551 156.09 0.00934579 0
79.6551 156.09 0.0787402 0
79.6551 156.09 0.0198676 0
79.6551 156.09 0.0940171 0
92.2816 333.691 0.0680628 1
30.6363 159.214 0.0168539 0
84.5589 378.004 0.00632911 1
22.1473 391.101 0.0368421 1
70.6628 381.867 0.0297619 1
133.538 328.518 0.037594 1
150.379 416.922 0.0123457 1
33.8543 323.168 0.0128205 0
33.8543 323.168 0.0458015 0
33.2918 135.023 0.128 1
5.33376 164.215 0.0858369 1
41.9638 149.913 0.0157895 1
96.3696 156.855 0.0178571 1
23.203 184.599 0.00628931 1
27.9145 172.361 0.0784314 1
157.001 55.0148 0.0731707 1
22.0864 66.0571 0.242424 1
19.5109 75.4888 0.00943396 1
22.3785 75.8358 0.0190114 1
17.8135 75.9792 0.0320513 1
16.8306 75.3237 0.00666667 1
16.0829 76.2373 0.0107527 1
18.1593 75.2055 0.0052356 1
13.8181 75.2452 0.227723 1
14.463 75.359 0.05 1
11.0983 75.4249 0.0393701 1
13.8473 74.9022 0.0111732 1
13.668 75.0722 0.0597826 1
12.4191 75.1301 0.0680628 1
10.7307 75.5043 0.0265487 1
7.95562 75.4084 0.148148 1
5.11465 73.8368 0.0552147 1
8.01722 74.6274 0.0560748 1
3.86318 74.1954 0.0657277 1
1.60415 71.4879 0.0210084 0
2.97816 74.6042 0.203065 1
1.59861 71.4088 0.0147059 0
1.48703 71.8154 0.208122 0
14.1694 69.2653 0.0625 0
3.7397 72.6408 0.015 0
14.1694 69.2653 0.0984456 0
3.7397 72.6408 0.211982 0
7.73629 72.8952 0.00851064 0
23.8026 65.0883 0.0512821 0
4.53705 69.0192 0.0138889 0
14.1694 69.2653 0.0304878 0
3.7397 72.6408 0.0957447 0
7.73629 72.8952 0.208738 0
23.8026 65.0883 0.00574713 0
23.8026 65.0883 0.111111 0
23.8026 65.0883 0.0338983 0
23.8026 65.0883 0.0512821 0
22.5799 3.9309 0.234375 1
5.49926 28.2208 0.0631068 0
2.05385 26.8163 0.0135135 1
10.4618 24.502 0.0232558 1
2.242 22.9885 0.242105 1
51.902 1.78784 0.166667 1
4.44054 30.3648 0.172932 1
11.1191 38.3656 0.035461 0
11.1191 38.3656 0.0138889 0
2.85094 32.3043 0.0670103 0
8.89999 70.6699 0.0456621 0
8.89999 70.6699 0.139918 0
8.89999 70.6699 0.16 0
2.85094 32.3043 0.0631068 0
2.85094 32.3043 0.0670103 0
88.4949 497.609 0.0311111 0
88.4949 497.609 0.030888 0
2.85094 32.3043 0.0546875 0
2.85094 32.3043 0.336683 0
21.7353 5.01807 0.19186 0
10.8533 2.15741 0.0339806 0
96.7067 426.939 0.192982 0
96.7067 426.939 0.0255102 0
96.7067 426.939 0.00938967 0
88.4949 497.609 0.0311111 0
85.8339 465.305 0.00657895 1
55.5943 490.264 0.024 1
66.1075 492.166 0.314465 1
83.9217 421.715 0.225191 0
83.9217 421.715 0.00434783 0
83.9217 421.715 0.0121457 0
75.7048 492.385 0.030888 0
32.4331 485.602 0.0147059 1
83.335 419.276 0.030837 0
83.335 419.276 0.209016 0
47.8928 476.154 0.0643564 1
16.2627 473.74 0.035503 1
29.8778 455.039 0.0625 1
63.426 472.752 0.122066 0
62.6984 463.081 0.00757576 1
64.1139 468.815 0.0439024 0
64.1139 468.815 0.157895 0
84.6598 398.134 0.0523256 0
64.1139 468.815 0.30303 0
64.1139 468.815 0.00469484 0
64.1139 468.815 0.122066 0
64.1139 468.815 0.114833 0
64.1139 468.815 0.010582 0
22.6223 70.6809 0.0105263 0
64.1139 468.815 0.114833 0
42.4372 448.654 0.100775 1
38.4856 468.09 0.0333333 1
50.0481 445.817 0.09 1
19.7538 436.043 0.0272727 1
35.6616 447.029 0.12782 1
103.75 421.676 0.00854701 1
44.4365 281.878 0.0326797 0
44.4365 281.878 0.0827586 0
138.531 459.749 0.376404 1
116.552 462.14 0.0829016 0
106.6 466.207 0.00636943 0
41.9235 287.565 0.0326797 0
75.8738 174.575 0.120879 1
42.5406 282.407 0.0827586 0
42.5406 282.407 0.00628931 0
65.6389 183.8 0.00546448 1
46.9603 182.143 0.0397351 1
11.226 188.266 0.0567686 1
11.6577 194.164 0.0373832 1
2.563 169.831 0.0301205 1
174.579 68.6224 0.125 1
23.1365 73.0133 0.151899 1
20.2454 75.8809 0.0285714 1
20.0248 75.1065 0.00662252 1
17.945 74.9685 0.0342466 1
20.3846 76.0273 0.167488 1
15.697 76.2399 0.00480769 1
13.2169 75.8379 0.238342 1
16.1015 75.6386 0.0052356 1
13.02 74.9304 0.110497 1
13.622 74.825 0.0060241 1
11.6417 74.6939 0.12973 1
13.351 69.5734 0.0143541 1
10.8663 75.2813 0.229592 1
7.69282 75.3878 0.421965 1
9.37802 68.8128 0.0935961 1
7.75946 71.5392 0.0588235 0
4.72905 70.6368 0.00913242 1
8.50616 65.5692 0.0130719 0
7.74829 71.4668 0.0793651 0
1.60861 71.8489 0.175355 0
7.28665 69.6532 0.0393258 0
13.1372 67.7666 0.0316456 0
1.60861 71.8489 0.0210084 0
1.60861 71.8489 0.0147059 0
1.60861 71.8489 0.175355 0
1.60861 71.8489 0.0680851 0
1.12102 0.40659 0.0341463 1
1.29025 71.4093 0.178082 0
6.73227 1.75609 0.49162 1
14.4292 1.48117 0.27044 1
15.1862 11.5544 0.0275862 1
11.2356 13.104 0.00757576 1
2.87575 53.3724 0.0680851 0
2.87575 53.3724 0.0877193 0
2.87575 53.3724 0.039604 0
2.87575 53.3724 0.032967 0
2.87575 53.3724 0.0297619 0
2.87575 53.3724 0.208122 0
2.87575 53.3724 0.0877193 0
87.7636 460.272 0.0338983 1
83.299 478.037 0.0325203 1
82.9968 414.02 0.0625 0
82.9968 414.02 0.0984456 0
82.9968 414.02 0.0304878 0
82.9968 414.02 0.015 0
82.9968 414.02 0.211982 0
82.9968 414.02 0.0957447 0
82.9968 414.02 0.00851064 0
82.9968 414.02 0.208738 0
74.3777 485.13 0.0546875 0
9.79165 452.828 0.00574713 1
33.0733 467.133 0.00671141 1
74.4743 482.744 0.336683 0
14.1878 445.347 0.00840336 1
74.5658 480.914 0.19186 0
58.6358 453.539 0.0232558 1
75.2065 480.399 0.0339806 0
48.5203 471.974 0.0243902 1
32.2923 463.768 0.048 1
63.9486 466.901 0.010582 0
70.1534 463.912 0.0683761 1
66.7017 462.43 0.00869565 1
51.9904 450.528 0.0824742 1
82.6068 458.443 0.0661157 1
91.5786 458.343 0.122807 1
15.0208 457.532 0.08125 1
50.7225 466.691 0.00851064 1
73.0073 448.119 0.140351 1
118.861 443.7 0.2 1
52.0047 451.635 0.0375 1
43.55 459.441 0.0338164 0
74.4851 446.806 0.26087 1
47.4373 282.781 0.00628931 0
47.4373 282.781 0.342995 0
47.4373 282.781 0.210526 0
42.7427 460.11 0.0046729 0
30.9249 452.019 0.00465116 0
47.4373 282.781 0.0829016 0
47.4373 282.781 0.342995 0
4.39059 185.404 0.00512821 1
47.4139 283.302 0.00636943 0
47.4139 283.302 0.210526 0
47.4139 283.302 0.0340136 0
16.889 168.717 0.056701 1
15.6007 186.761 0.025 1
32.5878 189.797 0.166667 1
33.9621 160.816 0.122222 1
17.9531 157.694 0.0104712 1
157.321 69.6099 0.190476 1
21.6595 59.4564 0.0531915 1
21.2928 74.9817 0.0797872 1
20.2477 75.8371 0.0151515 1
16.8018 75.9571 0.203297 1
16.5612 75.7247 0.32 1
17.5677 75.4241 0.0125786 1
15.8855 75.9811 0.0522876 1
15.1452 75.1804 0.0352941 1
14.4751 74.9366 0.0397351 1
13.5608 71.679 0.0331126 0
8.71435 68.9731 0.0543478 0
13.5608 71.679 0.0594595 0
13.5608 71.679 0.153846 0
6.82328 62.0961 0.0722222 0
13.5608 71.679 0.00497512 0
6.82328 62.0961 0.166667 0
22.2204 52.5298 0.0897436 0
10.9376 72.9867 0.030303 1
22.6874 57.02 0.0268456 0
8.74033 66.2526 0.0625 0
7.47382 72.1502 0.0777778 0
22.2208 52.5252 0.037037 0
22.6874 57.02 0.210938 0
8.74033 66.2526 0.0130719 0
8.74033 66.2526 0.0625 0
15.1017 5.8976 0.349206 0
8.74033 66.2526 0.0379747 0
14.1123 9.23259 0.0405405 1
20.4815 7.45732 0.166667 1
15.1633 10.8092 0.0823529 1
28.8419 32.7026 0.0810811 1
7.47382 72.1502 0.0588235 0
7.47382 72.1502 0.0793651 0
7.47382 72.1502 0.0777778 0
16.4949 52.0913 0.349206 0
7.47382 72.1502 0.14433 0
16.4949 52.0913 0.0413223 0
16.4949 52.0913 0.127273 0
86.8396 406.349 0.178082 0
10.8227 20.0589 0.0379747 0
7.47382 72.1502 0.14433 0
86.8396 406.349 0.0860215 0
86.8396 406.349 0.0120482 0
10.8227 20.0589 0.189542 0
10.8227 20.0589 0.161972 0
86.8396 406.349 0.0393258 0
86.8396 406.349 0.039604 0
86.8396 406.349 0.0860215 0
76.8257 426.408 0.0442478 1
13.2868 449.402 0.034188 1
31.1518 459.196 0.019802 1
85.1665 406.467 0.0316456 0
85.1665 406.467 0.032967 0
85.1665 406.467 0.0120482 0
85.1665 406.467 0.0297619 0
38.9482 449.288 0.00793651 1
51.2681 459.143 0.0153846 1
7.05247 438.1 0.0175439 1
46.5207 459.895 0.025 1
23.3101 428.409 0.0681818 1
47.5555 455.244 0.167742 1
38.0574 450.402 0.0833333 1
47.1521 451.781 0.0222222 1
47.7248 447.925 0.0458015 1
50.1428 436.974 0.0210526 1
76.1563 445.754 0.176056 1
76.6543 444.297 0.0196078 1
64.5613 448.309 0.272727 1
77.9277 418.637 0.0625 1
38.9122 435.974 0.00543478 1
46.6003 444.639 0.158103 1
57.0407 421.111 0.0786026 1
60.5338 430.421 0.0135135 1
18.5533 396.092 0.109375 0
49.0073 425.721 0.00925926 0
18.5533 396.092 0.0640394 0
49.0073 425.721 0.0338164 0
49.0073 425.721 0.0046729 0
49.0073 425.721 0.00925926 0
49.0073 425.721 0.257895 0
6.15047 175.095 0.151899 1
53.8497 251.294 0.0295858 0
40.8994 144.798 0.29148 0
89.3853 166.001 0.0518519 0
53.8497 251.294 0.0340136 0
53.8497 251.294 0.257895 0
53.8497 251.294 0.125654 0
18.5533 396.092 0.0338983 0
41.7843 417.294 0.0674157 1
53.9029 251.076 0.00465116 0
53.9029 251.076 0.125654 0
53.9029 251.076 0.0294118 0
54.678 147.575 0.198895 1
41.7025 174.039 0.103627 1
29.3271 185.044 0.133047 1
21.2673 179.596 0.176471 1
7.31768 177.867 0.00429185 1
17.9074 173.267 0.0301508 1
12.3358 63.8612 0.04 1
22.673 71.5147 0.00819672 1
19.8746 75.6354 0.123223 1
16.6864 76.1065 0.113514 1
16.7247 75.3128 0.0162602 1
19.5094 76.2845 0.038961 1
16.8547 75.5506 0.0115607 1
13.1684 67.7093 0.0743802 1
14.8564 71.1554 0.0952381 1
8.41909 68.9039 0.00671141 0
8.41909 68.9039 0.242236 0
13.2509 71.6098 0.0185185 0
15.7748 74.0967 0.104575 1
8.40117 68.885 0.0543478 0
8.40117 68.885 0.00671141 0
8.40117 68.885 0.242236 0
5.64279 2.7059 0.10559 1
10.7666 66.545 0.144578 0
34.084 10.8559 0.104167 1
36.9786 3.02292 0.0736842 1
7.10063 41.9979 0.236842 0
7.10063 41.9979 0.0331126 0
7.10063 41.9979 0.0594595 0
7.10063 41.9979 0.153846 0
7.10063 41.9979 0.00497512 0
7.10063 41.9979 0.0185185 0
3.09673 20.0101 0.367347 1
6.86854 41.9543 0.156863 0
6.86854 41.9543 0.0722222 0
6.86854 41.9543 0.166667 0
24.141 10.4874 0.0980392 1
6.3692 34.5715 0.0434783 0
43.1109 29.437 0.134146 1
6.48746 27.9897 0.0897436 0
6.48746 27.9897 0.037037 0
6.48746 27.9897 0.0833333 0
81.4464 399.815 0.0307692 1
38.5233 400.082 0.2 1
22.6559 424.744 0.0789474 1
79.9732 374.359 0.0833333 0
79.9732 374.359 0.0731707 0
79.9732 374.359 0.030303 0
79.9732 374.359 0.0192308 0
79.9732 374.359 0.0268456 0
79.9732 374.359 0.210938 0
79.9732 374.359 0.0731707 0
36.7819 428.384 0.0147059 1
79.6722 373.136 0.030303 0
24.3075 417.354 0.0222222 1
85.6685 444.64 0.0413223 0
79.7616 372.573 0.189542 0
37.0689 419.067 0.0648148 1
85.1474 442.62 0.127273 0
79.2438 370.554 0.161972 0
28.7848 407.333 0.0533333 1
43.9814 432.348 0.211538 1
68.8893 418.171 0.130952 1
38.2357 420.976 0.0357143 1
22.1581 427.92 0.1 1
41.2137 437.178 0.0134228 1
45.06 430.599 0.050505 1
59.5641 406.126 0.228571 1
104.685 423.459 0.00925926 1
34.0512 414.996 0.00934579 1
76.794 427.888 0.0169492 1
44.9563 432.95 0.0775862 1
46.127 430.235 0.0616438 1
45.3282 396.012 0.097561 1
17.2973 415.154 0.00970874 1
34.6732 424.209 0.243243 1
17.5829 373.963 0.00966184 1
21.8375 379.041 0.108491 0
57.5218 234.072 0.0295858 0
21.8375 379.041 0.0448718 0
40.7566 414.976 0.138889 0
56.6877 414.419 0.0102041 0
21.8375 379.041 0.109375 0
21.8375 379.041 0.0640394 0
41.3593 144.969 0.29148 0
21.8375 379.041 0.0338983 0
21.8375 379.041 0.108491 0
21.8375 379.041 0.0448718 0
21.8375 379.041 0.0327869 0
21.8375 379.041 0.0441989 0
23.9401 35.9346 0.116162 0
40.3395 35.3772 0.012 0
57.5218 234.072 0.0518519 0
57.5218 234.072 0.0294118 0
21.8375 379.041 0.0327869 0
40.7566 414.976 0.0454545 0
29.6348 415.996 0.0328947 0
32.4217 181.923 0.22335 1
0.934489 180.194 0.00966184 1
6.02681 174.877 0.12037 1
47.3741 181.848 0.0447761 1
7.4105 179.377 0.0631068 1
7.22681 170.153 0.0078125 1
15.0764 165.183 0.0375587 1
172.774 68.5999 0.321429 1
21.7262 67.8734 0.0551181 1
21.284 76.8093 0.221739 1
17.2247 75.8762 0.005 1
14.3073 75.2766 0.116959 1
18.5686 58.6707 0.0238095 0
80.9914 354.123 0.0263158 0
101.085 17.009 0.0125 0
18.5686 58.6707 0.0128205 0
50.3099 53.8119 0.128205 0
129.307 65.69 0.0185185 0
80.9914 354.123 0.144578 0
80.9914 354.123 0.0490196 0
50.3099 53.8119 0.0192308 0
80.9914 354.123 0.0263158 0
80.9914 354.123 0.0490196 0
80.9914 354.123 0.0340909 0
31.0204 407.935 0.0294118 1
17.3479 402.654 0.184615 1
8.6161 410.265 0.0178571 1
38.797 415.311 0.0232558 1
81.2891 351.811 0.236842 0
81.2891 351.811 0.156863 0
81.2891 351.811 0.0434783 0
81.2891 351.811 0.0340909 0
3.7158 389.24 0.180328 1
81.5535 409.111 0.0692308 1
80.7835 355.053 0.0192308 0
67.2169 415.486 0.0588235 1
54.4597 423.364 0.0104167 1
43.6293 423.773 0.0547945 1
40.6484 425.682 0.0487805 1
22.418 412.02 0.0864198 1
37.1555 423.582 0.0173913 1
24.6629 401.851 0.0188679 1
41.4981 422.871 0.256881 1
5.58451 2.29734 0.126761 1
36.6709 415.337 0.0188679 1
37.7868 421.068 0.0519481 1
39.5931 420.775 0.214286 1
40.7192 416.705 0.0616438 1
39.3902 400.348 0.14433 1
72.491 400.548 0.28125 1
70.7402 404.959 0.015625 1
23.6806 389.475 0.0222222 1
99.0295 403.996 0.168421 1
50.685 402.656 0.0166667 1
69.1659 414.614 0.00769231 1
39.2309 414.846 0.365269 1
40.6645 413.066 0.215962 1
33.4926 397.493 0.1375 1
44.4436 383.274 0.0434783 1
25.1837 392.45 0.00632911 1
26.0085 359.914 0.0441989 0
41.9525 395.848 0.130178 0
82.1754 392.323 0.00990099 1
68.3901 392.011 0.0490798 0
41.6992 396.565 0.138889 0
23.9401 35.9346 0.116162 0
41.6992 396.565 0.0454545 0
41.6992 396.565 0.130178 0
17.176 177.922 0.0964912 1
57.2779 218.98 0.1875 0
15.6248 173.031 0.127778 1
29.5801 175.793 0.00888889 1
57.1104 219.576 0.0328947 0
57.1104 219.576 0.00495049 0
74.1067 128.375 0.00537634 1
56.9116 216.502 0.0102041 0
40.5706 144.129 0.012 0
56.9116 216.502 0.0188679 0
32.672 187.313 0.151163 1
39.3445 173.509 0.00884956 1
12.4106 184.942 0.0118343 1
24.4161 182.836 0.00617284 1
41.0843 166.241 0.0459184 1
177.312 64.3749 0.09375 1
18.0078 77.938 0.0258621 1
19.747 67.5733 0.186722 1
18.8323 78.147 0.0144231 1
18.5996 77.2275 0.134884 1
18.6666 60.6913 0.0757576 0
19.2357 75.7085 0.0512821 1
31.0488 68.4556 0.0789474 1
101.213 19.561 0.0125 0
83.5197 41.6617 0.421053 1
29.9326 280.505 0.0789474 1
85.4916 333.007 0.08 0
85.4916 333.007 0.1875 0
85.4916 333.007 0.0238095 0
85.4916 333.007 0.0128205 0
85.4916 333.007 0.0757576 0
85.4916 333.007 0.229167 0
85.4916 333.007 0.217391 0
85.4916 333.007 0.128205 0
85.4916 333.007 0.0192308 0
48.8732 401.249 0.136364 1
85.6772 332.822 0.130435 0
29.5348 363.1 0.230769 1
85.7301 332.569 0.0185185 0
93.5081 405.141 0.05 0
49.479 402.657 0.163462 1
93.9836 404.514 0.0165289 0
109.545 408.021 0.104478 0
22.6551 392.971 0.0119048 1
46.2274 399.743 0.390728 1
101.063 371.151 0.0471698 1
121.488 392.325 0.021978 1
105.893 409.716 0.0583333 1
53.7226 417.412 0.126214 1
73.0293 425.462 0.262887 1
62.352 433.459 0.0377358 1
51.7373 432.108 0.0729927 1
43.7806 435.058 0.261194 1
33.6301 435.451 0.188811 1
30.9156 434.704 0.164384 1
30.6855 432.699 0.239521 1
29.4956 430.543 0.0787879 1
33.6003 427.673 0.044586 1
33.4939 425.198 0.153846 1
30.5932 422.173 0.055 1
27.4805 412.763 0.146552 1
66.6601 415.3 0.169231 1
77.1083 382.963 0.0740741 1
46.8555 408.557 0.139241 1
100.628 413.022 0.0253165 1
97.2622 415.285 0.135593 1
48.5744 408.012 0.115385 1
31.9907 411.999 0.0963855 1
35.0213 422.985 0.180556 1
36.9516 423.439 0.322034 1
36.5561 418.718 0.012605 1
37.5774 389.732 0.0956522 0
37.5774 389.732 0.0571429 0
68.6008 398.05 0.0306122 0
59.9467 225.883 0.0357143 0
37.5774 389.732 0.111111 0
68.6008 398.05 0.021978 0
48.0125 367.88 0.0131579 0
59.9467 225.883 0.1875 0
59.9467 225.883 0.00495049 0
59.9467 225.883 0.0188679 0
59.9467 225.883 0.175325 0
68.6008 398.05 0.0150376 0
48.0125 367.88 0.0338983 0
85.6322 394.407 0.016129 0
54.1519 406.645 0.0984456 0
59.9467 225.883 0.0490798 0
59.9467 225.883 0.0357143 0
59.9467 225.883 0.175325 0
80.157 141.997 0.0289855 0
28.7031 168.524 0.173611 1
8.16873 180.714 0.14554 1
114.005 147.724 0.00609756 1
50.9227 187.386 0.0100503 1
37.0634 191.345 0.0168067 1
9.59524 190.649 0.0130719 1
6.66337 179.092 0.165899 1
1.49207 166.788 0.0337838 1
8.85779 68.4968 0.272727 1
18.8772 73.9467 0.0300429 1
16.9106 79.0462 0.0995025 1
15.073 79.1682 0.0125 1
13.2411 74.9997 0.480447 1
13.5441 79.0043 0.0135135 1
88.5417 342.366 0.08 0
88.5417 342.366 0.229167 0
17.3527 77.6564 0.0508475 1
88.5661 342.383 0.1875 0
88.5661 342.383 0.217391 0
88.5661 342.383 0.130435 0
88.5661 342.383 0.0645161 0
16.0011 74.3486 0.00724638 1
88.5972 342.383 0.0645161 0
111.016 418.263 0.0192308 0
99.3013 420.322 0.00689655 0
88.5972 342.383 0.0208333 0
95.8345 414.756 0.05 0
95.8345 414.756 0.0165289 0
16.7605 3.5073 0.111111 1
98.6421 406.256 0.0234375 0
2.99768 14.0661 0.0273224 1
12.0131 68.2746 0.021978 1
14.8718 77.3838 0.122137 1
43.8845 57.2371 0.025 0
15.4602 73.456 0.367188 1
88.6568 342.415 0.104478 0
88.6568 342.415 0.0192308 0
43.8962 57.2477 0.0769231 0
88.6568 342.415 0.0234375 0
45.8432 399.663 0.078125 1
88.6376 342.356 0.00892857 0
88.6376 342.356 0.0147059 0
73.3473 391.028 0.0510204 0
73.3473 391.028 0.112903 0
46.9718 389.835 0.0307692 1
70.4366 379.701 0.0212766 1
64.147 395.638 0.129032 1
41.9655 382.87 0.025 1
38.9337 416.217 0.138554 1
33.0446 414.494 0.104478 1
29.2696 415.497 0.0357143 1
25.5399 415.826 0.123288 1
24.7113 414.882 0.0363636 1
24.5006 407.853 0.09375 1
43.0555 402.044 0.0238095 1
63.7195 403.689 0.0884956 1
97.1015 398.724 0.154412 1
51.4257 391.248 0.208791 1
99.5579 406.782 0.038835 1
97.1856 410.917 0.1 1
61.6756 401.933 0.0550459 1
60.3655 410.878 0.126582 1
33.2224 402.901 0.222222 1
36.4572 414.686 0.199187 1
36.3019 414.447 0.0454545 1
38.4597 406.703 0.00526316 1
40.9023 381.435 0.0205479 0
19.3181 402.61 0.111111 1
40.8946 381.228 0.0956522 0
40.8946 381.228 0.0571429 0
40.8946 381.228 0.111111 0
40.8946 381.228 0.0205479 0
33.0346 8.31838 0.25 1
20.7355 5.08948 0.0337079 0
60.2783 354.287 0.0307692 0
4.94826 52.7221 0.183784 1
62.1561 377.842 0.0306122 0
62.1561 377.842 0.021978 0
62.1561 377.842 0.0150376 0
19.8713 18.4654 0.128205 0
62.1561 377.842 0.0107527 0
61.9348 11.6997 0.0125 0
51.4914 359.376 0.0131579 0
51.4914 359.376 0.0338983 0
80.386 145.099 0.0289855 0
19.8713 18.4654 0.0337079 0
19.8713 18.4654 0.128205 0
19.8713 18.4654 0.111111 0
10.5406 16.1826 0.025 0
42.4808 30.1652 0.22069 0
60.4259 214.277 0.016129 0
38.1955 175.264 0.0463576 1
15.7001 187.071 0.0740741 1
4.65801 166.318 0.00657895 1
60.1734 215.019 0.0984456 0
41.7831 172.645 0.00452489 1
12.747 174.777 0.0380952 1
21.3678 192.665 0.0368098 1
8.39959 186.21 0.00772201 1
13 180.224 0.0439024 1
186.624 71.5532 0.2 1
19.1131 74.3096 0.0571429 1
14.5725 80.5091 0.076087 1
16.2784 79.9275 0.0217391 1
14.7026 80.8027 0.00396825 1
15.7999 80.0145 0.011236 1
14.2152 80.0074 0.0151515 1
15.2332 81.0521 0.0952381 1
91.5529 332.043 0.00689655 0
12.4862 80.4232 0.027027 1
91.5636 332.068 0.0208333 0
12.9802 80.4871 0.204678 1
11.0388 77.8125 0.0434783 1
91.6149 332.197 0.025 0
91.6149 332.197 0.0769231 0
91.6149 332.197 0.078125 0
91.6149 332.197 0.00909091 0
91.6149 332.197 0.00892857 0
91.6149 332.197 0.0147059 0
91.6149 332.197 0.078125 0
75.9332 382.584 0.0510204 0
75.9332 382.584 0.112903 0
75.9332 382.584 0.153846 0
16.9747 50.387 0.05 1
14.6093 69.1929 0.268293 1
51.5001 47.7685 0.0243902 0
91.6183 332.167 0.153846 0
162.015 397.442 0.106383 1
91.4328 336.415 0.0588235 0
93.7646 384.184 0.0681818 1
112.616 398.989 0.162162 1
140.344 405.186 0.130952 1
64.6927 363.14 0.0533333 1
71.2156 388.28 0.0277778 1
77.5375 404.748 0.126316 1
59.7341 404.977 0.015873 1
43.7127 414.692 0.19403 1
61.7162 414.818 0.020202 1
60.0747 413.041 0.0131579 1
67.3289 412.086 0.0204082 1
94.8473 415.33 0.0070922 1
81.3825 393.562 0.0487805 1
42.656 377.592 0.131579 1
39.3244 399.197 0.108527 1
94.3487 410.9 0.0461538 1
60.2327 412.814 0.00689655 1
33.1489 409.004 0.0731707 1
35.7592 402.781 0.0610687 1
39.6413 414.998 0.00917431 1
32.9022 416.581 0.0306122 1
19.9965 400.58 0.0803571 1
64.9366 383.576 0.0307692 0
64.9366 383.576 0.0107527 0
40.1235 412.748 0.4375 0
66.3326 415.749 0.0245902 0
19.8713 18.4654 0.111111 0
98.9508 160.983 0.00829876 0
29.194 29.1727 0.0297619 1
4.37303 31.7511 0.0702479 1
45.5345 14.8765 0.030303 0
10.5406 16.1826 0.025 0
8.71145 10.5904 0.317073 0
37.0698 25.4669 0.156863 0
68.5809 12.9026 0.0909091 0
98.0138 11.2669 0.0424242 0
98.1764 169.291 0.0125 0
79.9295 142.518 0.22069 0
98.1764 169.291 0.00829876 0
55.0146 184.167 0.168539 0
21.0602 171.603 0.0299145 1
8.83697 169.624 0.126316 1
195.713 147.957 0.0143885 1
23.9851 194.732 0.0230415 1
18.4401 207.342 0.12069 1
32.507 208.295 0.0273224 1
10.9015 201.716 0.117647 1
22.3096 181.848 0.0548523 1
38.8126 34.1488 0.2 1
15.4653 74.9522 0.0135135 1
14.8814 79.2153 0.0561224 1
14.0162 79.9065 0.0274725 1
11.6511 80.504 0.138756 1
13.8029 80.6879 0.034632 1
11.3337 80.4205 0.0465116 1
11.4384 80.6152 0.0504587 1
13.3583 80.683 0.0106383 1
9.17249 80.7648 0.113924 1
11.1224 79.8027 0.176991 1
94.3085 338.139 0.00909091 0
10.34 80.6659 0.0432099 1
11.7754 78.1684 0.209524 1
10.0757 76.167 0.0108696 1
94.3633 338.309 0.0588235 0
94.3633 338.309 0.114943 0
94.3633 338.309 0.0243902 0
94.3633 338.309 0.114943 0
94.3633 338.309 0.0612245 0
29.5972 366.903 0.122807 1
120.615 401.624 0.19375 1
136.668 404.729 0.142857 1
115.616 398.777 0.0168067 1
78.0429 414.836 0.258741 1
59.1311 417.401 0.319149 1
83.9301 418.957 0.0190476 1
85.4962 416.808 0.0594059 1
90.9084 418.585 0.00862069 1
93.7311 418.125 0.037037 1
98.7318 409.786 0.011236 1
25.1628 401.636 0.0410959 1
42.6781 420.894 0.0775862 1
88.2608 421.004 0.0483871 1
97.14 426.159 0.2 1
69.8836 422.646 0.0245902 1
60.3471 407.304 0.105769 1
10.4668 416.869 0.00970874 1
35.8611 403.806 0.0357143 1
42.8002 426.089 0.533333 0
77.1742 430.603 0.0232558 0
64.5274 429.317 0.0117647 0
66.4587 408.031 0.020202 0
66.4587 408.031 0.4375 0
66.4587 408.031 0.020202 0
3.72677 21.2857 0.0769231 1
66.2806 408.884 0.0245902 0
8.68459 11.4434 0.317073 0
45.5736 14.0235 0.0111732 0
44.0132 7.15502 0.00714286 0
72.7799 8.30402 0.0194805 0
41.8056 11.2194 0.0552147 0
45.5736 14.0235 0.030303 0
37.0698 25.4669 0.156863 0
54.6815 203.987 0.168539 0
45.5736 14.0235 0.0111732 0
54.6815 203.987 0.09375 0
54.6815 203.987 0.0388889 0
5.99934 2.80413 0.0657895 1
89.2164 178.52 0.0909091 0
55.4449 200.492 0.09375 0
55.4449 200.492 0.100962 0
20.4109 190.994 0.0289017 1
64.1171 179.899 0.0209424 1
10.4223 204.769 0.115183 1
89.1177 179.555 0.0424242 0
55.3457 201.526 0.0388889 0
163.28 139.765 0.259259 1
49.8604 214.748 0.0151515 1
28.4902 206.33 0.0473684 1
9.07744 207.611 0.0839161 1
17.9608 211.937 0.0613027 1
191.546 74.704 0.3 1
13.7416 80.5092 0.0217391 1
12.2372 80.9577 0.0726257 1
13.035 80.3288 0.0248447 1
13.8988 81.0274 0.0601504 1
11.0647 81.0826 0.0167598 1
12.9551 81.4448 0.0362319 1
11.1587 81.4943 0.00526316 1
12.6158 81.4937 0.0351759 1
12.2001 81.7692 0.0886699 1
9.93617 80.8977 0.0769231 1
12.1686 81.3214 0.072 1
9.59252 80.7988 0.0592593 1
10.7748 81.6757 0.0422535 1
8.24622 80.4536 0.0253807 1
96.2684 353.524 0.0612245 0
96.2684 353.524 0.00813008 0
9.6781 78.4448 0.10625 1
35.1646 56.7701 0.0940171 1
96.2691 353.555 0.00813008 0
96.2691 353.555 0.0168067 0
96.2691 353.555 0.210526 0
38.4389 380.72 0.0361446 1
96.3257 353.423 0.00571429 0
96.3257 353.423 0.0151515 0
99.3302 403.376 0.00591716 1
95.832 354.06 0.00617284 0
95.832 354.06 0.0420168 0
95.832 354.06 0.05 0
82.586 404.871 0.00724638 1
70.3589 419.849 0.0152672 1
96.9582 398.424 0.0408163 1
58.4618 423.737 0.0147059 1
49.0582 426.907 0.0127389 1
66.2776 390.86 0.0103093 1
100.496 392.446 0.0615385 1
38.3269 415.898 0.00714286 1
45.345 421.097 0.00740741 1
44.8008 407.356 0.0808081 1
89.8228 423.82 0.0131579 1
99.0889 426.522 0.0555556 1
93.7379 410.017 0.0206186 1
76.9449 404.705 0.238462 1
75.4098 412.764 0.0454545 1
32.903 408.026 0.0131579 1
70.2841 421.993 0.01 0
70.2841 421.993 0.123711 0
42.8788 428.789 0.533333 0
29.7618 17.2051 0.0945946 1
6.005 10.3932 0.0843373 1
6.56562 27.1336 0.0735294 1
76.7389 433.303 0.0232558 0
10.3108 21.2681 0.0970149 1
4.39385 19.3455 0.027027 1
67.9752 412.887 0.0117647 0
45.4912 5.8522 0.00714286 0
29.1711 1.149 0.384615 1
18.3842 37.3994 0.0176991 0
62.3689 28.1739 0.0212766 0
69.3017 46.5851 0.2 0
40.9726 22.243 0.1625 1
56.2279 81.0337 0.201923 1
57.8438 127.336 0.0194805 0
14.0478 136.562 0.00787402 0
57.8438 127.336 0.0322581 0
64.9675 145.747 0.0606061 0
45.6563 9.2255 0.0552147 0
55.1659 211.399 0.100962 0
14.0478 136.562 0.0176991 0
14.0478 136.562 0.00787402 0
55.1659 211.399 0.0594059 0
14.0478 136.562 0.133858 0
29.1132 1.7707 0.137143 0
47.0633 4.57059 0.00492611 0
55.1659 211.399 0.0594059 0
26.2504 213.17 0.107143 1
8.14247 215.651 0.136905 1
45.3188 189.46 0.00909091 1
2.27051 194.906 0.011236 1
41.5237 209.181 0.0232558 1
29.183 216.758 0.00571429 1
2.83642 208.103 0.125984 1
1.24891 184.351 0.344086 1
53.0007 57.9899 0.153846 1
18.0428 68.4712 0.025641 1
10.8451 81.1312 0.0705882 1
13.211 82.523 0.0232558 1
9.56128 82.0015 0.0274725 1
11.058 81.3594 0.0526316 1
11.9643 81.0153 0.0454545 1
10.594 81.465 0.0160428 1
9.44582 81.5826 0.0118343 1
11.4913 81.1405 0.0909091 1
8.50387 81.1994 0.0346821 1
7.7232 81.3027 0.0157068 1
10.8562 81.1265 0.097561 1
7.60959 80.2064 0.00625 1
7.31661 79.6851 0.11588 1
96.1465 356.223 0.0168067 0
96.1465 356.223 0.00571429 0
96.1465 356.223 0.00617284 0
5.98778 79.0038 0.130682 1
96.1518 356.286 0.210526 0
96.1518 356.286 0.0151515 0
96.1518 356.286 0.0420168 0
96.1518 356.286 0.05 0
96.1518 356.286 0.116883 0
74.1011 62.9047 0.27381 0
96.1518 356.286 0.116883 0
49.1441 419.191 0.197802 1
35.5982 401.35 0.256098 1
58.5768 397.673 0.116279 1
96.2193 356.048 0.0764706 0
29.5136 401.676 0.0470588 1
10.0387 413.241 0.0102041 1
54.188 429.317 0.0337838 1
30.0654 410.659 0.056338 1
45.3484 419.297 0.005 1
38.3225 394.382 0.691176 1
17.7434 418.292 0.00775194 1
44.8516 429.599 0.323144 1
39.0697 420.471 0.0102041 1
20.1705 396.026 0.0754717 1
73.4365 400.499 0.114035 1
34.1192 419.313 0.00943396 1
29.386 408.02 0.106061 1
67.2538 408.073 0.01 0
67.2538 408.073 0.123711 0
11.0444 21.5441 0.161074 1
67.9011 407.696 0.0777778 0
7.6503 22.9518 0.232877 1
2.89137 23.5707 0.00680272 1
2.3739 23.1837 0.19469 1
59.0517 129.825 0.0212766 0
59.0517 129.825 0.0322581 0
10.1209 15.9222 0.132353 1
59.1671 129.725 0.0152672 0
3.18995 20.2289 0.00454545 1
58.8672 130.649 0.2 0
58.8672 130.649 0.0606061 0
58.8672 130.649 0.04 0
58.8672 130.649 0.030303 0
5.96716 17.8572 0.107438 1
54.8745 1.45385 0.00854701 0
58.4211 130.649 0.0152672 0
58.4211 130.649 0.04 0
58.4211 130.649 0.0125786 0
14.0478 136.562 0.133858 0
58.4211 130.649 0.030303 0
47.2235 72.3913 0.0542169 0
58.4211 130.649 0.05 0
8.41478 132.103 0.279412 1
29.9308 126.954 0.0185185 0
55.1288 208.953 0.137143 0
47.0456 85.761 0.0542169 0
47.0456 85.761 0.0923913 0
17.2881 212.715 0.157143 1
55.045 208.538 0.00492611 0
3.75398 209.404 0.0804196 1
30.0638 194.325 0.0845588 1
46.4984 170.652 0.0276243 1
32.6175 212.937 0.0733945 1
23.4124 199.633 0.0576923 1
9.3628 211.589 0.219512 1
24.5037 193.145 0.0406504 1
198.294 75.7733 0.333333 1
12.782 69.9255 0.0615385 1
9.85785 82.9135 0.00473934 1
9.52979 84.2294 0.246988 1
8.70614 83.6872 0.00512821 1
6.21128 82.9293 0.0220994 1
7.20636 83.6538 0.506329 1
8.66638 83.406 0.0962567 1
9.08986 83.6018 0.00549451 1
5.97452 83.6411 0.0322581 1
9.12813 83.5368 0.0649351 1
7.12576 83.418 0.0168539 1
5.03347 82.6098 0.263393 1
6.7753 82.8206 0.0580645 1
5.47144 82.7243 0.165714 1
3.66835 82.3029 0.0114286 1
95.6162 349.629 0.00689655 0
95.6162 349.629 0.0764706 0
95.6162 349.629 0.0136054 0
21.0631 68.9428 0.146154 1
95.6094 349.642 0.27381 0
95.6094 349.642 0.00689655 0
95.6094 349.642 0.0136054 0
95.6094 349.642 0.135802 0
95.6094 349.642 0.194444 0
38.9904 398.379 0.153846 1
24.2045 388.247 0.0337079 1
56.7477 386.739 0.0744681 1
56.5856 420.433 0.0547945 1
85.1886 401.336 0.0121951 1
77.6938 410.81 0.00729927 1
77.6156 388.452 0.013245 1
66.1163 421.703 0.015625 1
88.0768 412.415 0.0641026 1
32.1521 415.553 0.0277778 1
79.3625 431.858 0.0155039 0
71.661 422.37 0.102941 0
79.3625 431.858 0.00775194 0
71.661 422.37 0.132353 0
70.8335 413.673 0.0373832 0
9.13705 8.69685 0.0625 1
6.3501 20.7293 0.416216 1
3.51381 21.001 0.0802139 1
71.4645 414.392 0.0777778 0
71.4645 414.392 0.0373832 0
71.4645 414.392 0.0943396 0
71.4645 414.392 0.015873 0
1.44618 20.3836 0.0298507 1
2.66006 20.1607 0.0104712 1
3.76395 19.4297 0.0207254 1
57.9649 119.489 0.0125786 0
6.09277 19.1175 0.124424 1
7.80921 15.8699 0.00456621 1
57.2801 118.884 0.05 0
57.2801 118.884 0.0189873 0
49.9656 8.86597 0.111111 0
57.2801 118.884 0.00854701 0
47.0033 84.0962 0.0923913 0
57.2801 118.884 0.0189873 0
47.0033 84.0962 0.1 0
8.63741 127.75 0.114504 0
23.1598 127.676 0.00568182 0
47.0033 84.0962 0.0185185 0
47.0033 84.0962 0.1 0
25.017 211.772 0.0792079 1
23.0601 208.503 0.0628931 1
8.89403 186.735 0.132597 1
45.5402 185.175 0.185714 1
18.5616 204.516 0.0204918 1
46.4292 195.542 0.118557 1
5.37217 211.472 0.0131004 1
18.2238 198.599 0.0377358 1
177.435 9.89547 0.0857143 1
9.42342 56.5173 0.047619 1
10.8492 86.165 0.00543478 1
8.5182 86.6002 0.080402 1
8.01603 87.3299 0.40107 1
9.2984 86.5832 0.0155039 1
8.91011 86.6174 0.0368098 1
8.3189 85.7141 0.013245 1
6.99035 86.4556 0.288889 1
7.97735 87.4028 0.00456621 1
4.94971 86.7247 0.0544554 1
5.5452 85.9937 0.010929 1
8.5221 86.0588 0.00636943 1
4.81206 83.0177 0.0154639 1
3.62704 86.2941 0.0306122 1
1.53822 86.0015 0.0176991 1
4.31054 84.378 0.0486111 1
0.896852 85.525 0.0240964 1
1.96855 83.9544 0.219895 1
97.8548 348.659 0.135802 0
97.8548 348.659 0.194444 0
97.8548 348.659 0.142857 0
97.8548 348.659 0.0470588 0
3.30516 83.4273 0.0650406 1
97.8464 348.795 0.142857 0
97.8464 348.795 0.0470588 0
97.8464 348.795 0.0263158 0
91.827 429.748 0.0744681 0
91.827 429.748 0.00952381 0
83.2043 412.128 0.0392157 0
5.95864 400.243 0.0740741 1
23.3645 411.297 0.0298507 1
28.4527 413.173 0.0394737 1
83.2105 427.571 0.0178571 0
79.6548 426.776 0.0365854 0
29.7997 408.302 0.0851064 0
79.6548 426.776 0.0120482 0
29.7997 408.302 0.375 0
79.1365 429.593 0.0521739 0
79.4924 430.575 0.0155039 0
79.4924 430.575 0.00775194 0
10.0675 16.5809 0.168067 1
9.60572 15.8075 0.122093 1
6.5804 19.9322 0.36019 1
3.63346 19.5612 0.0166667 1
72.1082 413.789 0.102941 0
72.1082 413.789 0.132353 0
72.1082 413.789 0.0943396 0
72.1082 413.789 0.015873 0
1.30484 20.4057 0.0238095 1
1.54515 19.2214 0.00584795 1
2.18923 19.2517 0.0301205 1
4.73253 18.7022 0.147727 1
7.49644 18.5749 0.0112994 1
9.68644 18.8213 0.00520833 1
50.5573 8.33809 0.0201342 0
13.3561 15.2174 0.258503 1
56.3311 12.9425 0.0214286 0
50.2074 9.60875 0.111111 0
8.63741 127.75 0.114504 0
50.2074 9.60875 0.0201342 0
54.8814 210.437 0.0915033 0
6.42817 3.33379 0.161616 1
47.2746 82.6862 0.00568182 0
51.717 208.628 0.0915033 0
51.717 208.628 0.0277778 0
5.47758 203.859 0.0875 1
13.4773 211.829 0.149038 1
19.067 201.431 0.0673077 1
30.1125 185.573 0.108787 1
0.950752 174.419 0.120536 1
17.3784 168.779 0.0627803 1
7.55476 194.531 0.0929368 1
15.1846 159.14 0.0468085 1
97.9811 347.511 0.0263158 0
6.34177 80.953 0.25 1
97.9606 347.631 0.0744681 0
97.9606 347.631 0.00952381 0
14.7575 63.214 0.284404 1
97.9401 347.586 0.0392157 0
12.3078 79.9259 0.247059 1
97.9149 347.643 0.166667 0
97.9149 347.643 0.015873 0
70.0466 71.1314 0.0384615 1
16.9466 80.441 0.142857 1
97.8705 347.159 0.166667 0
97.8705 347.159 0.015873 0
97.8705 347.159 0.0196078 0
97.8705 347.159 0.372549 0
97.8705 347.159 0.0196078 0
97.8705 347.159 0.372549 0
97.8705 347.159 0.0178571 0
20.3575 79.6166 0.216216 1
97.8303 347.161 0.0365854 0
97.8303 347.161 0.0120482 0
72.035 61.1407 0.0769231 1
31.3192 66.5747 0.25 1
96.17 342.558 0.0851064 0
96.17 342.558 0.375 0
96.17 342.558 0.0521739 0
82.3924 78.4934 0.164948 0
82.3924 78.4934 0.0214286 0
51.8875 205.24 0.0277778 0
82.3924 78.4934 0.164948 0
51.8875 205.24 0.0107527 0
51.8875 205.24 0.12987 0
51.8875 205.24 0.0107527 0
51.8875 205.24 0.12987 0
133.857 2.70058 0.186047 0
133.857 2.70058 0.25641 0
133.857 2.70058 0.0410959 0
112.257 57.4453 0.220339 0
133.857 2.70058 0.295082 0
112.257 57.4453 0.220339 0
79.7973 60.1459 0.2 0
52.8452 186.893 0.00699301 0
52.8452 186.893 0.0182927 0
79.7973 60.1459 0.0266667 0
52.8452 186.893 0.168539 0
52.8452 186.893 0.035503 0
52.8452 186.893 0.0182927 0
133.857 2.70058 0.00847458 0
133.857 2.70058 0.186047 0
133.857 2.70058 0.00847458 0
133.857 2.70058 0.371429 0
133.857 2.70058 0.0123457 0
133.857 2.70058 0.102564 0
133.857 2.70058 0.354839 0
133.857 2.70058 0.0606061 0
133.857 2.70058 0.0142857 0
133.857 2.70058 0.137931 0
133.857 2.70058 0.0117647 0
133.857 2.70058 0.0684932 0
133.857 2.70058 0.0704225 0
133.857 2.70058 0.0136986 0
133.857 2.70058 0.03125 0
133.857 2.70058 0.0625 0
133.857 2.70058 0.16129 0
133.857 2.70058 0.4 0
133.857 2.70058 0.0111111 0
133.857 2.70058 0.25641 0
133.857 2.70058 0.0684932 0
133.857 2.70058 0.03125 0
133.857 2.70058 0.0410959 0
133.857 2.70058 0.295082 0
79.7973 60.1459 0.2 0
79.7973 60.1459 0.0266667 0
79.7973 60.1459 0.0078125 0
79.7973 60.1459 0.0603448 0
52.8452 186.893 0.00699301 0
52.8452 186.893 0.168539 0
52.8452 186.893 0.035503 0
52.8452 186.893 0.0806452 0
133.857 2.70058 0.371429 0
133.857 2.70058 0.0123457 0
133.857 2.70058 0.102564 0
133.857 2.70058 0.354839 0
133.857 2.70058 0.0142857 0
133.857 2.70058 0.0606061 0
133.857 2.70058 0.137931 0
133.857 2.70058 0.0625 0
133.857 2.70058 0.16129 0
133.857 2.70058 0.0117647 0
133.857 2.70058 0.0704225 0
133.857 2.70058 0.4 0
133.857 2.70058 0.0111111 0
133.857 2.70058 0.0136986 0
79.7973 60.1459 0.0078125 0
79.7973 60.1459 0.0603448 0
79.7973 60.1459 0.0955414 0
52.8452 186.893 0.0806452 0
79.7973 60.1459 0.0955414 0
52.8452 186.893 0.0253807 0
79.7973 60.1459 0.125 0
117.639 177.803 0.0336134 0
117.639 177.803 0.0384615 0
52.8452 186.893 0.0253807 0
79.7973 60.1459 0.125 0
52.8452 186.893 0.138889 0
52.8452 186.893 0.00900901 0
56.9506 237.949 0.0776699 0
52.8452 186.893 0.138889 0
38.2212 51.056 0.0969697 0
52.8452 186.893 0.00900901 0
38.2212 51.056 0.0208333 0
117.639 177.803 0.0347826 0
117.639 177.803 0.0564516 0
117.639 177.803 0.0127389 0
117.639 177.803 0.0144928 0
117.639 177.803 0.0105263 0
117.639 177.803 0.0078125 0
117.639 177.803 0.00917431 0
117.639 177.803 0.0353982 0
117.639 177.803 0.0336134 0
38.2212 51.056 0.0943396 0
38.2212 51.056 0.114504 0
38.2212 51.056 0.0704225 0
117.639 177.803 0.0384615 0
56.9506 237.949 0.0776699 0
38.2212 51.056 0.0969697 0
38.2212 51.056 0.0208333 0
38.2212 51.056 0.140625 0
38.2212 51.056 0.232394 0
38.2212 51.056 0.169935 0
38.2212 51.056 0.0943396 0
38.2212 51.056 0.140625 0
117.639 177.803 0.0075188 0
117.639 177.803 0.0543478 0
117.639 177.803 0.00952381 0
117.639 177.803 0.0480769 0
117.639 177.803 0.0364963 0
117.639 177.803 0.0347826 0
117.639 177.803 0.0564516 0
117.639 177.803 0.0105263 0
117.639 177.803 0.0480769 0
117.639 177.803 0.0127389 0
117.639 177.803 0.0078125 0
117.639 177.803 0.0075188 0
117.639 177.803 0.0364963 0
117.639 177.803 0.0144928 0
117.639 177.803 0.00917431 0
117.639 177.803 0.0353982 0
38.2212 51.056 0.0342466 0
38.2212 51.056 0.114504 0
38.2212 51.056 0.232394 0
38.2212 51.056 0.0342466 0
38.2212 51.056 0.146154 0
38.2212 51.056 0.0704225 0
38.2212 51.056 0.169935 0
38.2212 51.056 0.0405405 0
38.2212 51.056 0.0638298 0
117.639 177.803 0.0724638 0
117.639 177.803 0.0543478 0
117.639 177.803 0.0724638 0
117.639 177.803 0.0923077 0
117.639 177.803 0.00952381 0
38.2212 51.056 0.0405405 0
87.2807 238.017 0.0190476 0
56.3215 240.569 0.049505 0
38.2212 51.056 0.0394737 0
38.2212 51.056 0.146154 0
38.2212 51.056 0.0638298 0
117.639 177.803 0.0923077 0
117.639 177.803 0.0273973 0
87.2807 238.017 0.0322581 0
41.0977 35.737 0.028777 0
87.2807 238.017 0.036036 0
87.2807 238.017 0.0190476 0
87.2807 238.017 0.0322581 0
87.2807 238.017 0.036036 0
43.9846 2.55208 0.125 0
48.9951 273.754 0.0224719 0
48.9951 273.754 0.244898 0
48.9951 273.754 0.128492 0
48.9951 273.754 0.0564516 0
56.3215 240.569 0.049505 0
43.9846 2.55208 0.125 0
55.4294 189.513 0.194286 0
17.9992 276.306 0.08 0
17.9992 276.306 0.05 0
55.4294 189.513 0.0413793 0
38.2212 51.056 0.0394737 0
55.4294 189.513 0.194286 0
50.8064 86.793 0.00884956 0
117.639 177.803 0.0273973 0
117.639 177.803 0.0430108 0
117.639 177.803 0.153846 0
117.639 177.803 0.00735294 0
117.639 177.803 0.0430108 0
117.639 177.803 0.0190476 0
117.639 177.803 0.0190476 0
117.639 177.803 0.00675676 0
117.639 177.803 0.0157068 0
117.639 177.803 0.027933 0
48.9951 273.754 0.0224719 0
24.9236 107.874 0.0190476 0
80.8873 213.54 0.15625 0
24.9236 107.874 0.0227273 0
41.0977 35.737 0.028777 0
48.9951 273.754 0.244898 0
80.8873 213.54 0.0321101 0
24.9236 107.874 0.239726 0
48.9951 273.754 0.128492 0
17.9992 276.306 0.08 0
50.8064 86.793 0.00884956 0
50.8064 86.793 0.102041 0
24.9236 107.874 0.0955056 0
24.9236 107.874 0.05625 0
50.8064 86.793 0.0403226 0
48.9951 273.754 0.0564516 0
17.9992 276.306 0.05 0
50.8064 86.793 0.141844 0
24.9236 107.874 0.0162602 0
24.9236 107.874 0.0285714 0
50.8064 86.793 0.0103627 0
55.4294 189.513 0.0413793 0
50.8064 86.793 0.102041 0
50.8064 86.793 0.141844 0
50.8064 86.793 0.0103093 0
26.2136 194.667 0.0571429 0
104.445 321.414 0.0613497 0
104.445 321.414 0.162651 0
104.445 321.414 0.135266 0
117.639 177.803 0.153846 0
117.639 177.803 0.00735294 0
117.639 177.803 0.00675676 0
104.445 321.414 0.00657895 0
104.445 321.414 0.103627 0
117.639 177.803 0.0157068 0
104.445 321.414 0.0562771 0
104.445 321.414 0.0307692 0
104.445 321.414 0.0466102 0
104.445 321.414 0.288889 0
104.445 321.414 0.00478469 0
24.9236 107.874 0.0190476 0
104.445 321.414 0.0562771 0
104.445 321.414 0.246575 0
24.9236 107.874 0.0275862 0
117.639 177.803 0.027933 0
80.8873 213.54 0.15625 0
80.8873 213.54 0.0321101 0
104.445 321.414 0.246575 0
80.8873 213.54 0.12 0
104.445 321.414 0.0544554 0
104.445 321.414 0.0203046 0
104.445 321.414 0.00520833 0
24.9236 107.874 0.0275862 0
80.8873 213.54 0.12 0
24.9236 107.874 0.0859375 0
24.9236 107.874 0.0847458 0
24.9236 107.874 0.0227273 0
24.9236 107.874 0.239726 0
24.9236 107.874 0.0955056 0
24.9236 107.874 0.0162602 0
104.445 321.414 0.0544554 0
24.9236 107.874 0.0859375 0
50.8064 86.793 0.0103093 0
24.9236 107.874 0.0163934 0
50.8064 86.793 0.033557 0
24.9236 107.874 0.05625 0
24.9236 107.874 0.0285714 0
26.2136 194.667 0.0571429 0
24.9236 107.874 0.0163934 0
26.2136 194.667 0.032967 0
26.2136 194.667 0.00621118 0
50.8064 86.793 0.0403226 0
50.8064 86.793 0.0103627 0
50.8064 86.793 0.033557 0
26.2136 194.667 0.032967 0
26.2136 194.667 0.0288066 0
26.2136 194.667 0.0454545 0
26.2136 194.667 0.0163934 0
104.445 321.414 0.047619 0
104.445 321.414 0.008 0
104.445 321.414 0.0145985 0
104.445 321.414 0.0540541 0
104.445 321.414 0.198529 0
104.445 321.414 0.221477 0
104.445 321.414 0.0437956 0
104.445 321.414 0.0189873 0
104.445 321.414 0.0613497 0
104.445 321.414 0.0540541 0
104.445 321.414 0.221477 0
104.445 321.414 0.162651 0
104.445 321.414 0.00657895 0
104.445 321.414 0.0307692 0
104.445 321.414 0.135266 0
104.445 321.414 0.103627 0
104.445 321.414 0.0466102 0
104.445 321.414 0.288889 0
104.445 321.414 0.00478469 0
104.445 321.414 0.0203046 0
104.445 321.414 0.00520833 0
24.9236 107.874 0.0847458 0
26.2136 194.667 0.105263 0
26.2136 194.667 0.0288066 0
26.2136 194.667 0.108108 0
26.2136 194.667 0.25 0
26.2136 194.667 0.0208333 0
26.2136 194.667 0.0454545 0
26.2136 194.667 0.0163934 0
26.2136 194.667 0.162896 0
26.2136 194.667 0.00574713 0
26.2136 194.667 0.121339 0
26.2136 194.667 0.00621118 0
26.2136 194.667 0.108108 0
26.2136 194.667 0.162896 0
26.2136 194.667 0.0491803 0
104.445 321.414 0.047619 0
104.445 321.414 0.008 0
104.445 321.414 0.0444444 0
104.445 321.414 0.234043 0
104.445 321.414 0.0145985 0
104.445 321.414 0.198529 0
104.445 321.414 0.0437956 0
104.445 321.414 0.0508475 0
104.445 321.414 0.0189873 0
26.2136 194.667 0.00840336 0
26.2136 194.667 0.0491803 0
26.2136 194.667 0.032 0
38.9206 21.1432 0.263889 0
26.2136 194.667 0.105263 0
26.2136 194.667 0.25 0
26.2136 194.667 0.00840336 0
26.2136 194.667 0.032 0
26.2136 194.667 0.00854701 0
26.2136 194.667 0.219697 0
57.5557 215.811 0.167939 0
26.2136 194.667 0.00574713 0
57.5557 215.811 0.00826446 0
26.2136 194.667 0.0208333 0
26.2136 194.667 0.121339 0
57.5557 215.811 0.0289855 0
57.5557 215.811 0.016129 0
57.5557 215.811 0.00689655 0
104.445 321.414 0.0444444 0
104.445 321.414 0.010929 0
104.445 321.414 0.234043 0
104.445 321.414 0.0508475 0
104.445 321.414 0.0263158 0
104.445 321.414 0.0210526 0
104.445 321.414 0.0196078 0
104.445 321.414 0.0263158 0
26.2136 194.667 0.00854701 0
26.2136 194.667 0.219697 0
38.9206 21.1432 0.0860927 0
38.9206 21.1432 0.00534759 0
38.9206 21.1432 0.263889 0
57.5557 215.811 0.167939 0
57.5557 215.811 0.0289855 0
38.9206 21.1432 0.0860927 0
57.5557 215.811 0.00826446 0
57.5557 215.811 0.016129 0
57.5557 215.811 0.00689655 0
57.5557 215.811 0.0507246 0
57.5557 215.811 0.0507246 0
57.5557 215.811 0.024 0
104.445 321.414 0.0196078 0
104.445 321.414 0.0612245 0
104.445 321.414 0.010929 0
104.445 321.414 0.0210526 0
104.445 321.414 0.0612245 0
104.445 321.414 0.00595238 0
31.7633 150.257 0.127119 0
38.9206 21.1432 0.0165289 0
38.9206 21.1432 0.0330578 0
38.9206 21.1432 0.00534759 0
57.5557 215.811 0.0429448 0
57.5557 215.811 0.024 0
57.5557 215.811 0.0792683 0
57.5557 215.811 0.0677966 0
57.5557 215.811 0.00740741 0
57.5557 215.811 0.0224719 0
57.5557 215.811 0.0792683 0
57.5557 215.811 0.005 0
57.5557 215.811 0.0677966 0
57.5557 215.811 0.00469484 0
104.445 321.414 0.00595238 0
104.445 321.414 0.012987 0
104.445 321.414 0.0568182 0
31.7633 150.257 0.1 0
31.7633 150.257 0.0181818 0
31.7633 150.257 0.0149254 0
31.7633 150.257 0.07 0
31.7633 150.257 0.0214286 0
31.7633 150.257 0.01 0
31.7633 150.257 0.0277778 0
31.7633 150.257 0.00909091 0
31.7633 150.257 0.127119 0
31.7633 150.257 0.0214286 0
22.0689 171.401 0.172932 0
22.0689 171.401 0.142857 0
22.0689 171.401 0.0847458 0
38.9206 21.1432 0.0165289 0
22.0689 171.401 0.172932 0
22.0689 171.401 0.0510949 0
38.9206 21.1432 0.0330578 0
22.0689 171.401 0.142857 0
57.5557 215.811 0.005 0
57.5557 215.811 0.00469484 0
57.5557 215.811 0.111111 0
57.5557 215.811 0.016 0
57.5557 215.811 0.0105263 0
57.5557 215.811 0.0429448 0
57.5557 215.811 0.00740741 0
57.5557 215.811 0.111111 0
57.5557 215.811 0.0467836 0
57.5557 215.811 0.0224719 0
57.5557 215.811 0.016 0
57.5557 215.811 0.0105263 0
104.445 321.414 0.0347826 0
104.445 321.414 0.012987 0
104.445 321.414 0.0568182 0
104.445 321.414 0.242105 0
104.445 321.414 0.0347826 0
104.445 321.414 0.242105 0
104.445 321.414 0.197368 0
104.445 321.414 0.0828402 0
104.445 321.414 0.0377358 0
38.9206 21.1432 0.0927835 0
38.9206 21.1432 0.0253165 0
31.7633 150.257 0.0273973 0
31.7633 150.257 0.0107527 0
31.7633 150.257 0.1 0
31.7633 150.257 0.01 0
31.7633 150.257 0.0273973 0
31.7633 150.257 0.0185185 0
22.0689 171.401 0.0342466 0
22.0689 171.401 0.00934579 0
31.7633 150.257 0.0181818 0
31.7633 150.257 0.0107527 0
22.0689 171.401 0.0421687 0
22.0689 171.401 0.0347826 0
22.0689 171.401 0.0787402 0
31.7633 150.257 0.0149254 0
31.7633 150.257 0.0277778 0
22.0689 171.401 0.0510949 0
22.0689 171.401 0.0331492 0
22.0689 171.401 0.0198676 0
22.0689 171.401 0.0168539 0
31.7633 150.257 0.07 0
31.7633 150.257 0.00909091 0
22.0689 171.401 0.0940171 0
22.0689 171.401 0.0847458 0
22.0689 171.401 0.0331492 0
57.5557 215.811 0.0467836 0
57.5557 215.811 0.242775 0
57.5557 215.811 0.0458015 0
57.5557 215.811 0.242775 0
57.5557 215.811 0.0128205 0
96.17 342.558 0.00574713 0
96.17 342.558 0.111111 0
96.17 342.558 0.035461 0
9.72846 87.0258 0.0456621 0
96.17 342.558 0.0338983 0
9.72846 87.0258 0.139918 0
96.17 342.558 0.0100503 0
9.72846 87.0258 0.16 0
96.17 342.558 0.192982 0
96.17 342.558 0.225191 0
96.17 342.558 0.0100503 0
96.17 342.558 0.0479042 0
96.17 342.558 0.0652174 0
104.445 321.414 0.197368 0
96.17 342.558 0.0479042 0
96.17 342.558 0.0255102 0
96.17 342.558 0.00434783 0
96.17 342.558 0.030837 0
104.445 321.414 0.0828402 0
104.445 321.414 0.0377358 0
96.17 342.558 0.0652174 0
96.17 342.558 0.134409 0
96.17 342.558 0.251012 0
96.17 342.558 0.00938967 0
96.17 342.558 0.0121457 0
96.17 342.558 0.209016 0
38.9206 21.1432 0.0927835 0
96.17 342.558 0.134409 0
78.3835 419.277 0.0439024 0
38.9206 21.1432 0.0253165 0
96.17 342.558 0.251012 0
38.9206 21.1432 0.0197368 0
78.3835 419.277 0.157895 0
31.7633 150.257 0.0185185 0
38.9206 21.1432 0.0197368 0
38.9206 21.1432 0.04 0
84.6598 398.134 0.0523256 0
38.9206 21.1432 0.0105263 0
22.0689 171.401 0.0342466 0
22.0689 171.401 0.0421687 0
38.9206 21.1432 0.04 0
78.3835 419.277 0.30303 0
22.0689 171.401 0.0347826 0
78.3835 419.277 0.00469484 0
22.0689 171.401 0.00934579 0
22.0689 171.401 0.0787402 0
22.0689 171.401 0.0198676 0
22.0689 171.401 0.0940171 0
22.0689 171.401 0.0168539 0
57.5557 215.811 0.0128205 0
57.5557 215.811 0.0458015 0
96.17 342.558 0.0210084 0
96.17 342.558 0.0147059 0
96.17 342.558 0.208122 0
96.17 342.558 0.0625 0
96.17 342.558 0.015 0
96.17 342.558 0.0984456 0
96.17 342.558 0.211982 0
96.17 342.558 0.00851064 0
96.17 342.558 0.0512821 0
96.17 342.558 0.0138889 0
96.17 342.558 0.0304878 0
96.17 342.558 0.0957447 0
96.17 342.558 0.208738 0
96.17 342.558 0.00574713 0
96.17 342.558 0.111111 0
96.17 342.558 0.0338983 0
96.17 342.558 0.0512821 0
88.4624 429.583 0.0631068 0
96.17 342.558 0.035461 0
96.17 342.558 0.0138889 0
88.4624 429.583 0.0670103 0
9.72846 87.0258 0.0456621 0
9.72846 87.0258 0.139918 0
9.72846 87.0258 0.16 0
88.4624 429.583 0.0631068 0
88.4624 429.583 0.0670103 0
88.4624 429.583 0.0311111 0
88.4624 429.583 0.030888 0
88.4624 429.583 0.0546875 0
88.4624 429.583 0.336683 0
88.4624 429.583 0.19186 0
88.4624 429.583 0.0339806 0
96.17 342.558 0.192982 0
96.17 342.558 0.0255102 0
96.17 342.558 0.00938967 0
88.4624 429.583 0.0311111 0
96.17 342.558 0.225191 0
96.17 342.558 0.00434783 0
96.17 342.558 0.0121457 0
88.4624 429.583 0.030888 0
96.17 342.558 0.030837 0
96.17 342.558 0.209016 0
78.3835 419.277 0.122066 0
78.3835 419.277 0.0439024 0
78.3835 419.277 0.157895 0
84.6598 398.134 0.0523256 0
78.3835 419.277 0.30303 0
78.3835 419.277 0.00469484 0
78.3835 419.277 0.122066 0
78.3835 419.277 0.114833 0
78.3835 419.277 0.010582 0
38.9206 21.1432 0.0105263 0
78.3835 419.277 0.114833 0
57.5557 215.811 0.0326797 0
57.5557 215.811 0.0827586 0
57.5557 215.811 0.0829016 0
57.5557 215.811 0.00636943 0
57.5557 215.811 0.0326797 0
57.5557 215.811 0.0827586 0
57.5557 215.811 0.00628931 0
7.39994 87.3826 0.0588235 0
96.17 342.558 0.0130719 0
7.39994 87.3826 0.0793651 0
96.17 342.558 0.175355 0
96.17 342.558 0.0393258 0
96.17 342.558 0.0316456 0
96.17 342.558 0.0210084 0
96.17 342.558 0.0147059 0
96.17 342.558 0.175355 0
96.17 342.558 0.0680851 0
96.17 342.558 0.178082 0
96.17 342.558 0.0680851 0
96.17 342.558 0.0877193 0
96.17 342.558 0.039604 0
96.17 342.558 0.032967 0
96.17 342.558 0.0297619 0
96.17 342.558 0.208122 0
96.17 342.558 0.0877193 0
96.17 342.558 0.0625 0
96.17 342.558 0.0984456 0
96.17 342.558 0.0304878 0
96.17 342.558 0.015 0
96.17 342.558 0.211982 0
96.17 342.558 0.0957447 0
96.17 342.558 0.00851064 0
96.17 342.558 0.208738 0
88.4624 429.583 0.0546875 0
88.4624 429.583 0.336683 0
88.4624 429.583 0.19186 0
88.4624 429.583 0.0339806 0
78.3835 419.277 0.010582 0
57.5557 215.811 0.0338164 0
57.5557 215.811 0.00628931 0
57.5557 215.811 0.342995 0
57.5557 215.811 0.210526 0
57.5557 215.811 0.0046729 0
57.5557 215.811 0.00465116 0
57.5557 215.811 0.0829016 0
57.5557 215.811 0.342995 0
57.5557 215.811 0.00636943 0
57.5557 215.811 0.210526 0
57.5557 215.811 0.0340136 0
96.17 342.558 0.0331126 0
96.17 342.558 0.0543478 0
96.17 342.558 0.0594595 0
96.17 342.558 0.153846 0
96.17 342.558 0.0722222 0
96.17 342.558 0.00497512 0
96.17 342.558 0.166667 0
96.17 342.558 0.0897436 0
96.17 342.558 0.0268456 0
96.17 342.558 0.0625 0
7.39994 87.3826 0.0777778 0
96.17 342.558 0.037037 0
96.17 342.558 0.210938 0
96.17 342.558 0.0130719 0
96.17 342.558 0.0625 0
101.658 429.94 0.349206 0
96.17 342.558 0.0379747 0
7.39994 87.3826 0.0588235 0
7.39994 87.3826 0.0793651 0
7.39994 87.3826 0.0777778 0
101.658 429.94 0.349206 0
7.39994 87.3826 0.14433 0
101.658 429.94 0.0413223 0
101.658 429.94 0.127273 0
96.17 342.558 0.178082 0
96.17 342.558 0.0379747 0
7.39994 87.3826 0.14433 0
96.17 342.558 0.0860215 0
96.17 342.558 0.0120482 0
96.17 342.558 0.189542 0
96.17 342.558 0.161972 0
96.17 342.558 0.0393258 0
96.17 342.558 0.039604 0
96.17 342.558 0.0860215 0
96.17 342.558 0.0316456 0
96.17 342.558 0.032967 0
96.17 342.558 0.0120482 0
96.17 342.558 0.0297619 0
35.9468 381.922 0.109375 0
57.5557 215.811 0.00925926 0
35.9468 381.922 0.0640394 0
57.5557 215.811 0.0338164 0
57.5557 215.811 0.0046729 0
57.5557 215.811 0.00925926 0
57.5557 215.811 0.257895 0
57.5557 215.811 0.0295858 0
40.9093 166.111 0.29148 0
57.5557 215.811 0.0518519 0
57.5557 215.811 0.0340136 0
57.5557 215.811 0.257895 0
57.5557 215.811 0.125654 0
35.9468 381.922 0.0338983 0
57.5557 215.811 0.00465116 0
57.5557 215.811 0.125654 0
57.5557 215.811 0.0294118 0
96.17 342.558 0.00671141 0
96.17 342.558 0.242236 0
96.17 342.558 0.0185185 0
96.17 342.558 0.0543478 0
96.17 342.558 0.00671141 0
96.17 342.558 0.242236 0
96.17 342.558 0.144578 0
96.17 342.558 0.236842 0
96.17 342.558 0.0331126 0
96.17 342.558 0.0594595 0
96.17 342.558 0.153846 0
96.17 342.558 0.00497512 0
96.17 342.558 0.0185185 0
96.17 342.558 0.156863 0
96.17 342.558 0.0722222 0
96.17 342.558 0.166667 0
96.17 342.558 0.0434783 0
96.17 342.558 0.0897436 0
96.17 342.558 0.037037 0
96.17 342.558 0.0833333 0
96.17 342.558 0.0833333 0
96.17 342.558 0.0731707 0
96.17 342.558 0.030303 0
96.17 342.558 0.0192308 0
96.17 342.558 0.0268456 0
96.17 342.558 0.210938 0
96.17 342.558 0.0731707 0
96.17 342.558 0.030303 0
101.658 429.94 0.0413223 0
96.17 342.558 0.189542 0
101.658 429.94 0.127273 0
96.17 342.558 0.161972 0
35.9468 381.922 0.108491 0
57.5557 215.811 0.0295858 0
35.9468 381.922 0.0448718 0
57.5557 215.811 0.138889 0
57.5557 215.811 0.0102041 0
35.9468 381.922 0.109375 0
35.9468 381.922 0.0640394 0
40.9093 166.111 0.29148 0
35.9468 381.922 0.0338983 0
35.9468 381.922 0.108491 0
35.9468 381.922 0.0448718 0
35.9468 381.922 0.0327869 0
35.9468 381.922 0.0441989 0
40.9093 166.111 0.116162 0
40.9093 166.111 0.012 0
57.5557 215.811 0.0518519 0
57.5557 215.811 0.0294118 0
35.9468 381.922 0.0327869 0
57.5557 215.811 0.0454545 0
57.5557 215.811 0.0328947 0
96.17 342.558 0.0238095 0
96.17 342.558 0.0263158 0
96.17 342.558 0.0125 0
96.17 342.558 0.0128205 0
96.17 342.558 0.128205 0
96.17 342.558 0.0185185 0
96.17 342.558 0.144578 0
96.17 342.558 0.0490196 0
96.17 342.558 0.0192308 0
96.17 342.558 0.0263158 0
96.17 342.558 0.0490196 0
96.17 342.558 0.0340909 0
96.17 342.558 0.236842 0
96.17 342.558 0.156863 0
96.17 342.558 0.0434783 0
96.17 342.558 0.0340909 0
96.17 342.558 0.0192308 0
35.9468 381.922 0.0441989 0
57.5557 215.811 0.130178 0
57.5557 215.811 0.0490798 0
57.5557 215.811 0.138889 0
40.9093 166.111 0.116162 0
57.5557 215.811 0.0454545 0
57.5557 215.811 0.130178 0
57.5557 215.811 0.1875 0
57.5557 215.811 0.0328947 0
57.5557 215.811 0.00495049 0
57.5557 215.811 0.0102041 0
40.9093 166.111 0.012 0
57.5557 215.811 0.0188679 0
96.17 342.558 0.0757576 0
96.17 342.558 0.0125 0
96.17 342.558 0.08 0
96.17 342.558 0.1875 0
96.17 342.558 0.0238095 0
96.17 342.558 0.0128205 0
96.17 342.558 0.0757576 0
96.17 342.558 0.229167 0
96.17 342.558 0.217391 0
96.17 342.558 0.128205 0
96.17 342.558 0.0192308 0
96.17 342.558 0.130435 0
96.17 342.558 0.0185185 0
96.17 342.558 0.05 0
96.17 342.558 0.0165289 0
96.17 342.558 0.104478 0
96.17 342.558 0.0956522 0
96.17 342.558 0.0571429 0
96.17 342.558 0.0306122 0
57.5557 215.811 0.0357143 0
96.17 342.558 0.111111 0
96.17 342.558 0.021978 0
56.8941 380.147 0.0131579 0
57.5557 215.811 0.1875 0
57.5557 215.811 0.00495049 0
57.5557 215.811 0.0188679 0
57.5557 215.811 0.175325 0
96.17 342.558 0.0150376 0
56.8941 380.147 0.0338983 0
57.5557 215.811 0.016129 0
57.5557 215.811 0.0984456 0
57.5557 215.811 0.0490798 0
57.5557 215.811 0.0357143 0
57.5557 215.811 0.175325 0
79.7217 164.337 0.0289855 0
96.17 342.558 0.08 0
96.17 342.558 0.229167 0
96.17 342.558 0.1875 0
96.17 342.558 0.217391 0
96.17 342.558 0.130435 0
96.17 342.558 0.0645161 0
96.17 342.558 0.0645161 0
96.17 342.558 0.0192308 0
96.17 342.558 0.00689655 0
96.17 342.558 0.0208333 0
96.17 342.558 0.05 0
96.17 342.558 0.0165289 0
96.17 342.558 0.0234375 0
96.17 342.558 0.025 0
96.17 342.558 0.104478 0
96.17 342.558 0.0192308 0
96.17 342.558 0.0769231 0
96.17 342.558 0.0234375 0
96.17 342.558 0.00892857 0
96.17 342.558 0.0147059 0
96.17 342.558 0.0510204 0
96.17 342.558 0.112903 0
96.17 342.558 0.0205479 0
96.17 342.558 0.0956522 0
96.17 342.558 0.0571429 0
96.17 342.558 0.111111 0
96.17 342.558 0.0205479 0
51.0176 37.5899 0.0337079 0
96.17 342.558 0.0307692 0
96.17 342.558 0.0306122 0
96.17 342.558 0.021978 0
96.17 342.558 0.0150376 0
51.0176 37.5899 0.128205 0
96.17 342.558 0.0107527 0
130.339 126.747 0.0125 0
56.8941 380.147 0.0131579 0
56.8941 380.147 0.0338983 0
79.7217 164.337 0.0289855 0
51.0176 37.5899 0.0337079 0
51.0176 37.5899 0.128205 0
51.0176 37.5899 0.111111 0
10.5406 16.1826 0.025 0
79.7217 164.337 0.22069 0
57.5557 215.811 0.016129 0
57.5557 215.811 0.0984456 0
96.17 342.558 0.00689655 0
96.17 342.558 0.0208333 0
96.17 342.558 0.025 0
96.17 342.558 0.0769231 0
96.17 342.558 0.078125 0
96.17 342.558 0.00909091 0
96.17 342.558 0.00892857 0
96.17 342.558 0.0147059 0
96.17 342.558 0.078125 0
96.17 342.558 0.0510204 0
96.17 342.558 0.112903 0
96.17 342.558 0.153846 0
96.17 342.558 0.0243902 0
96.17 342.558 0.153846 0
96.17 342.558 0.0588235 0
96.17 342.558 0.0307692 0
96.17 342.558 0.0107527 0
96.17 342.558 0.4375 0
96.17 342.558 0.0245902 0
51.0176 37.5899 0.111111 0
130.339 126.747 0.00829876 0
75.8893 75.7441 0.030303 0
10.5406 16.1826 0.025 0
41.1615 53.7724 0.317073 0
35.3708 21.9717 0.156863 0
89.3667 180.519 0.0909091 0
89.3667 180.519 0.0424242 0
130.339 126.747 0.0125 0
79.7217 164.337 0.22069 0
130.339 126.747 0.00829876 0
55.5761 202.491 0.168539 0
96.17 342.558 0.00909091 0
96.17 342.558 0.0588235 0
96.17 342.558 0.114943 0
96.17 342.558 0.0243902 0
96.17 342.558 0.114943 0
96.17 342.558 0.0612245 0
96.17 342.558 0.533333 0
96.17 342.558 0.0232558 0
96.17 342.558 0.0117647 0
96.17 342.558 0.020202 0
96.17 342.558 0.4375 0
96.17 342.558 0.020202 0
96.17 342.558 0.0245902 0
41.1615 53.7724 0.317073 0
75.8893 75.7441 0.0111732 0
86.6135 47.4478 0.00714286 0
86.6135 47.4478 0.0194805 0
75.8893 75.7441 0.0552147 0
75.8893 75.7441 0.030303 0
35.3708 21.9717 0.156863 0
55.5761 202.491 0.168539 0
75.8893 75.7441 0.0111732 0
55.5761 202.491 0.09375 0
55.5761 202.491 0.0388889 0
89.3667 180.519 0.0909091 0
55.5761 202.491 0.09375 0
55.5761 202.491 0.100962 0
89.3667 180.519 0.0424242 0
55.5761 202.491 0.0388889 0
96.17 342.558 0.0612245 0
96.17 342.558 0.00813008 0
96.17 342.558 0.00813008 0
96.17 342.558 0.0168067 0
96.17 342.558 0.210526 0
96.17 342.558 0.00571429 0
96.17 342.558 0.0151515 0
96.17 342.558 0.00617284 0
96.17 342.558 0.0420168 0
96.17 342.558 0.05 0
96.17 342.558 0.01 0
96.17 342.558 0.123711 0
96.17 342.558 0.533333 0
96.17 342.558 0.0232558 0
96.17 342.558 0.0117647 0
86.6135 47.4478 0.00714286 0
12.5346 123.192 0.0176991 0
86.6135 47.4478 0.0212766 0
86.6135 47.4478 0.2 0
86.6135 47.4478 0.0194805 0
12.5346 123.192 0.00787402 0
86.6135 47.4478 0.0322581 0
86.6135 47.4478 0.0606061 0
75.8893 75.7441 0.0552147 0
55.5761 202.491 0.100962 0
12.5346 123.192 0.0176991 0
12.5346 123.192 0.00787402 0
55.5761 202.491 0.0594059 0
12.5346 123.192 0.133858 0
55.5761 202.491 0.137143 0
55.5761 202.491 0.00492611 0
55.5761 202.491 0.0594059 0
96.17 342.558 0.0168067 0
96.17 342.558 0.00571429 0
96.17 342.558 0.00617284 0
96.17 342.558 0.210526 0
96.17 342.558 0.0151515 0
96.17 342.558 0.0420168 0
96.17 342.558 0.05 0
96.17 342.558 0.116883 0
96.17 342.558 0.27381 0
96.17 342.558 0.116883 0
96.17 342.558 0.0764706 0
96.17 342.558 0.01 0
96.17 342.558 0.123711 0
96.17 342.558 0.0777778 0
86.6135 47.4478 0.0212766 0
86.6135 47.4478 0.0322581 0
86.6135 47.4478 0.0152672 0
86.6135 47.4478 0.2 0
86.6135 47.4478 0.0606061 0
86.6135 47.4478 0.04 0
86.6135 47.4478 0.030303 0
86.6135 47.4478 0.00854701 0
86.6135 47.4478 0.0152672 0
86.6135 47.4478 0.04 0
86.6135 47.4478 0.0125786 0
12.5346 123.192 0.133858 0
86.6135 47.4478 0.030303 0
47.44 79.2991 0.0542169 0
86.6135 47.4478 0.05 0
47.44 79.2991 0.0185185 0
55.5761 202.491 0.137143 0
47.44 79.2991 0.0542169 0
47.44 79.2991 0.0923913 0
55.5761 202.491 0.00492611 0
96.17 342.558 0.00689655 0
96.17 342.558 0.0764706 0
96.17 342.558 0.0136054 0
96.17 342.558 0.27381 0
96.17 342.558 0.00689655 0
96.17 342.558 0.0136054 0
96.17 342.558 0.135802 0
96.17 342.558 0.194444 0
96.17 342.558 0.0155039 0
96.17 342.558 0.102941 0
96.17 342.558 0.00775194 0
96.17 342.558 0.132353 0
96.17 342.558 0.0373832 0
96.17 342.558 0.0777778 0
96.17 342.558 0.0373832 0
96.17 342.558 0.0943396 0
96.17 342.558 0.015873 0
86.6135 47.4478 0.0125786 0
86.6135 47.4478 0.05 0
86.6135 47.4478 0.0189873 0
82.3924 78.4934 0.111111 0
86.6135 47.4478 0.00854701 0
47.44 79.2991 0.0923913 0
86.6135 47.4478 0.0189873 0
47.44 79.2991 0.1 0
5.9718 125.941 0.114504 0
47.44 79.2991 0.00568182 0
47.44 79.2991 0.0185185 0
47.44 79.2991 0.1 0
96.17 342.558 0.135802 0
96.17 342.558 0.194444 0
96.17 342.558 0.142857 0
96.17 342.558 0.0470588 0
96.17 342.558 0.142857 0
96.17 342.558 0.0470588 0
96.17 342.558 0.0263158 0
96.17 342.558 0.0744681 0
96.17 342.558 0.00952381 0
96.17 342.558 0.0392157 0
96.17 342.558 0.0178571 0
96.17 342.558 0.0365854 0
96.17 342.558 0.0851064 0
96.17 342.558 0.0120482 0
96.17 342.558 0.375 0
96.17 342.558 0.0521739 0
96.17 342.558 0.0155039 0
96.17 342.558 0.00775194 0
96.17 342.558 0.102941 0
96.17 342.558 0.132353 0
96.17 342.558 0.0943396 0
96.17 342.558 0.015873 0
82.3924 78.4934 0.0201342 0
82.3924 78.4934 0.0214286 0
82.3924 78.4934 0.111111 0
5.9718 125.941 0.114504 0
82.3924 78.4934 0.0201342 0
51.8875 205.24 0.0915033 0
47.44 79.2991 0.00568182 0
51.8875 205.24 0.0915033 0
51.8875 205.24 0.0277778 0
96.17 342.558 0.0263158 0
96.17 342.558 0.0744681 0
96.17 342.558 0.00952381 0
96.17 342.558 0.0392157 0
96.17 342.558 0.166667 0
96.17 342.558 0.015873 0
96.17 342.558 0.166667 0
96.17 342.558 0.015873 0
96.17 342.558 0.0196078 0
96.17 342.558 0.372549 0
96.17 342.558 0.0196078 0
96.17 342.558 0.372549 0
96.17 342.558 0.0178571 0
96.17 342.558 0.0365854 0
96.17 342.558 0.0120482 0
96.17 342.558 0.0851064 0
96.17 342.558 0.375 0
96.17 342.558 0.0521739 0
82.3924 78.4934 0.164948 0
82.3924 78.4934 0.0214286 0
51.8875 205.24 0.0277778 0
82.3924 78.4934 0.164948 0
51.8875 205.24 0.0107527 0
51.8875 205.24 0.12987 0
51.8875 205.24 0.0107527 0
51.8875 205.24 0.12987 0
