61.8993 410.291 0.05 1
11.0651 0.317604 0.0280374 1
16.9635 217.2 0.293578 1
6.61953 178.535 0.186441 1
2.2447 138.872 0.0636364 1
17.0458 108.712 0.0784314 1
13.2948 130.402 0.110092 1
5.9687 132.041 0.0521739 1
16.5478 122.202 0.237705 1
14.5865 134.025 0.0283019 1
12.7182 137.909 0.0806452 1
15.3457 140.048 0.171642 1
15.6444 145.421 0.126984 1
29.8199 120.061 0.0306122 0
13.6145 148.283 0.260163 1
2.1918 133.097 0.151515 0
30.8298 121.791 0.0306122 0
35.5488 0.122835 0.0704225 0
30.8298 121.791 0.017094 0
28.638 11.3059 0.25 1
10.3525 80.9273 0.159091 0
5.38276 80.8113 0.0421053 1
40.7062 41.5632 0.0704225 0
17.0203 17.4422 0.299492 1
24.7681 41.5414 0.0732984 1
27.3679 208.023 0.0144928 1
31.2129 228.468 0.0903955 1
32.5803 293.547 0.0118343 1
14.7324 436.199 0.0613497 1
6.33862 419.067 0.133333 1
0.334015 344.71 0.0135135 1
0.976738 223.048 0.0471698 1
32.7299 252.009 0.113095 0
22.0451 284.826 0.0656566 0
13.7996 257.553 0.0689655 1
26.1434 279.501 0.0206186 0
31.2952 242.972 0.113095 0
10.6848 32.8172 0.236111 1
24.0128 240.562 0.0134228 0
7.2803 34.1883 0.0662252 1
0.640427 38.4213 0.185714 1
1.78902 29.192 0.0746269 1
2.67786 24.3278 0.0290698 1
25.7666 259.082 0.0656566 0
9.52956 17.0614 0.202381 1
24.512 250.947 0.00558659 0
6.38476 28.6062 0.0255102 1
6.78913 30.9567 0.0491803 1
15.6519 30.3803 0.00847458 1
22.5608 6.67491 0.030303 0
7.46382 51.7233 0.455621 1
15.5128 55.8031 0.117647 1
36.1519 54.6531 0.0166667 0
9.04044 69.3232 0.0625 1
19.5862 20.6413 0.030303 0
24.3264 23.7692 0.213836 1
7.40801 149.701 0.04 1
14.3652 57.6364 0.0444444 0
20.945 112.736 0.0534351 1
7.90596 147.329 0.137755 1
15.9226 116.5 0.335052 1
1.23808 126.573 0.00537634 1
12.4436 70.3285 0.0240964 1
36.1825 102.617 0.251429 1
14.7648 230.427 0.0218341 1
5.11735 237.972 0.037594 1
45.849 193.553 0.305732 1
27.9026 241.329 0.0636943 1
35.3873 319.859 0.104046 1
2.045 364.779 0.102326 1
46.5455 328.468 0.00552486 1
8.414 377.878 0.00578035 1
4.65269 409.317 0.0909091 1
49.3338 367.146 0.016 1
21.7027 437.535 0.0320513 1
13.3612 444.058 0.00507614 1
2.29417 451.944 0.0769231 1
4.63459 406.668 0.0343137 1
9.80101 415.419 0.100962 1
58.2895 381.651 0.135593 1
41.4733 458.095 0.0597015 1
42.3765 497.762 0.301724 1
47.2492 514.475 0.181034 1
18.8737 577.423 0.00769231 1
13.173 549.869 0.176471 1
1.04673 552.719 0.0427807 1
61.1432 519.63 0.0273973 1
23.6179 563.615 0.0409357 1
19.5485 558.249 0.147727 1
5.91538 595.019 0.0703518 1
61.3967 528.931 0.0727273 1
47.6038 646.903 0.0508475 1
13.2036 656.429 0.109756 1
27.6403 71.5778 0.406504 1
28.1871 510.437 0.037037 1
57.9169 689.534 0.0252101 1
17.7903 760.41 0.116788 1
2.7121 151.732 0.15625 1
7.55011 143.698 0.0416667 1
13.2774 138.763 0.219512 1
16.3092 140.591 0.0275229 1
14.3895 145.355 0.185714 1
28.8643 77.8514 0.017094 0
28.8643 77.8514 0.0823529 0
28.8643 77.8514 0.0666667 0
28.8643 77.8514 0.151515 0
28.8643 77.8514 0.0823529 0
35.3359 209.295 0.159091 0
35.3359 209.295 0.186813 0
7.15976 207.428 0.0794702 1
41.379 191.052 0.0181818 1
11.9419 259.975 0.0101523 1
30.2495 216.335 0.0134228 0
30.2495 216.335 0.00558659 0
30.2495 216.335 0.112903 0
30.2495 216.335 0.102857 0
36.5763 284.548 0.0243902 0
18.4161 254.257 0.142157 1
28.7752 220.958 0.112903 0
28.7752 220.958 0.0136364 0
6.32679 68.2123 0.400966 1
29.3021 223.582 0.0776699 0
8.87004 64.9716 0.0533981 1
7.23486 66.8727 0.00606061 1
29.7009 223.732 0.0206186 0
29.7009 223.732 0.102857 0
21.2446 732.598 0.0444444 0
21.2446 732.598 0.01 0
3.75185 67.0246 0.0174419 1
21.4585 735.662 0.0294118 0
36.2488 44.4544 0.00869565 0
11.6252 61.9068 0.059322 1
19.6045 54.0783 0.0108108 0
22.1446 731.811 0.0166667 0
22.1446 731.811 0.0294118 0
22.1446 731.811 0.0316456 0
26.9886 771.367 0.0402685 1
57.1002 778.781 0.111111 1
40.4595 813.749 0.0473373 1
46.3552 841.476 0.00714286 1
18.8421 805.641 0.01 0
18.8421 805.641 0.0134529 0
1.69601 838.58 0.0319149 1
34.6757 832.721 0.00540541 1
18.5832 830.973 0.048913 1
19.3662 816.493 0.044586 1
0.699432 827.145 0.0580645 1
36.57 807.381 0.0909091 1
48.4756 779.753 0.0137931 1
6.83997 861.039 0.00512821 1
9.60411 791.984 0.00714286 1
11.7574 146.284 0.12037 1
4.61643 148.341 0.0162602 1
14.6155 143.33 0.102362 1
8.10494 144.21 0.0409836 1
18.3172 142.635 0.0740741 1
18.1911 148.543 0.00840336 1
14.5779 156.192 0.0373832 1
13.4501 154.114 0.0172414 1
30.827 85.2209 0.0592593 0
30.827 85.2209 0.0666667 0
35.0465 219.365 0.186813 0
30.827 85.2209 0.0592593 0
35.0465 219.365 0.00632911 0
30.827 85.2209 0.0254237 0
0.387566 46.7554 0.123711 1
28.5704 242.764 0.0157895 1
28.8846 254.451 0.0136364 0
28.8846 254.451 0.0243902 0
28.8846 254.451 0.102222 0
12.8001 58.0967 0.0186047 1
17.3562 73.0178 0.00985222 1
12.5523 81.9978 0.0162162 1
0.075737 78.8934 0.103659 1
19.3497 754.528 0.0316456 0
19.3497 754.528 0.0134529 0
19.3497 754.528 0.00584795 0
19.3497 754.528 0.0165975 0
27.6898 820.013 0.0497238 1
11.7425 792.832 0.0815217 1
38.2881 804.671 0.00913242 1
3.50431 794.912 0.0216216 1
18.0627 748.234 0.00869565 0
18.0627 748.234 0.00584795 0
18.0627 748.234 0.026087 0
60.843 823.676 0.0574713 1
28.787 828.989 0.00537634 1
12.184 808.66 0.128492 1
24.7676 809.084 0.105263 1
13.9059 812.509 0.025 1
3.6826 793.074 0.0284091 1
16.157 766.781 0.0597015 1
21.0725 783.753 0.0106383 1
2.95391 763.313 0.0282486 1
36.9489 723.003 0.00657895 1
5.53661 743.535 0.0197044 1
51.7384 667.576 0.114286 1
11.8049 156.109 0.06 1
3.29729 154.317 0.037594 1
9.77863 151.743 0.0862069 1
14.1827 150.389 0.036036 1
16.3768 151.842 0.173554 1
18.4711 154.702 0.00854701 1
18.0413 160.043 0.142857 1
13.9832 162.914 0.0915493 1
15.4824 135.18 0.107143 0
15.4824 135.18 0.0722892 0
17.4481 28.8025 0.129032 1
33.8643 254.396 0.00632911 0
33.8643 254.396 0.044586 0
12.8731 306.179 0.08 1
6.31458 242.953 0.138554 1
5.19597 278.753 0.0604396 1
5.87126 273.779 0.031746 1
34.7817 252.576 0.0297619 1
36.0396 206.437 0.0416667 1
27.4909 259.456 0.0776699 0
27.4909 259.456 0.102222 0
27.4909 259.456 0.0491071 0
27.4909 259.456 0.0186916 0
22.8685 320.843 0.101604 1
26.658 266.124 0.0491071 0
26.658 266.124 0.0333333 0
18.5046 79.4854 0.0101523 1
25.9234 256.226 0.0427807 0
16.1088 85.991 0.010929 1
26.9342 77.9232 0.0280899 1
23.2092 108.097 0.00574713 1
18.2197 675.843 0.026087 0
18.2197 675.843 0.0486486 0
10.2571 132.777 0.0884956 1
3.40617 124.149 0.116129 1
13.4271 120.42 0.010929 0
18.7572 681.343 0.0108108 0
18.7572 681.343 0.0165975 0
18.7572 681.343 0.0486486 0
18.7572 681.343 0.00555556 0
49.7424 799.984 0.0684211 1
48.1305 817.687 0.038835 1
31.7407 800.519 0.00934579 1
21.5255 826.689 0.0632184 1
8.09724 816.009 0.0679012 1
24.3338 806.701 0.0714286 1
27.5514 779.546 0.0555556 1
12.2304 812.875 0.0378378 1
4.74094 738.166 0.0585106 1
33.8522 776.417 0.112069 1
9.51661 757.806 0.104478 1
2.14433 782.774 0.00546448 1
5.35355 757.016 0.0289017 1
42.5518 732.654 0.0202703 1
6.41715 732.32 0.0342466 1
2.69563 163.114 0.25 1
10.8652 158.039 0.0825688 1
2.17992 158.827 0.0243902 1
15.5215 155.586 0.102362 1
32.1764 87.5741 0.107143 0
5.65854 102.47 0.0519481 0
16.8901 156.412 0.0608108 1
30.9442 142.165 0.0243902 0
32.6956 91.2654 0.0254237 0
32.6956 91.2654 0.0722892 0
32.6956 91.2654 0.017094 0
30.9442 142.165 0.00819672 0
32.1738 280.158 0.044586 0
32.6956 91.2654 0.017094 0
32.1738 280.158 0.100719 0
1.75143 50.8993 0.118812 1
32.551 290.599 0.100719 0
32.551 290.599 0.0486111 0
4.79889 337.828 0.0617284 1
6.55709 318.652 0.0211268 1
12.1399 249.588 0.035503 1
13.2506 308.099 0.0100503 1
26.8161 190.484 0.0333333 0
26.8161 190.484 0.035 0
26.8161 190.484 0.0118343 0
26.8161 190.484 0.0186916 0
26.8161 190.484 0.035 0
26.8161 190.484 0.0734463 0
28.9981 111.794 0.00595238 1
17.9184 627.044 0.00555556 0
17.9184 627.044 0.0235294 0
17.9184 627.044 0.059322 0
14.5383 147.125 0.00653595 0
2.39902 131.79 0.0225564 1
17.8261 631.897 0.0235294 0
32.4567 774.17 0.0692308 1
64.6976 773.743 0.0151515 1
41.6454 792.101 0.046875 1
16.3205 752.984 0.0123457 1
43.5211 785.552 0.00571429 1
3.94598 773.671 0.0520231 1
25.0899 770.282 0.0186047 1
11.9429 768.444 0.0451613 1
17.9411 768.744 0.100719 1
27.7886 783.424 0.0123457 1
21.7523 766.283 0.0677966 1
9.22375 770.683 0.0335196 1
17.055 768.222 0.116022 1
13.3441 762.524 0.0416667 1
5.50893 724.06 0.015625 1
45.8422 674.873 0.155556 1
5.63975 715.614 0.0560748 1
9.60326 158.528 0.03125 1
2.69353 157.765 0.0451128 1
9.04252 155.463 0.12844 1
5.94368 153.578 0.0983607 1
11.1208 152.385 0.0681818 1
13.0591 152.044 0.0808081 1
16.7594 151.958 0.0645161 1
6.73272 100.185 0.0519481 0
6.73272 100.185 0.0235294 0
26.1408 4.45401 0.0833333 1
44.0334 62.1027 0.0677966 0
3.87994 42.4786 0.0666667 1
18.8072 304.205 0.0299401 1
24.6615 304.447 0.0909091 1
24.0242 178.494 0.0427807 0
24.0242 178.494 0.0734463 0
24.0242 178.494 0.0205479 0
24.0242 178.494 0.0118343 0
24.0242 178.494 0.0205479 0
24.0242 178.494 0.0391061 0
20.0883 147.462 0.188976 1
29.2129 135.366 0.0242424 1
26.0235 138.347 0.0743243 0
36.7066 169.515 0.00689655 1
16.1252 525.225 0.00740741 0
16.1252 525.225 0.0283019 0
16.1252 525.225 0.0357143 0
7.49178 214.334 0.0078125 1
38.272 236.531 0.00666667 0
14.7993 204.865 0.0110497 0
15.9097 529.823 0.059322 0
15.9097 529.823 0.00740741 0
48.982 757.829 0.0178571 1
15.4642 544.553 0.010929 0
15.4642 544.553 0.00653595 0
53.7362 781.083 0.011236 1
29.8948 763.735 0.0287081 1
4.91119 751.06 0.226415 1
41.4241 766.737 0.0233645 1
36.111 796.516 0.0119048 1
13.7473 785.314 0.0621469 1
28.8142 793.952 0.0115607 1
4.69567 752.2 0.0144928 1
21.6925 754.869 0.150327 1
23.5514 791.794 0.015873 1
32.5615 787.317 0.114504 1
27.9214 753.629 0.0860927 1
11.4275 765.135 0.0552764 1
4.9903 750.269 0.039548 1
35.2064 757.493 0.0363636 1
39.4021 743.996 0.037037 1
2.96853 767.64 0.0236686 1
0.0868378 153.692 0.0133333 1
4.05208 149.621 0.0546875 1
8.57861 147.993 0.10084 1
13.9296 146.823 0.013986 1
32.2388 85.1946 0.0235294 0
11.0416 141.408 0.476923 1
32.3396 85.0065 0.0229008 0
16.5851 147.432 0.135484 1
32.7295 87.8555 0.0243902 0
32.7295 87.8555 0.00819672 0
31.9062 268.421 0.0486111 0
31.9062 268.421 0.0552147 0
18.9934 249.218 0.0402685 1
26.8037 295.19 0.0295858 1
4.86948 308.019 0.0759494 1
7.13245 311.965 0.0127389 1
47.663 229.093 0.00917431 1
23.6167 105.408 0.0391061 0
23.6167 105.408 0.0304878 0
23.6167 105.408 0.0304878 0
23.6167 105.408 0.0451128 0
31.9943 234.153 0.00613497 1
23.5751 267.026 0.169811 1
34.533 279.36 0.235294 1
16.9408 492.115 0.0316456 0
16.9408 492.115 0.031746 0
16.9408 492.115 0.0283019 0
57.2606 778.297 0.0212766 1
16.6863 503.166 0.0357143 0
44.3023 791.941 0.0165746 1
15.1466 778.627 0.0251256 1
0.836983 771.371 0.0388889 1
6.9219 766.57 0.107955 1
33.6523 783.389 0.0180723 1
18.931 783.263 0.138158 1
5.65142 767.643 0.0454545 1
9.66221 767.374 0.0377358 1
14.9399 759.474 0.0259067 1
25.8991 749.77 0.0384615 1
29.5672 760.639 0.00943396 1
11.1196 763.897 0.00581395 1
5.66286 717.768 0.0610687 1
8.43425 149.306 0.235294 1
15.9203 134.686 0.106195 1
5.39826 148.067 0.0152672 1
10.4447 147.95 0.015748 1
15.7023 147.552 0.0357143 1
32.7732 86.4223 0.0677966 0
32.7732 86.4223 0.114286 0
13.3354 146.611 0.016 1
2.23256 106.012 0.015625 0
32.9612 86.827 0.0229008 0
32.9612 86.827 0.114286 0
31.4892 284.671 0.0368098 0
0.33551 45.4426 0.0660377 1
31.5538 293.404 0.0214286 0
31.5538 293.404 0.0552147 0
31.5538 293.404 0.0368098 0
11.8189 253.416 0.0220994 1
31.9796 317.135 0.0695652 1
31.5889 297.131 0.0264901 0
35.6177 294.972 0.05 1
11.9805 349.994 0.0183486 1
24.9529 65.0917 0.0743243 0
24.9529 65.0917 0.0451128 0
28.5863 289.832 0.0235294 1
37.3331 314.725 0.105769 1
6.57738 300.633 0.0615385 1
45.9234 329.101 0.125984 1
19.2465 370.328 0.030303 1
31.0448 374.67 0.0325203 1
16.2446 364.882 0.00735294 0
16.2446 364.882 0.0239521 0
16.2446 364.882 0.0149254 0
16.2446 364.882 0.0431034 0
17.4222 389.395 0.0294118 0
16.2446 364.882 0.00666667 0
16.2446 364.882 0.0316456 0
16.2446 364.882 0.00735294 0
33.6668 754.277 0.0949367 1
16.0629 366.896 0.0110497 0
16.0629 366.896 0.031746 0
16.0629 366.896 0.0239521 0
25.0147 734.42 0.01875 1
46.6959 757.383 0.143478 1
8.31906 759.807 0.00540541 1
18.51 756.438 0.0166667 1
22.7918 734.09 0.0471204 1
20.5627 743.065 0.0406977 1
18.6842 753.837 0.0205128 1
3.36068 717.51 0.0116959 1
9.24834 719.977 0.0114943 1
8.04765 715.643 0.0254777 1
34.3016 715.066 0.00775194 1
2.60895 727.728 0.0177515 1
39.1747 710.969 0.015873 1
48.4298 695.337 0.123288 1
11.6142 147.058 0.0676692 1
0.380981 149.014 0.0745342 1
3.40096 145.969 0.00595238 1
6.51323 144.139 0.117647 1
11.9202 143.07 0.0138889 1
14.56 143.118 0.0307692 1
33.2089 90.5235 0.00769231 0
2.54486 100.975 0.011236 0
15.4117 143.753 0.0503145 1
30.3205 308.282 0.0264901 0
33.5213 92.3269 0.00769231 0
30.3205 308.282 0.0785714 0
33.5213 92.3269 0.0238095 0
30.664 10.4515 0.169231 1
0.236443 53.9613 0.165049 1
19.7775 22.5436 0.0397351 0
30.8361 301.81 0.0214286 0
30.8361 301.81 0.0785714 0
11.0586 324.354 0.0648649 1
22.8375 339.115 0.135802 1
23.7935 42.9742 0.00588235 0
23.7935 42.9742 0.114943 0
21.5278 382.978 0.0729167 1
4.94903 386.089 0.347826 1
14.9191 384.703 0.0869565 1
37.248 384.792 0.0175439 1
45.503 387.515 0.171053 1
14.0083 287.246 0.025641 0
14.0083 287.246 0.0336134 0
39.0615 441.517 0.0127389 0
14.0083 287.246 0.0149254 0
14.0083 287.246 0.025641 0
63.1311 752.319 0.105263 1
52.9267 736.075 0.0515464 1
26.9479 765.317 0.0670732 1
4.90546 752.907 0.0245399 1
13.2954 306.101 0.0431034 0
36.876 765.939 0.015625 1
7.35088 765.442 0.0189873 1
10.9086 761.901 0.0402685 1
20.5894 763.153 0.0138889 1
29.2597 746.391 0.00571429 1
0.479591 742.043 0.0198676 1
14.2464 740.919 0.109489 1
27.3996 749.431 0.117647 1
24.0702 748.765 0.015748 1
13.0262 751.222 0.0574713 1
6.38326 738.158 0.0218978 1
15.7725 724.491 0.0314961 1
36.6048 517.329 0.0235294 1
4.35733 145.671 0.0940171 1
5.78882 144.618 0.0545455 1
8.93452 143.18 0.0347826 1
33.1118 82.4245 0.0238095 0
33.1118 82.4245 0.164706 0
33.1118 82.4245 0.0162602 0
10.9084 134.082 0.21374 1
33.2144 82.2721 0.015625 0
33.2144 82.2721 0.011236 0
33.2144 82.2721 0.164706 0
33.2144 82.2721 0.0106383 0
33.2144 82.2721 0.0285714 0
33.2144 82.2721 0.0162602 0
33.2144 82.2721 0.00757576 0
33.2144 82.2721 0.0833333 0
29.8014 299.085 0.108108 0
31.2818 28.2744 0.0769231 1
24.8456 26.8114 0.0217391 0
23.9732 220.245 0.125749 1
11.0979 325.64 0.0338164 1
22.0389 116.202 0.00588235 0
22.0389 116.202 0.0240964 0
22.0389 116.202 0.114943 0
22.0389 116.202 0.0120482 0
38.3768 453.555 0.143617 1
28.1151 487.195 0.0815451 1
2.19036 493.874 0.0350877 1
10.2962 479.585 0.0163934 1
15.2685 270.567 0.00552486 0
15.2685 270.567 0.0165289 0
22.099 707.556 0.0619469 1
45.3863 742.537 0.0571429 1
14.9157 277.084 0.0294118 0
14.9157 277.084 0.0336134 0
20.1325 748.935 0.0935673 1
34.6239 753.168 0.0186335 1
13.1292 745.802 0.0206897 1
21.1352 751.715 0.153061 1
4.50683 747.316 0.00581395 1
7.67264 717.791 0.0155039 1
16.6075 747.608 0.0409357 1
6.99186 740.901 0.015873 1
3.29959 736.106 0.0495868 1
9.42636 733.445 0.107143 1
30.5714 730.889 0.00909091 1
2.5846 693.912 0.0143885 1
41.8506 715.159 0.00833333 1
0.250259 705.017 0.0192308 1
32.4366 519.463 0.0240964 1
14.74 140.887 0.075 1
8.32152 142.88 0.125 1
0.618683 142.193 0.117647 1
3.23959 140.845 0.0833333 1
13.5694 139.604 0.0769231 1
10.8616 139.994 0.0296296 1
15.3161 139.737 0.12381 1
15.3403 140.769 0.0310078 1
32.978 66.1293 0.0106383 0
32.978 66.1293 0.00757576 0
32.978 66.1293 0.0103093 0
12.6732 140.309 0.0628931 1
33.1314 66.3515 0.0285714 0
33.1314 66.3515 0.0833333 0
33.1314 66.3515 0.0547945 0
32.1741 128.705 0.00943396 0
30.3391 282.45 0.0397351 0
30.3391 282.45 0.108108 0
31.0506 296.651 0.0934579 1
4.54674 328.717 0.0430108 1
43.1461 235.101 0.0443038 1
2.2563 350.258 0.157205 1
33.1772 296.444 0.15625 1
22.4547 110.062 0.0958904 0
22.4547 110.062 0.0240964 0
22.4547 110.062 0.0120482 0
22.4547 110.062 0.0958904 0
22.4547 110.062 0.04 0
22.043 461.519 0.021978 1
29.5972 491.924 0.135922 1
8.60286 487.355 0.0549451 1
46.5023 481.453 0.0350877 1
15.141 207.467 0.0165289 0
15.141 207.467 0.00995025 0
55.1098 529.452 0.212121 1
14.2484 167.648 0.05625 0
14.2484 167.648 0.0127389 0
14.2484 167.648 0.00552486 0
14.2484 167.648 0.00995025 0
42.2577 724.928 0.0231481 1
14.0287 173.115 0.0108108 0
58.0194 723.257 0.0829694 1
12.9695 735.158 0.00990099 1
2.17094 742.225 0.00568182 1
3.38335 708.188 0.011976 1
4.42864 719.073 0.0487805 1
19.5826 746.845 0.139535 1
28.1411 739.822 0.0153061 1
25.3584 718.1 0.0530973 1
12.9443 723.785 0.00546448 1
37.3607 733.661 0.0458716 1
9.25626 731.686 0.00826446 1
41.1039 707.75 0.00877193 1
0.729393 733.793 0.0454545 1
11.0256 140.879 0.179487 1
4.83745 140.077 0.0578512 1
6.27538 139.49 0.0714286 1
12.5305 138.7 0.0327869 1
15.2394 138.879 0.0147059 1
14.8945 139.436 0.112 1
33.4328 65.2466 0.0103093 0
33.4328 65.2466 0.0547945 0
33.4328 65.2466 0.0449438 0
33.4328 65.2466 0.141304 0
0.957314 62.3533 0.15873 1
29.123 320.122 0.0217391 0
29.123 320.122 0.0735294 0
11.263 305.491 0.0532544 1
13.1193 349.668 0.02 1
22.4769 197.994 0.04 0
22.4769 197.994 0.0604027 0
22.4769 197.994 0.0604027 0
22.4769 197.994 0.0759494 0
46.2329 563.294 0.0675676 1
30.4507 565.332 0.0340136 1
21.481 589.369 0.0233918 1
42.4785 589.068 0.020202 1
14.4793 136.968 0.05625 0
14.4793 136.968 0.0555556 0
43.0584 714.15 0.0645161 1
41.5836 725.252 0.00478469 1
20.1449 731.799 0.115607 1
31.659 743.651 0.0103093 1
25.5322 740.823 0.00483092 1
13.0358 743.219 0.0833333 1
15.6551 751.576 0.12931 1
22.8691 734.307 0.0540541 1
19.9803 738.413 0.0261438 1
20.3601 741.214 0.056 1
7.09747 730.154 0.0915033 1
24.596 731.811 0.0152672 1
30.8683 728.166 0.0163934 1
9.33926 717.696 0.00943396 1
33.56 716.053 0.0940171 1
0.306732 140.607 0.048 1
7.9175 138.587 0.0428571 1
14.4644 138.565 0.0373134 1
33.5907 72.252 0.0449438 0
13.2197 119.339 0.0337079 0
13.6382 137.795 0.0992908 1
3.36949 91.5381 0.0705882 0
33.7711 72.8573 0.141304 0
33.7711 72.8573 0.032 0
13.4002 119.945 0.0217391 0
3.36949 91.5381 0.0113636 0
33.7711 72.8573 0.00943396 0
29.5159 314.269 0.0735294 0
33.7711 72.8573 0.032 0
20.3709 47.0875 0.0952381 1
1.12275 57.818 0.0776699 1
36.94 19.4531 0.0338983 1
17.3144 59.4376 0.03125 0
12.7503 360.377 0.0324675 1
3.49866 327.803 0.00613497 1
22.6973 248.536 0.0759494 0
35.1456 611.048 0.011583 1
27.4217 627.417 0.0236967 1
35.1496 621.443 0.0196078 1
15.2598 628.135 0.0461538 1
15.1856 110.104 0.0236686 0
32.0117 637.695 0.171429 1
8.1156 587.973 0.020979 0
14.8663 106.346 0.0239521 0
40.1258 641 0.12037 1
47.7544 622.253 0.00806452 0
14.3608 94.3913 0.0108108 0
14.3608 94.3913 0.0555556 0
14.3608 94.3913 0.0111111 0
14.3608 94.3913 0.00561798 0
14.3608 94.3913 0.0236686 0
14.3608 94.3913 0.0111111 0
22.9819 694.319 0.141414 1
62.0276 716.003 0.0614525 1
9.96107 724.084 0.00510204 1
5.19682 731.118 0.0178571 1
5.28657 723.68 0.110236 1
1.73128 713.102 0.00689655 1
0.135307 725.773 0.00735294 1
18.9021 738.93 0.12234 1
20.9104 720.753 0.0430108 1
5.66906 711.556 0.0294118 1
13.396 722.514 0.0202703 1
9.43212 721.371 0.0134228 1
2.27592 693.653 0.00666667 1
6.89725 701.205 0.0141844 1
13.0535 690.353 0.04 1
29.2172 636.146 0.00724638 1
40.2472 622.947 0.00719424 1
15.904 136.71 0.276119 1
7.49879 139.862 0.0708661 1
1.74286 139.979 0.0763359 1
2.84688 138.734 0.148148 1
10.5587 137.977 0.134021 1
12.095 137.518 0.0833333 1
14.7165 137.535 0.102804 1
33.2191 57.5679 0.0337079 0
33.2191 57.5679 0.0217391 0
33.2191 57.5679 0.121951 0
2.6248 68.644 0.04 1
32.967 63.563 0.00819672 0
29.8588 290.066 0.0958084 0
24.7967 27.5342 0.0413793 0
36.5648 211.579 0.0357143 1
5.51091 331.212 0.116959 1
41.1043 119.684 0.057554 1
51.6084 634.22 0.107143 1
23.1446 274.433 0.0538117 0
8.99836 626.398 0.0137931 1
33.8785 645.662 0.083871 1
38.3859 663.451 0.00398406 1
15.5765 47.849 0.0149254 0
1.97816 643.054 0.0847458 1
37.3408 680.395 0.207921 1
43.6628 668.407 0.0232558 0
15.1097 40.1688 0.0340136 0
15.1097 40.1688 0.00584795 0
15.1097 40.1688 0.020979 0
15.1097 40.1688 0.0149254 0
15.1097 40.1688 0.0340136 0
15.1097 40.1688 0.0291971 0
45.6074 703.959 0.253521 1
58.5135 716.323 0.0658683 1
15.8899 699.33 0.00628931 1
39.4925 722.118 0.0104167 1
14.4122 59.7199 0.0239521 0
14.4122 59.7199 0.00561798 0
14.4122 59.7199 0.00584795 0
34.5798 741.626 0.0466321 1
17.7435 715.649 0.0231214 1
11.2429 736.063 0.00581395 1
11.9117 726.341 0.0170455 1
8.33852 706.975 0.0421687 1
13.3623 727.443 0.00574713 1
17.8866 739.251 0.00854701 1
4.25635 723.508 0.0178571 1
22.1264 723.19 0.119658 1
17.3271 726.809 0.0729167 1
30.5708 714.859 0.00943396 1
0.951149 696.671 0.0290698 1
17.4351 136.854 0.225225 1
11.6116 138.722 0.113821 1
3.62916 138.901 0.056 1
0.296188 138.468 0.134328 1
6.22719 137.555 0.124088 1
9.76262 136.643 0.00787402 1
14.148 136.201 0.0620155 1
32.9584 62.5044 0.121951 0
32.9584 62.5044 0.00819672 0
32.9584 62.5044 0.166667 0
32.9584 62.5044 0.023622 0
13.5843 134.262 0.0547945 1
33.1131 63.0527 0.0705882 0
33.1131 63.0527 0.0113636 0
33.1131 63.0527 0.166667 0
29.7005 313.993 0.03125 0
29.7005 313.993 0.0958084 0
14.8807 335.188 0.0326797 1
23.5957 305.155 0.00980392 0
13.2536 337.275 0.269504 1
10.926 351.01 0.0306748 1
43.9212 206.841 0.0736842 1
23.9556 297.015 0.0538117 0
23.9556 297.015 0.0914634 0
42.709 688.304 0.0191571 1
29.9157 700.2 0.0263158 1
15.65 17.8605 0.0291971 0
25.1854 699.09 0.0923077 1
15.6035 17.9822 0.00806452 0
52.1943 695.683 0.0272727 1
41.4127 713.653 0.059322 1
0.438316 706.044 0.0318471 1
26.7709 714.936 0.145349 1
25.9772 728.424 0.0949367 1
0.43132 720.003 0.0162602 1
21.6321 721.6 0.031746 1
12.5729 708.003 0.1 1
20.4182 700.937 0.0820896 1
37.7052 711.772 0.141026 1
1.297 709.909 0.0714286 1
13.1586 721.584 0.0103093 1
7.00022 713.186 0.00689655 1
15.348 697.142 0.0542636 1
39.4253 631.131 0.00943396 1
15.3775 134.94 0.12069 1
2.71915 138.937 0.138211 1
7.65982 138.008 0.265487 1
15.9813 137.268 0.0934579 1
33.0787 63.6468 0.023622 0
29.6499 318.828 0.04 0
33.0787 63.6468 0.0359712 0
12.3833 46.6404 0.0941176 1
29.8852 316.856 0.0121951 0
0.39917 63.3893 0.136 1
29.8536 321.857 0.0413793 0
29.8536 321.857 0.04 0
29.8536 321.857 0.00645161 0
29.8536 321.857 0.00813008 0
25.135 321.317 0.20438 0
25.135 321.317 0.00680272 0
34.5533 339.32 0.139303 1
69.4093 404.412 0.00492611 0
24.314 301.685 0.00980392 0
24.314 301.685 0.0914634 0
24.314 301.685 0.20438 0
24.314 301.685 0.008 0
49.6965 709.843 0.0449438 1
44.7957 716.617 0.0131579 1
25.3186 332.011 0.00680272 0
21.0372 738.319 0.0125 1
11.1044 706.486 0.0724638 1
35.7236 736.223 0.132075 1
1.95997 686.492 0.0390625 0
15.8534 14.8168 0.0232558 0
15.8534 14.8168 0.0631579 0
15.8534 14.8168 0.0618557 0
17.8133 671.675 0.025641 1
35.9795 710.207 0.017341 1
5.99504 677.778 0.0197368 1
5.64388 703.572 0.134328 1
27.9336 701.096 0.00617284 1
22.9608 721.193 0.00694444 1
13.4511 701.118 0.00628931 1
27.9545 714.023 0.0869565 1
31.18 711.674 0.101695 1
9.86344 699.081 0.0958904 1
35.1833 709.753 0.0162602 1
16.8022 715.412 0.016 1
0.555649 709.278 0.0168067 1
9.24733 699.393 0.0454545 1
11.2769 710.081 0.00714286 1
41.2948 692.453 0.00917431 1
0.76696 673.784 0.00609756 1
4.10973 662.614 0.016129 1
8.45569 136.196 0.0854701 1
0.246826 136.022 0.0181818 1
12.0785 135.874 0.190909 1
14.9012 136.441 0.0205479 1
14.5493 137.23 0.0189873 1
33.2444 66.7874 0.0359712 0
33.2444 66.7874 0.0673077 0
10.7401 135.816 0.19697 1
33.2982 66.6818 0.0138889 0
33.2982 66.6818 0.0673077 0
33.2982 66.6818 0.0232558 0
33.2982 66.6818 0.0512821 0
28.8633 47.5319 0.0555556 0
0.677429 56.6811 0.076087 1
25.0788 334.06 0.008 0
29.0911 346.346 0.00680272 0
1.06713 373.611 0.020202 1
29.0682 338.365 0.0121951 0
29.0682 338.365 0.189349 0
29.0682 338.365 0.00990099 0
22.7464 277.883 0.0166667 1
25.3762 338.771 0.0196078 0
38.8127 722.929 0.172932 1
52.5387 748.26 0.191919 1
36.7206 769.161 0.00735294 1
27.2908 775.043 0.122807 1
15.8158 769.618 0.17037 1
17.7018 55.6291 0.0631579 0
17.7018 55.6291 0.00917431 0
32.4952 686.847 0.130435 1
57.4401 673.018 0.19337 1
44.0155 713.562 0.0392157 1
30.5566 710.578 0.177083 1
16.2921 707.929 0.0409357 1
12.8696 699.746 0.0198676 1
15.2753 709.643 0.0363636 1
16.2503 705.409 0.1 1
21.8986 705.24 0.184211 1
2.38445 675.189 0.0485437 1
18.2589 137.012 0.222222 1
12.0549 138.649 0.096 1
5.74598 138.736 0.0818182 1
5.17844 138.662 0.140496 1
9.55957 137.751 0.0504202 1
13.2896 137.808 0.0512821 1
33.0933 71.2792 0.0232558 0
33.0933 71.2792 0.0512821 0
33.0933 71.2792 0.0169492 0
4.28852 113.955 0.09375 1
33.0899 71.2035 0.025 0
13.0644 132.978 0.0162602 1
29.3885 341.635 0.00645161 0
29.3885 341.635 0.00813008 0
33.2101 71.5359 0.0138889 0
29.3885 341.635 0.00680272 0
29.3885 341.635 0.189349 0
29.3885 341.635 0.00990099 0
33.2101 71.5359 0.0169492 0
29.3885 341.635 0.0220994 0
29.3885 341.635 0.0220994 0
29.3885 341.635 0.0437158 0
15.8394 370.612 0.121951 1
17.7054 388.729 0.154696 1
38.5865 363.797 0.101124 1
25.7999 313.89 0.018018 1
25.6548 343.633 0.0196078 0
25.6548 343.633 0.00462963 0
25.6548 343.633 0.103093 0
25.6548 343.633 0.00492611 0
25.6548 343.633 0.00462963 0
25.6548 343.633 0.103093 0
42.5061 745.914 0.12426 1
33.2482 780.909 0.0319149 1
23.9141 782.968 0.203252 1
18.3561 64.458 0.0618557 0
18.3561 64.458 0.00917431 0
18.3561 64.458 0.032967 0
36.5711 768.61 0.0416667 1
17.9063 71.2523 0.0138889 0
17.9063 71.2523 0.0234375 0
17.9063 71.2523 0.0138889 0
17.9063 71.2523 0.0612245 0
12.0199 677.383 0.298913 1
51.2319 693.617 0.0980392 1
38.22 708.734 0.0212766 1
0.999161 695.605 0.0308642 1
17.5324 64.0803 0.0390625 0
17.5324 64.0803 0.032967 0
17.5324 64.0803 0.0234375 0
9.22443 699.619 0.0277778 1
35.2228 705.414 0.0208333 1
30.8864 715.083 0.0184049 1
5.16186 709.203 0.0104167 1
24.3852 722.409 0.020979 1
19.4708 721.286 0.0136986 1
7.74677 712.033 0.0314465 1
28.3484 701.296 0.0392157 1
5.0318 696.207 0.0486111 1
19.7759 710.453 0.172932 1
20.3552 662 0.0366972 1
15.2673 712.435 0.00847458 1
13.3342 691.971 0.0319149 1
33.3666 694.657 0.057554 1
35.6814 670.261 0.0733333 1
41.6401 684.332 0.0786517 1
16.7363 133.728 0.0430108 1
2.53275 139.245 0.145455 1
9.97888 136.284 0.00892857 1
3.1573 137.863 0.138614 1
6.91629 136.954 0.0451128 1
15.6221 137.091 0.132075 1
33.1314 71.2532 0.0555556 0
33.1314 71.2532 0.115385 0
29.2534 120.598 0.0138889 0
33.1314 71.2532 0.025 0
27.7763 360.448 0.0437158 0
33.1314 71.2532 0.115385 0
33.1314 71.2532 0.0364963 0
3.87796 49.3444 0.296875 1
27.9807 362.297 0.106061 0
27.9807 362.297 0.00775194 0
7.11969 410.899 0.0545455 1
8.15017 314.089 0.0285714 1
26.5073 373.742 0.00628931 0
18.3835 791.536 0.11194 1
28.4847 785.387 0.11039 1
21.313 786.697 0.092437 1
12.3261 780.13 0.105263 1
33.6464 751.805 0.0280374 1
18.4419 48.5912 0.0612245 0
18.4419 48.5912 0.0138889 0
18.4419 48.5912 0.00591716 0
18.4419 48.5912 0.0138889 0
26.8027 710.706 0.0844156 1
16.6814 712.664 0.0129032 1
11.0126 696.77 0.0642202 1
24.1245 702.674 0.0914634 1
9.1366 702.071 0.0892857 1
28.3301 710.461 0.0070922 1
13.1452 695.121 0.0227273 1
14.4659 705.158 0.0203046 1
21.5711 713.203 0.139394 1
0.882912 701.718 0.114504 1
11.3065 706.62 0.176471 1
29.6976 692.4 0.00877193 1
7.13032 693.122 0.0530303 1
0.628876 671.185 0.00694444 1
7.01036 646.557 0.0512821 1
0.170181 137.496 0.0934579 1
4.64547 136.111 0.112069 1
3.58873 135.869 0.0173913 1
10.5523 135.421 0.0653595 1
13.8495 135.226 0.104839 1
33.0753 70.8205 0.0364963 0
33.0753 70.8205 0.0610687 0
10.097 120.428 0.266667 1
14.7947 135.932 0.0719424 1
33.2042 71.2306 0.0138889 0
33.2042 71.2306 0.0610687 0
27.9946 353.844 0.0793651 0
33.2042 71.2306 0.0900901 0
31.0702 32.964 0.0273973 0
0.617546 37.3426 0.264463 1
27.9584 356.016 0.106061 0
27.9584 356.016 0.0793651 0
43.2762 376.568 0.0625 1
27.531 370.608 0.008 0
27.531 370.608 0.00775194 0
26.8696 343.175 0.00628931 0
26.8696 343.175 0.0851064 0
73.1857 415.514 0.0266667 0
26.7262 398.747 0.015873 1
6.78241 364.177 0.0724638 1
61.4879 429.753 0.0220994 0
26.1621 341.902 0.0851064 0
46.3161 758.689 0.0793651 1
34.9567 782.57 0.044586 1
12.884 792.724 0.00632911 1
8.661 779.78 0.449102 1
16.273 741.629 0.0504202 0
19.1314 71.7922 0.123377 0
16.273 741.629 0.189189 0
34.2677 763.217 0.00909091 0
19.7248 771.335 0.00746269 0
19.1314 71.7922 0.00591716 0
19.1314 71.7922 0.123377 0
19.1314 71.7922 0.0360825 0
2.85838 669.837 0.00684932 1
53.3963 690.789 0.0164835 1
38.7449 703.287 0.0582524 1
43.6245 706.937 0.0257732 1
1.57992 691.745 0.0426829 1
35.7432 705.008 0.0410256 1
7.43161 690.597 0.0149254 1
16.9555 684.459 0.0704225 1
16.6317 700.332 0.156863 1
17.2932 703.513 0.0555556 1
11.5845 702.011 0.0136986 1
24.5461 701.114 0.00729927 1
0.691879 676.683 0.0408163 1
29.1692 692.556 0.0218978 1
9.51151 691.642 0.0163934 1
36.2477 692.516 0.0377358 1
17.6029 678.598 0.0901639 1
6.35239 679.117 0.023622 1
40.815 674.946 0.0283688 1
36.9515 655.638 0.122642 1
18.139 134.348 0.145833 1
12.8604 135.099 0.0546875 1
5.89421 136.37 0.0446429 1
0.516068 136.37 0.0272727 1
7.20743 136.174 0.0378788 1
8.96559 134.758 0.119205 1
12.0486 135.518 0.033557 1
15.6989 135.525 0.0484848 1
33.2462 73.9524 0.0900901 0
2.13977 104.745 0.016129 1
33.2446 73.8795 0.0272727 0
12.6461 134.8 0.196262 1
26.8235 371.882 0.0567376 0
3.06538 368.803 0.0520231 1
27.1164 350.035 0.0266667 0
27.1164 350.035 0.0206897 0
56.6474 767.067 0.191176 1
27.6202 776.162 0.00980392 1
21.5872 784.567 0.107383 1
14.2096 780.929 0.10084 1
19.9798 63.9682 0.0360825 0
19.9798 63.9682 0.00704225 0
19.9798 63.9682 0.122807 0
19.9798 63.9682 0.02 0
19.9798 63.9682 0.00574713 0
10.0818 775.028 0.233645 1
20.1818 50.4351 0.00704225 0
8.58512 671.895 0.0522388 1
31.0049 689.31 0.0382166 1
25.7667 686.418 0.0215827 1
41.1177 702.142 0.00675676 1
19.9853 696.527 0.0846154 1
30.073 698.303 0.0162162 1
14.6969 681.794 0.048951 1
22.6085 697.205 0.122807 1
0.284546 683.253 0.0592105 1
8.04628 699.614 0.00684932 1
19.1833 703.568 0.0310559 1
19.872 685.591 0.169355 1
12.9834 698.173 0.00632911 1
4.89192 680.139 0.0163934 1
8.19168 655.746 0.00769231 1
1.72281 650.721 0.0105263 1
22.2291 117.379 0.150943 1
3.76094 138.44 0.0483871 1
14.4761 136.849 0.0163934 1
33.2836 75.5099 0.0273973 0
33.2836 75.5099 0.0694444 0
4.28324 110.015 0.0434783 0
30.2375 121.063 0.129032 0
26.7824 367.057 0.008 0
33.2836 75.5099 0.0272727 0
26.7824 367.057 0.0567376 0
33.2836 75.5099 0.0694444 0
26.7824 367.057 0.00970874 0
33.2836 75.5099 0.025641 0
26.7824 367.057 0.0915493 0
3.04613 45.5535 0.109091 1
13.9704 20.0927 0.00625 0
27.0091 369.808 0.00970874 0
48.3087 300.654 0.171429 1
27.6959 309.718 0.0235294 0
27.6959 309.718 0.0245098 0
12.511 411.827 0.0609756 1
66.5024 409.2 0.0100503 0
27.4934 313.892 0.0206897 0
27.4934 313.892 0.0227273 0
27.4934 313.892 0.032 0
27.4934 313.892 0.0188679 0
27.4934 313.892 0.0220994 0
27.4934 313.892 0.0227273 0
39.009 723.092 0.0234375 1
17.0916 768.069 0.12782 1
23.1606 751.059 0.036036 1
10.3676 761.081 0.0196078 1
14.2311 752.823 0.00719424 1
12.1951 749.154 0.0967742 1
20.7147 45.3446 0.0504202 0
20.7147 45.3446 0.189189 0
20.7147 45.3446 0.122807 0
10.829 738.91 0.0136364 1
20.9056 34.352 0.00909091 0
20.9056 34.352 0.02 0
20.9056 34.352 0.019802 0
50.0698 675.726 0.139706 1
20.8172 31.126 0.00746269 0
20.8172 31.126 0.00574713 0
14.5342 679.512 0.0583942 1
3.06925 664.636 0.0310078 1
16.2526 682.789 0.0740741 1
20.736 666.11 0.0121212 1
17.1302 673.36 0.00735294 1
9.24179 668.877 0.0384615 1
0.381691 670.917 0.00641026 1
28.2276 673.33 0.181818 1
29.4724 679.404 0.0145985 1
35.6439 669.301 0.0776699 1
0.899368 684.008 0.0243902 1
11.6134 680.028 0.0437956 1
27.457 646.378 0.100775 1
40.3381 682.795 0.00806452 1
34.1512 615.159 0.064 1
0.373512 663.575 0.00632911 1
8.44189 137.088 0.092437 1
13.4691 135.236 0.0422535 1
3.00394 137.493 0.00970874 1
1.41063 136.697 0.0642202 1
9.87459 135.994 0.0546875 1
13.9494 136.295 0.166667 1
15.3589 136.687 0.0198676 1
33.1907 77.7982 0.025641 0
33.1907 77.7982 0.0373832 0
26.2789 387.561 0.0915493 0
26.2789 387.561 0.0378788 0
1.90473 411.428 0.010582 1
28.8467 289.279 0.0227273 0
28.8467 289.279 0.00854701 0
28.8467 289.279 0.018018 0
53.1951 344.071 0.0648148 1
26.8148 405.925 0.134615 1
28.1791 270.783 0.0235294 0
28.1791 270.783 0.032 0
28.1791 270.783 0.0227273 0
28.1791 270.783 0.0245098 0
28.1791 270.783 0.0188679 0
9.64516 727.475 0.00653595 1
10.8677 722.433 0.0375 1
21.3111 25.9061 0.019802 0
21.3111 25.9061 0.045 0
36.9346 685.901 0.172662 1
1.70125 674.388 0.0740741 1
19.6491 675.454 0.0344828 1
38.5034 682.502 0.00574713 1
33.3817 684.304 0.0459184 1
28.7761 686.238 0.00628931 1
26.7117 677.048 0.0144928 1
11.8866 669.924 0.0155039 1
9.16734 640.834 0.114865 1
19.0522 686.928 0.24 1
14.1048 666 0.00813008 1
0.510429 661.992 0.064 1
22.5014 674.187 0.0827068 1
14.1548 673.641 0.178808 1
15.6296 658.224 0.113208 1
11.0464 670.949 0.00578035 1
35.762 671.921 0.120567 1
5.22293 666.324 0.00578035 1
6.8708 634.38 0.0104167 1
17.987 135.277 0.0458716 1
8.10098 138.178 0.0588235 1
6.49939 138.888 0.0833333 1
9.47867 138.459 0.0413223 1
11.9618 138.372 0.152174 1
14.2935 138.56 0.122951 1
4.43534 110.435 0.0625 0
11.6774 134.906 0.219048 1
4.49853 110.439 0.0434783 0
4.49853 110.439 0.0625 0
28.7737 31.7551 0.114754 1
33.1062 74.1167 0.206349 0
1.25326 46.8447 0.078125 1
33.0331 76.7615 0.129032 0
33.0331 76.7615 0.0373832 0
25.8793 397.962 0.0378788 0
25.8793 397.962 0.0666667 0
33.0331 76.7615 0.0490196 0
25.8793 397.962 0.00625 0
25.8793 397.962 0.0666667 0
28.3964 257.493 0.0261438 0
28.3964 257.493 0.0136054 0
25.8793 397.962 0.0261438 0
11.0597 446.152 0.0184049 1
28.2999 260.329 0.0100503 0
28.2999 260.329 0.00854701 0
28.2999 260.329 0.0261438 0
28.2999 260.329 0.0206186 0
28.2999 260.329 0.0206897 0
28.2999 260.329 0.018018 0
28.2999 260.329 0.0136054 0
28.2999 260.329 0.0659341 0
28.2999 260.329 0.00719424 0
2.48311 696.123 0.0638298 1
13.1298 712.718 0.0174216 1
21.2251 21.6406 0.0257732 0
21.2251 21.6406 0.0309278 0
14.1145 704.125 0.0127119 1
30.6918 684.516 0.0118343 0
11.0235 697.213 0.00847458 1
21.2612 686.468 0.0275229 0
21.4876 10.2745 0.0257732 0
52.0613 668.064 0.110092 1
16.3873 671.423 0.159722 1
21.4043 8.95435 0.00843882 0
4.71297 669.343 0.0070922 1
42.6571 676.362 0.303797 1
21.2996 7.53577 0.045 0
21.2996 7.53577 0.0309278 0
12.6103 651.267 0.0196078 1
32.5931 667.66 0.00398406 1
22.2403 668.093 0.0688073 1
1.07217 667.744 0.0625 1
11.0442 657.285 0.011236 1
29.952 652.024 0.00769231 1
6.85379 620.783 0.0136054 1
1.86919 677.346 0.0178571 1
34.1836 646.043 0.109756 1
7.65394 674.618 0.0141844 1
28.4481 663.185 0.0350877 1
2.74278 668.705 0.0291971 1
40.1992 653.983 0.0909091 1
25.4111 432.501 0.01 1
0.244781 138.01 0.0543478 1
4.5196 136.494 0.0714286 1
3.96013 137.341 0.0642202 1
6.38039 136.472 0.017094 1
15.3157 136.003 0.130435 1
14.2344 137.201 0.0980392 1
13.8274 136.686 0.031746 1
33.3185 75.5641 0.206349 0
33.3185 75.5641 0.0490196 0
33.3185 75.5641 0.0190476 0
9.65544 127.82 0.0309278 1
17.1262 101.475 0.0547945 0
25.7828 395.126 0.0261438 0
33.3426 75.4774 0.0190476 0
33.3426 75.4774 0.0102041 0
25.7828 395.126 0.12931 0
16.2164 25.9978 0.216216 1
28.7544 235.898 0.0206186 0
28.7544 235.898 0.0659341 0
13.7125 403.173 0.0785714 1
38.6509 401.351 0.150376 1
20.4796 456.868 0.0284091 0
1.9342 428.143 0.0168539 1
28.0394 227.926 0.0206897 0
28.0394 227.926 0.00719424 0
28.0394 227.926 0.00719424 0
48.5364 680.952 0.00653595 1
5.09454 713.862 0.361842 1
16.5121 709.869 0.0571429 1
11.2289 699.348 0.0791367 1
13.8384 701.132 0.00534759 1
21.2136 14.0163 0.0118343 0
21.2136 14.0163 0.0794702 0
37.2514 659.423 0.0536913 1
44.0483 676.355 0.0314961 1
8.90696 663.626 0.0188679 1
29.1222 672.683 0.0121951 1
5.31239 660.097 0.0300752 1
16.12 659.197 0.0220588 1
13.3297 675.52 0.00689655 1
18.7195 674.129 0.0296296 1
13.8273 663.175 0.0413223 1
6.49427 662.03 0.0366972 1
21.5457 652.938 0.00787402 1
4.85921 636.436 0.00699301 1
26.2348 657.745 0.00595238 1
35.739 662.64 0.028169 1
12.0388 658.834 0.0647482 1
0.161522 666.339 0.0193548 1
11.7479 135.724 0.0462963 1
16.7246 128.959 0.0982143 1
0.509583 137.755 0.050505 1
9.33774 137.913 0.015873 1
12.2621 137.361 0.0189873 1
15.0549 137.639 0.0731707 1
33.1867 74.0611 0.0102041 0
33.1867 74.0611 0.121212 0
11.4271 131.529 0.0576923 1
31.5571 106.677 0.09375 0
25.2421 400.581 0.12931 0
26.9306 433.205 0.0526316 0
27.829 230.385 0.0545455 0
27.829 230.385 0.020979 0
26.425 441.969 0.150442 1
26.4735 437.43 0.0136054 0
0.167404 436.22 0.0364963 0
27.372 226.16 0.0284091 0
27.372 226.16 0.0545455 0
13.7874 652.448 0.178571 1
27.3201 224.417 0.0126582 0
27.3201 224.417 0.0150754 0
46.9505 676.297 0.246377 1
27.0352 675.152 0.0272727 1
26.782 239.101 0.0151515 0
26.782 239.101 0.017341 0
19.8058 661.113 0.0561798 1
2.99043 658.219 0.171053 1
26.8553 236.347 0.00719424 0
26.8553 236.347 0.020979 0
18.6657 704.841 0.276786 1
15.2394 702.974 0.0996169 1
20.8437 19.6998 0.00843882 0
20.8437 19.6998 0.00383142 0
20.8437 19.6998 0.0794702 0
12.0639 694.893 0.0357143 1
20.9872 13.1473 0.0740741 0
27.2184 675.6 0.0198676 0
22.2794 663.587 0.0718954 1
38.9564 666.082 0.00526316 1
20.8468 11.2487 0.0275229 0
20.8468 11.2487 0.00383142 0
16.5217 652.388 0.097561 1
30.6659 664.238 0.0545455 1
23.1481 663.766 0.0860656 1
13.5649 649.06 0.00591716 1
8.31535 659.026 0.0523256 1
17.7115 665.063 0.0681818 1
3.80502 650.316 0.0147059 1
14.8578 660.58 0.0875 1
8.17653 644.71 0.027972 1
33.8417 651.48 0.013986 1
16.4723 605.186 0.00729927 1
41.4273 654.554 0.175 1
6.91176 651.305 0.139073 1
10.0992 135.897 0.0901639 1
4.03445 136.653 0.0420168 1
3.72346 137.613 0.0508475 1
6.2957 136.987 0.0241935 1
15.119 136.708 0.158333 1
33.2762 72.6677 0.025641 0
31.5877 105.292 0.0185185 0
33.2762 72.6677 0.0547945 0
33.2762 72.6677 0.121212 0
33.2762 72.6677 0.025641 0
1.6885 32.624 0.111111 1
24.8697 406.306 0.0409836 0
53.7846 427.561 0.019802 1
27.1676 210.939 0.0357143 0
2.26331 419.168 0.0324675 1
27.1426 215.526 0.0126582 0
27.1426 215.526 0.0151515 0
27.1426 215.526 0.00632911 0
27.1426 215.526 0.0444444 0
27.1426 215.526 0.00769231 0
27.1426 215.526 0.0150754 0
27.1426 215.526 0.017341 0
27.1426 215.526 0.0100503 0
27.1426 215.526 0.1875 0
27.1426 215.526 0.187135 0
15.5012 445.062 0.0752212 1
52.1179 460.859 0.0152284 0
26.9543 218.049 0.00632911 0
26.9543 218.049 0.0100503 0
43.3666 665.237 0.245902 1
16.0875 693.788 0.0878378 1
20.5909 23.3149 0.0154639 0
27.4048 680.835 0.116279 0
13.2899 694.276 0.119816 1
19.2775 673.582 0.00735294 0
20.776 16.0701 0.0740741 0
20.776 16.0701 0.0154639 0
47.9957 657.52 0.114094 1
27.091 669.267 0.284916 1
33.9132 667.751 0.0375587 1
10.3994 653.75 0.00641026 1
2.22286 660.321 0.0671141 1
15.4266 653.467 0.0827068 1
3.191 625.742 0.159236 1
23.7699 654.719 0.00714286 1
18.7819 656.557 0.0129032 1
8.36437 642.692 0.0855263 1
28.9082 644.43 0.0180723 1
1.13376 649.095 0.0414201 1
9.65569 602.963 0.0126582 1
21.5894 635.267 0.0357143 1
38.4774 619.45 0.00806452 1
5.87087 635.001 0.0993377 1
17.837 134.145 0.13913 1
5.05978 137.148 0.0956522 1
0.540909 137.211 0.0275229 1
11.6878 137.218 0.0582524 1
27.8845 115.797 0.00813008 0
15.3515 137.13 0.113636 1
12.3279 137.496 0.0378788 1
33.2248 75.162 0.0181818 0
17.5227 101.73 0.0555556 0
28.0589 116.606 0.0932203 0
33.2248 75.162 0.09375 0
24.4577 408.26 0.0526316 0
24.4577 408.26 0.0136054 0
33.2248 75.162 0.0185185 0
24.4577 408.26 0.0409836 0
33.2248 75.162 0.0181818 0
24.4577 408.26 0.0447761 0
5.16592 41.4436 0.272727 1
24.6913 408.982 0.0340136 0
26.953 216.038 0.0394737 0
32.7628 450.251 0.136364 1
26.3802 205.47 0.0444444 0
26.3802 205.47 0.1875 0
26.3802 205.47 0.0394737 0
26.3802 205.47 0.00775194 0
26.3802 205.47 0.0140845 0
25.1649 676.897 0.106195 1
26.6372 204.959 0.0764706 0
26.6372 204.959 0.0364963 0
26.6372 204.959 0.0357143 0
26.6372 204.959 0.00769231 0
26.6372 204.959 0.187135 0
26.6372 204.959 0.0887097 0
26.6372 204.959 0.0437956 0
26.6372 204.959 0.0606061 0
10.4413 686.526 0.00458716 1
21.245 16.1365 0.0198676 0
21.245 16.1365 0.116279 0
40.1613 651.164 0.021978 1
29.2734 658.163 0.111111 1
32.8303 652.524 0.0153846 1
18.8296 647.647 0.028169 1
7.28065 638.26 0.00552486 1
26.5014 657.787 0.0570175 1
9.15263 638.479 0.00520833 1
17.1871 643.041 0.0248756 1
20.6114 657.043 0.076 1
5.88303 643.749 0.00714286 1
15.7438 653.077 0.00564972 1
3.33679 636.423 0.037037 1
9.7998 644.435 0.117647 1
5.29851 645.195 0.0143885 1
38.1621 642.5 0.134615 1
34.4366 637.884 0.059322 1
0.868484 650.08 0.00819672 1
40.7363 629.735 0.0111111 1
18.8955 134.451 0.197917 1
12.2923 137.826 0.0789474 1
2.49115 138.534 0.0483871 1
9.55463 139.13 0.206107 1
12.5486 138.736 0.00684932 1
6.99731 138.72 0.047619 1
14.8361 138.565 0.0344828 1
17.5376 102.676 0.0555556 0
15.4686 25.8459 0.138889 1
32.9175 75.6148 0.037037 0
13.2319 33.2491 0.03 0
39.2583 51.8894 0.159091 0
24.207 418.335 0.0447761 0
26.7413 199.189 0.00775194 0
26.7413 199.189 0.0887097 0
10.9752 451.584 0.0352941 1
21.7342 455.555 0.0163043 1
32.9175 75.6148 0.00813008 0
32.9175 75.6148 0.0932203 0
23.807 414.317 0.116129 0
23.807 414.317 0.0821918 0
39.2583 51.8894 0.0222222 0
23.807 414.317 0.0340136 0
26.3413 203.207 0.0140845 0
26.3413 203.207 0.0437956 0
23.807 414.317 0.116129 0
57.4914 437.933 0.0166667 1
9.66398 415.875 0.0070922 1
26.2401 197.242 0.0152284 0
26.2401 197.242 0.0366492 0
37.8608 668.562 0.0373134 1
27.4506 674.929 0.0942029 1
15.2454 669.98 0.246269 1
18.5367 624.53 0.020202 1
9.16693 615.013 0.084507 1
10.522 685.122 0.0425532 1
9.09213 680.227 0.0513834 1
21.1727 13.1946 0.00735294 0
21.1727 13.1946 0.0785714 0
21.1727 13.1946 0.0348837 0
50.688 659.668 0.414286 1
32.5117 655.452 0.105691 1
15.2876 640.868 0.0857143 1
25.0535 656.511 0.027907 1
35.4627 649.839 0.02 1
16.3179 643.871 0.00740741 1
5.23687 645.026 0.0604396 1
28.4402 650.557 0.00458716 1
6.35615 624.63 0.191489 1
20.059 646.32 0.0535714 1
19.3638 632.527 0.0709677 1
25.9956 624.379 0.00684932 1
4.85535 609.916 0.0397351 1
33.2042 641.612 0.00680272 1
12.9423 633.961 0.0680272 1
4.03338 638.637 0.102564 1
10.2525 613.26 0.0202703 1
15.9045 132.086 0.0877193 1
8.31096 137.516 0.141732 1
2.56926 138.28 0.0165289 1
12.2393 138.688 0.028777 1
13.9881 138.816 0.0852713 1
15.4447 139.409 0.0656934 1
32.9538 76.3892 0.037037 0
6.3046 128.279 0.535354 1
8.29509 132.447 0.0344828 1
19.99 98.4138 0.0319149 0
23.7058 420.282 0.03 0
23.7058 420.282 0.0821918 0
25.4762 464.275 0.139706 1
36.4732 444.204 0.106195 0
8.84418 450.4 0.0360825 1
35.0583 442.025 0.0362694 1
25.5975 183.267 0.0764706 0
25.5975 183.267 0.0606061 0
25.5975 183.267 0.0366492 0
25.5975 183.267 0.0628272 0
25.5975 183.267 0.0232558 0
25.5975 183.267 0.0357143 0
5.34421 647.636 0.0103093 1
32.9485 667.508 0.110236 1
20.8167 21.3 0.0785714 0
20.8167 21.3 0.00892857 0
20.8167 21.3 0.0348837 0
20.8167 21.3 0.0486111 0
6.70421 675.056 0.0925926 1
7.71591 670.625 0.319635 1
23.9235 657.684 0.0261438 0
18.1539 647.009 0.170213 1
4.33553 625.757 0.0582524 1
35.1353 640.494 0.00995025 1
12.843 642.025 0.0151515 1
13.1171 632.755 0.22449 1
24.0001 641.811 0.0294118 1
18.1082 642.921 0.040404 1
12.9867 629.598 0.059633 1
12.3937 634.165 0.026087 1
8.3204 609.45 0.0594059 1
8.61681 635.629 0.0172414 1
38.5529 622.273 0.072 1
35.8658 630.694 0.0428571 1
0.853745 634.884 0.0981595 1
7.36484 137.489 0.0451128 1
3.53822 138.478 0.21875 1
8.7865 138.125 0.127119 1
5.56953 138.317 0.0521739 1
20.0166 96.665 0.0114943 0
14.9784 137.611 0.0625 1
12.2137 135.332 0.0928571 1
33.1497 74.8538 0.159091 0
33.1497 74.8538 0.0222222 0
20.1544 97.175 0.0701754 0
56.084 352.197 0.0721649 0
35.9297 449.372 0.306667 0
32.6921 472.84 0.0194175 1
23.1889 464.103 0.0141844 1
24.938 167.98 0.0232558 0
24.938 167.98 0.00561798 0
24.938 167.98 0.0677966 0
33.3475 655.141 0.26 1
30.1388 639.22 0.027972 0
40.73 662.172 0.0152672 1
24.9447 182.399 0.0628272 0
24.9447 182.399 0.0357143 0
24.9447 182.399 0.0867052 0
18.8718 626.859 0.255814 1
1.66598 676.83 0.0957447 1
20.795 27.2352 0.00892857 0
20.795 27.2352 0.0486111 0
44.7145 639.425 0.117647 1
28.8024 643.882 0.136054 1
21.9085 644.736 0.00510204 1
11.3361 627.854 0.035503 1
30.7792 632.9 0.0199005 1
21.5586 628.546 0.0606061 1
0.108269 627.021 0.0234375 1
5.18089 617.273 0.0775194 1
6.66273 621.332 0.00564972 1
26.7288 628.322 0.0864198 1
30.4694 607.237 0.0728477 1
6.02274 630.289 0.025 1
24.2739 625.214 0.030303 1
10.6074 623.019 0.0992908 1
2.91167 630.49 0.0727273 1
41.0006 623.149 0.00833333 1
43.0864 617.524 0.163462 1
9.8929 615.207 0.00757576 1
19.9506 127.374 0.356061 1
13.2625 137.213 0.0220588 1
0.428391 138.519 0.097561 1
8.18124 138.767 0.0806452 1
12.0406 138.498 0.0408163 1
14.1315 138.697 0.0699301 1
55.5028 357.194 0.0721649 0
20.1222 98.0284 0.108108 0
55.5028 357.194 0.0490196 0
20.1222 98.0284 0.0319149 0
35.3806 455.223 0.106195 0
20.1222 98.0284 0.0114943 0
20.1222 98.0284 0.0701754 0
35.3806 455.223 0.306667 0
20.1222 98.0284 0.108108 0
24.9419 176.957 0.00561798 0
55.4667 466.05 0.0558659 1
40.4254 470.743 0.0153846 1
14.4482 478.885 0.0759494 1
23.9985 146.82 0.0677966 0
23.9985 146.82 0.0867052 0
23.9985 146.82 0.0114286 0
23.9985 146.82 0.0728477 0
23.9985 146.82 0.0239521 0
3.74718 601.563 0.0659341 1
37.1723 667.563 0.236686 1
31.7526 658.901 0.031746 1
44.4618 678.259 0.0909091 1
6.3919 697.374 0.264368 1
4.90176 693.507 0.0227273 1
20.6381 44.4677 0.0396825 0
16.8023 671.109 0.0472973 0
20.6381 44.4677 0.0261438 0
20.6381 44.4677 0.0396825 0
37.4404 626.641 0.182927 1
24.8983 642.802 0.00512821 1
9.90682 617.071 0.0124224 1
23.9536 628.584 0.0115607 1
16.9004 627.857 0.0106952 1
20.0422 629.186 0.0106952 1
16.783 614.388 0.0186335 1
15.4105 633.178 0.021164 1
20.0939 610.049 0.0070922 1
4.88838 608.384 0.00423729 1
17.4244 617.909 0.186441 1
8.02294 616.362 0.0212766 1
10.2951 617.276 0.010582 1
0.0983505 616.528 0.101695 1
32.9138 615.761 0.0346821 1
37.0252 625.826 0.0443038 1
16.7054 610.453 0.0492958 1
21.3503 124.114 0.0982143 1
8.37395 138.976 0.119403 1
3.42303 139.55 0.0336134 1
3.78455 139.236 0.219512 1
2.06906 138.898 0.00840336 1
14.4252 138.735 0.00641026 1
10.1463 139.077 0.00769231 1
15.0119 138.561 0.0490798 1
54.6122 387.374 0.0300752 0
5.737 122.721 0.23741 1
11.5092 137.462 0.0133333 1
54.6789 387.644 0.0490196 0
54.6789 387.644 0.0300752 0
54.6789 387.644 0.114035 0
4.01685 479.345 0.0428571 1
23.6319 504.157 0.151786 1
23.6521 491.897 0.012987 1
23.2137 164.676 0.0114286 0
23.2137 164.676 0.00537634 0
23.2137 164.676 0.027972 0
23.2137 164.676 0.0728477 0
23.2137 164.676 0.037037 0
53.0815 508.311 0.00884956 0
23.2137 164.676 0.0239521 0
53.0815 508.311 0.0232558 0
29.8678 672.987 0.0566038 1
2.35992 687.048 0.141667 1
16.2289 656.853 0.0263158 1
2.46852 682.959 0.131148 1
20.6334 40.1021 0.0150376 0
19.6853 633.909 0.077821 1
8.02032 617.521 0.0238095 1
29.5637 629.6 0.027027 1
8.85138 621.358 0.0110497 1
4.13124 591.253 0.0470588 1
16.7878 623.821 0.113537 1
31.3338 616.944 0.290076 1
9.11213 620.947 0.00628931 1
11.2463 526.613 0.076087 1
37.1004 617.342 0.00628931 1
3.10076 621.276 0.0802139 1
4.5073 621.847 0.00653595 1
38.6603 613.303 0.0222222 1
30.0058 381.516 0.207547 1
14.2568 135.673 0.070922 1
7.80651 137.992 0.111111 1
5.31323 139.082 0.032 1
7.90208 138.645 0.0769231 1
12.2055 137.915 0.0621118 1
54.1305 385.177 0.114035 0
54.1305 385.177 0.0423729 0
3.85977 122.225 0.0454545 1
23.2886 154.787 0.0393701 0
37.012 450.101 0.08 1
22.9393 146.229 0.00537634 0
22.9393 146.229 0.037037 0
41.9703 673.923 0.15625 1
34.8961 679.77 0.179191 1
23.4276 155.457 0.00884956 0
23.4276 155.457 0.0232558 0
23.4276 155.457 0.0393701 0
23.4276 155.457 0.0212766 0
23.4276 155.457 0.00769231 0
17.0504 653.784 0.152778 1
36.2216 682.272 0.09 1
42.6904 684.342 0.188406 1
48.1129 697.385 0.0537634 1
4.54338 694.664 0.12844 1
20.5436 66.5819 0.0518519 0
21.1981 690.132 0.0629921 0
9.77812 695.752 0.030303 0
20.5436 66.5819 0.0472973 0
20.5436 66.5819 0.0150376 0
20.5436 66.5819 0.0518519 0
41.7417 623.55 0.114583 1
30.2842 630.175 0.029703 1
17.8338 630.731 0.0672269 1
23.6348 624.464 0.0130435 1
0.910645 623.043 0.012987 1
9.93615 615.395 0.0206897 1
21.9438 621.813 0.0281125 1
15.4272 618.329 0.00398406 1
24.6431 609.788 0.0208333 1
10.7523 605.257 0.105263 1
9.84721 615.577 0.021097 1
17.5648 594.895 0.0862069 1
11.9353 594.707 0.00510204 1
29.3221 585.165 0.101911 1
2.30193 618.581 0.141361 1
40.2683 598.935 0.0133333 1
19.7378 136.218 0.0674157 1
1.06848 138.5 0.12381 1
0.361664 137.937 0.00909091 1
6.65524 138.214 0.0390625 1
9.55481 138.079 0.0740741 1
13.9824 138.201 0.048951 1
13.3434 138.339 0.0193548 1
8.72972 137.027 0.0638298 1
53.898 393.858 0.0423729 0
53.898 393.858 0.0925926 0
28.119 499.567 0.049505 1
11.1324 480.139 0.078125 1
22.3555 172.162 0.0212766 0
22.3555 172.162 0.00588235 0
22.3555 172.162 0.00588235 0
22.3555 172.162 0.0251572 0
19.566 661.765 0.015873 0
22.3555 172.162 0.0147059 0
32.9686 695.742 0.0318471 1
39.1017 699.552 0.0705128 1
22.8389 180.12 0.00460829 0
16.3583 679.573 0.0952381 1
39.9322 706.643 0.122449 1
4.94933 704.725 0.045977 1
44.1588 708.987 0.0724638 1
20.2722 93.9476 0.0784314 0
1.91586 717.939 0.0583333 1
12.7413 712.251 0.0420168 0
20.287 88.4327 0.0629921 0
20.287 88.4327 0.0784314 0
44.5818 623.756 0.171053 1
33.0042 624.553 0.0285714 1
20.2146 87.0204 0.030303 0
23.2992 628.096 0.122137 1
26.5895 621.16 0.0180723 1
13.8375 603.359 0.0612245 1
20.4388 610.474 0.0392157 1
4.01888 603.675 0.210145 1
6.84843 610.709 0.00421941 1
31.6449 596.004 0.00546448 1
0.932632 606.42 0.0541667 1
35.9169 603.347 0.15894 1
13.8268 596.676 0.171429 1
6.95298 610.387 0.0837209 1
15.7538 573.712 0.0245902 1
14.5643 136.01 0.025974 1
9.68622 137.81 0.0273973 1
5.32386 137.796 0.185841 1
3.35735 137.633 0.0330578 1
11.4594 137.485 0.0153846 1
13.0543 137.64 0.024 1
53.4933 389.998 0.0925926 0
53.4933 389.998 0.11828 0
10.8655 136.846 0.00961538 1
4.50865 128.427 0.0210526 1
53.5467 390.481 0.11828 0
53.5467 390.481 0.00884956 0
9.0748 492.768 0.0467836 1
53.4079 384.184 0.136364 0
29.7841 463.985 0.0131579 1
21.7021 190.908 0.00769231 0
21.7021 190.908 0.0251572 0
41.4442 488.001 0.227586 1
21.46 183.784 0.015873 0
21.46 183.784 0.00699301 0
16.788 701.667 0.084507 1
36.5575 714.208 0.0340909 1
0.305023 717.179 0.0322581 1
40.202 711.982 0.0223464 1
11.2986 696.164 0.0153846 1
41.4933 611.325 0.0512821 1
27.0644 617.021 0.00862069 1
5.79809 612.088 0.2 1
16.6056 610.373 0.0649351 1
21.1706 620.363 0.178899 1
9.38203 601.176 0.0409357 1
10.255 609.898 0.00574713 1
19.1705 610.054 0.0674847 1
17.2188 611.018 0.0466102 1
12.1478 604.13 0.00701754 1
16.6116 570.066 0.0195122 1
14.5289 592.877 0.0483871 1
4.06982 606.121 0.0297872 1
3.50341 605.105 0.173554 1
21.6108 598.737 0.0181818 1
39.8136 601.241 0.129252 1
44.0951 596.066 0.192857 1
20.3255 499.451 0.0880503 1
20.0904 135.31 0.0714286 1
2.91943 138.689 0.138889 1
6.02169 138.306 0.0454545 1
0.183945 136.142 0.0438596 1
8.64006 137.772 0.0384615 1
52.7198 395.837 0.00884956 0
20.8373 190.403 0.0233645 0
56.641 525.281 0.0215054 0
5.25378 489.553 0.155963 1
20.8842 194.526 0.0147059 0
20.8842 194.526 0.00460829 0
20.8842 194.526 0.00904977 0
20.8842 194.526 0.0363636 0
20.8842 194.526 0.00699301 0
20.8842 194.526 0.00904977 0
35.8037 715.684 0.0482759 1
21.1684 198.941 0.0233645 0
21.1684 198.941 0.0363636 0
21.1684 198.941 0.0205128 0
5.93316 719.337 0.00909091 1
20.69 703.245 0.0645161 1
32.7625 719.425 0.208333 1
35.4473 723.659 0.0326797 1
19.5591 109.195 0.0894309 0
19.5591 109.195 0.109589 0
3.68658 707.418 0.0181818 1
19.5445 106.442 0.0420168 0
19.5445 106.442 0.0894309 0
2.58774 611.295 0.00649351 1
7.72385 615.306 0.039548 1
0.819489 612.45 0.0114286 1
24.1652 608.4 0.03 1
22.9803 617.612 0.0521327 1
0.395775 585.674 0.160494 1
14.998 610.995 0.0145631 1
9.09769 594.264 0.0437158 1
15.7925 599.049 0.0611354 1
28.2494 593.662 0.0298507 1
1.94945 576.593 0.00606061 1
6.47559 603.307 0.0511364 1
17.6439 588.07 0.0137931 1
34.4909 582.659 0.0166667 1
38.6509 590.64 0.0787879 1
39.3243 595 0.0666667 1
13.6871 601.704 0.0643275 1
16.1574 135.531 0.0533333 1
9.65289 136.866 0.0518519 1
2.31413 137.525 0.0183486 1
2.63692 137.051 0.0647482 1
6.23042 137.09 0.0147059 1
11.1622 136.462 0.106557 1
11.6416 136.6 0.246575 1
7.75525 136.295 0.115385 1
52.7829 392.657 0.136364 0
52.7829 392.657 0.0584416 0
3.75685 134.365 0.0212766 1
20.801 197.64 0.0205128 0
52.7966 393.096 0.0584416 0
20.801 197.64 0.0239521 0
52.7966 393.096 0.0253165 0
17.596 496.01 0.0652174 1
50.8135 498.439 0.00581395 0
20.5947 199.868 0.0215054 0
20.5947 199.868 0.0239521 0
20.5947 199.868 0.0202703 0
19.1541 700.255 0.0165289 1
13.444 710.747 0.076087 1
30.1084 695.809 0.280992 1
0.279419 724.68 0.079646 1
9.67648 720.312 0.0275229 1
45.09 715.589 0.32 1
38.6047 717.787 0.0909091 1
39.3185 605.194 0.114583 1
19.3892 111.723 0.109589 0
19.3892 111.723 0.106061 0
27.0191 597.348 0.0222222 1
19.4946 615.415 0.0204918 1
11.6752 616.233 0.0232558 1
16.6715 611.979 0.0124224 1
21.1909 603.273 0.00595238 1
15.8371 595.647 0.0405405 1
1.25603 574.397 0.0486486 1
10.1729 604.24 0.059322 1
2.55592 595.345 0.0102041 1
1.38867 597.213 0.0534759 1
35.9364 578.553 0.0218978 1
7.493 591.72 0.0142857 1
30.9538 565.503 0.00900901 1
10.1057 596.453 0.00625 1
45.2305 591.003 0.114458 1
23.6379 530.909 0.0231214 1
21.4273 134.599 0.0322581 1
4.91354 137.435 0.00877193 1
3.58675 137.217 0.0406504 1
1.02875 136.583 0.0230769 1
6.93918 135.847 0.00847458 1
9.48898 135.972 0.037594 1
11.3349 135.638 0.104839 1
52.6026 391.281 0.00584795 0
9.74792 135.849 0.0849057 1
21.7537 96.4812 0.159091 0
30.8767 487.879 0.11875 1
54.6958 525.931 0.0989011 0
3.70802 509.509 0.0331126 1
8.28855 494.299 0.00813008 1
20.343 210.348 0.0202703 0
20.343 210.348 0.0261438 0
20.343 210.348 0.00806452 0
20.343 210.348 0.0261438 0
20.343 210.348 0.0261438 0
20.343 210.348 0.11413 0
4.90179 727.523 0.0447761 1
20.3627 207.512 0.0685714 0
20.3627 207.512 0.0884354 0
2.43702 714.612 0.114754 1
20.3423 201.564 0.00806452 0
20.3423 201.564 0.00684932 0
19.5892 690.132 0.0206186 1
0.901978 697.814 0.0108696 1
42.3329 698.898 0.0873016 1
19.1144 115.296 0.106061 0
19.1144 115.296 0.0833333 0
24.835 611.369 0.0382166 1
2.4603 601.266 0.00641026 1
10.1331 593.153 0.0129032 1
7.40852 583.089 0.00473934 1
14.3487 600.563 0.0155642 1
31.614 586.31 0.0155039 1
31.3378 559.32 0.0121212 1
5.98308 577.116 0.0944444 1
38.7775 588.891 0.0245399 1
28.8384 555.005 0.025974 1
4.78441 602.101 0.0204918 1
43.2618 596.792 0.427673 1
13.8898 595.811 0.0210526 1
12.8743 134.435 0.0827068 1
17.3984 133.521 0.0451613 1
8.48244 136.202 0.131579 1
4.96866 136.239 0.0894309 1
9.74641 136.101 0.160305 1
52.4327 383.826 0.0253165 0
52.4327 383.826 0.159091 0
52.4327 383.826 0.0117647 0
2.29662 133.084 0.118812 1
7.14041 134.57 0.0545455 1
52.4606 384.429 0.00584795 0
20.0296 208.091 0.11413 0
52.4606 384.429 0.0117647 0
20.0296 208.091 0.0706522 0
10.2719 490.128 0.0511628 1
19.9225 212.114 0.00581395 0
19.9225 212.114 0.0261438 0
19.9225 212.114 0.0706522 0
19.9225 212.114 0.0628571 0
19.9225 212.114 0.00680272 0
19.9225 212.114 0.00636943 0
11.3252 725.86 0.0078125 1
14.1611 724.492 0.037594 1
14.8747 705.103 0.00925926 1
35.3427 707.695 0.26087 1
35.0587 592.799 0.0695652 1
19.3491 110.227 0.0833333 0
19.3491 110.227 0.0700637 0
29.0432 609.08 0.0121951 1
17.5694 610.157 0.0438247 1
11.8458 607.366 0.0754717 1
3.5098 602.18 0.0328638 1
20.0318 602.737 0.00909091 1
8.52778 586.639 0.0116959 1
17.7028 599.217 0.0217391 1
24.2425 573.284 0.00595238 1
13.5223 576.513 0.10687 1
11.5791 594.3 0.012987 1
36.2833 585.266 0.0320513 1
7.80776 594.749 0.0724638 1
0.0277939 590.324 0.0322581 1
6.79201 584.744 0.0330189 1
17.3677 565.597 0.00537634 1
46.9472 568.971 0.0684211 1
10.9761 134.581 0.0483871 1
1.92003 134.523 0.108108 1
6.72089 134.306 0.0517241 1
1.82518 133.853 0.0336134 1
7.78639 133.909 0.0362319 1
8.55859 133.289 0.0451128 1
52.3645 382.345 0.0989011 0
23.0519 96.7262 0.0454545 0
5.2502 132.515 0.104348 1
0.142776 127.552 0.176471 1
20.0311 205.73 0.0685714 0
20.0311 205.73 0.00684932 0
20.0311 205.73 0.0628571 0
29.3127 479.072 0.0411765 1
19.862 203.565 0.0884354 0
19.862 203.565 0.00680272 0
19.862 203.565 0.020979 0
24.9365 500.928 0.108108 0
7.13054 495.401 0.037037 0
1.51963 489.212 0.0225989 1
14.9388 491.998 0.142857 1
25.7511 324.527 0.0218978 0
19.9862 209.717 0.020979 0
44.7984 704.493 0.00813008 1
12.5686 703.674 0.160584 1
5.92644 718.012 0.0967742 1
19.7405 209.192 0.020979 0
6.01064 533.719 0.0267857 1
14.2316 717.619 0.0373832 1
19.1611 111.05 0.0700637 0
19.1611 111.05 0.0396825 0
39.2441 703.839 0.146154 1
18.8141 118.325 0.0396825 0
43.3925 599.603 0.190476 1
18.7891 117.588 0.0223881 0
35.2711 602.853 0.0551181 1
21.1116 607.164 0.0466667 1
18.0703 606.979 0.025 1
13.6579 603.795 0.0782609 1
7.31208 603.419 0.00990099 1
5.40919 597.376 0.0232558 1
12.7832 594.831 0.0779221 1
17.0086 590.729 0.015625 1
2.2883 591.936 0.0608108 1
5.35149 580.714 0.00947867 1
29.9238 542.215 0.0547945 1
33.1444 560.439 0.0454545 1
9.8293 595.618 0.0864198 1
42.4966 571.591 0.0337079 1
21.5816 539.798 0.015 1
21.8232 130.242 0.171429 1
15.1021 131.962 0.0454545 1
4.74406 133.947 0.047619 1
0.343857 134.171 0.0545455 1
3.87022 133.474 0.103774 1
5.90758 133.482 0.0945946 1
6.89107 133.272 0.0670732 1
52.2202 378.829 0.00840336 0
52.2202 378.829 0.0454545 0
52.2202 378.829 0.00840336 0
52.2202 378.829 0.0555556 0
29.0059 474.422 0.0173913 1
14.043 480.706 0.0469799 1
19.1296 212.864 0.00636943 0
19.1296 212.864 0.108108 0
19.1296 212.864 0.0254777 0
19.1296 212.864 0.472973 0
50.8042 691.342 0.129032 0
19.1296 212.864 0.037037 0
19.1296 212.864 0.246914 0
1.92072 719.47 0.0261438 1
50.7963 688.409 0.0217391 0
16.4709 661.741 0.0258065 1
9.7079 700.105 0.0526316 1
8.86869 711.153 0.0487805 1
17.2995 715.271 0.166667 1
17.7014 706.213 0.26257 1
19.1415 105.903 0.100917 0
12.4946 477.848 0.0379747 0
25.0905 602.674 0.0902778 1
29.2102 602.451 0.00657895 1
1.11904 600.003 0.0414508 1
18.3946 596.351 0.0682927 1
10.1094 570.646 0.00520833 1
9.78375 585.121 0.00392157 1
16.1043 592.078 0.0871212 1
30.0427 577.135 0.0175439 1
34.448 559.047 0.00416667 1
4.1427 578.711 0.011583 1
8.68103 580.773 0.123348 1
15.4366 586.563 0.0421941 1
37.0224 421.772 0.0052356 1
24.1638 129.962 0.172727 1
9.43664 132.579 0.0403226 1
2.35149 134.006 0.0956522 1
2.97301 132.995 0.0495868 1
51.777 378.428 0.00833333 0
51.777 378.428 0.0555556 0
51.777 378.428 0.130841 0
3.68459 119.906 0.03 1
19.4263 197.943 0.0254777 0
31.6746 478.479 0.0849673 1
19.6432 194.395 0.0647059 0
19.6798 448.441 0.0773481 1
19.8024 194.915 0.020979 0
19.8024 194.915 0.472973 0
19.8024 194.915 0.246914 0
19.8024 194.915 0.0364963 0
19.8024 194.915 0.00621118 0
19.8024 194.915 0.0218978 0
19.8024 194.915 0.0364963 0
19.8024 194.915 0.0265487 0
37.4406 662.069 0.010989 1
0.19857 643.488 0.138462 1
18.1742 708.455 0.0597015 1
14.9972 699.347 0.0756303 1
17.1992 703.147 0.0212766 1
15.9583 686.093 0.044586 1
32.0002 572.935 0.0610687 1
19.4724 98.5588 0.0223881 0
19.4724 98.5588 0.100917 0
19.4724 98.5588 0.00763359 0
19.4724 98.5588 0.00763359 0
19.4724 98.5588 0.019802 0
41.9367 587.118 0.171171 1
31.8233 588.587 0.0530303 1
20.6801 603.464 0.129496 1
23.1568 601.761 0.0170455 1
15.4689 602.787 0.134409 1
18.0857 601.261 0.0124224 1
12.5751 599.278 0.005 1
5.95767 593.522 0.0687831 1
9.46711 589.661 0.0632184 1
3.98708 589.579 0.00729927 1
7.08046 581.532 0.00469484 1
12.7139 573.657 0.0168067 1
1.92245 585.353 0.00473934 1
43.5342 589.062 0.0364583 1
33.0918 548.212 0.15534 1
16.7327 565.787 0.00520833 1
7.16229 559.733 0.00930233 1
13.9007 576.374 0.0195122 1
38.4599 539.389 0.153846 1
19.3594 580.635 0.0133333 1
48.562 571.113 0.0597826 1
27.7567 131.108 0.222222 1
17.4457 134.118 0.141667 1
21.5032 133.761 0.0172414 1
2.3221 137.73 0.173077 1
6.39525 136.294 0.046729 1
5.03333 137.065 0.0847458 1
5.17343 136.438 0.113924 1
51.8957 378.558 0.00869565 0
0.685593 133.677 0.0692308 1
51.8986 379.131 0.00833333 0
51.8986 379.131 0.130841 0
51.8986 379.131 0.00869565 0
20.077 185.352 0.00746269 0
51.8986 379.131 0.0654206 0
27.6826 452.896 0.0431034 1
5.86787 480.671 0.00502513 1
19.806 188.856 0.196429 0
10.6199 461.653 0.00980392 1
19.9098 192.275 0.129032 0
19.9098 192.275 0.0217391 0
19.9098 192.275 0.0265487 0
19.9098 192.275 0.0437956 0
19.9098 192.275 0.0347826 0
19.9098 192.275 0.0647059 0
19.9098 192.275 0.00621118 0
19.9098 192.275 0.00746269 0
19.9098 192.275 0.196429 0
19.9098 192.275 0.0437956 0
19.9098 192.275 0.0147059 0
19.9098 192.275 0.10303 0
19.9098 192.275 0.0157895 0
19.9098 192.275 0.0273973 0
7.42943 629.763 0.017341 1
7.11724 649.531 0.110294 1
15.8619 694.356 0.152709 1
19.7666 90.3273 0.157895 0
19.7666 90.3273 0.0296296 0
18.5418 683.743 0.0172414 0
19.7666 90.3273 0.0379747 0
19.7666 90.3273 0.019802 0
19.7666 90.3273 0.159091 0
19.7666 90.3273 0.0917431 0
27.7651 596.098 0.0168539 1
15.2256 592.369 0.0128755 1
9.29771 589.684 0.00746269 1
2.12779 580.873 0.0116279 1
14.9799 581.439 0.0384615 1
15.7417 574.454 0.056701 1
26.4362 473.439 0.0205128 1
37.5156 571.674 0.08 1
44.8358 560.39 0.0748663 1
25.9134 503.344 0.0717131 1
28.2694 540.963 0.102041 1
32.231 581.969 0.0147059 1
56.676 567.134 0.15625 1
31.4016 132.281 0.168224 1
12.9353 137.224 0.150376 1
0.800003 138.947 0.0932203 1
2.61363 139.153 0.0206897 1
51.5313 369.176 0.0654206 0
51.5313 369.176 0.137615 0
20.1201 181.075 0.0147059 0
51.5313 369.176 0.137615 0
23.9048 462.281 0.079646 1
4.18426 440.159 0.00632911 1
15.4031 466.386 0.0338983 0
19.9841 185.902 0.10303 0
19.9841 185.902 0.0559441 0
19.9841 185.902 0.0108696 0
19.9841 185.902 0.0347826 0
19.9841 185.902 0.0559441 0
19.9841 185.902 0.0357143 0
19.9841 185.902 0.0152284 0
44.6615 664.903 0.00980392 1
14.4789 688.213 0.0472973 1
20.0476 84.8024 0.0209424 0
18.5484 683.553 0.0930233 0
13.2462 688.368 0.0163043 0
14.2855 686.757 0.154545 1
20.1965 79.749 0.157895 0
20.1965 79.749 0.159091 0
38.596 598.751 0.04 1
20.1588 78.8802 0.0296296 0
20.1588 78.8802 0.0917431 0
20.1588 78.8802 0.0209424 0
33.2561 604.434 0.105263 1
30.2198 605.041 0.0566038 1
26.2067 582.996 0.0147783 1
19.6362 591.058 0.0639098 1
17.4053 571.584 0.0104167 1
1.2188 584.607 0.122581 1
11.2182 576.505 0.0441176 1
35.2262 577.536 0.00403226 1
19.9485 559.797 0.0170648 1
40.7396 442.945 0.01 1
49.0006 397.782 0.0261438 1
37.8149 65.2806 0.208333 1
27.4304 137.168 0.0977444 1
18.3988 143.215 0.0869565 1
11.2397 146.361 0.107438 1
5.1953 146.1 0.0642202 1
0.728638 146.494 0.0152672 1
2.96916 145.395 0.00813008 1
8.932 137.78 0.0285714 1
50.9056 356.678 0.00793651 0
50.9056 356.678 0.218391 0
20.1265 180.658 0.0157895 0
20.1265 180.658 0.0357143 0
20.1265 180.658 0.00956938 0
15.4031 466.386 0.047619 0
20.1265 180.658 0.0273973 0
20.1265 180.658 0.0152284 0
20.1265 180.658 0.0336134 0
15.4031 466.386 0.0769231 0
30.9405 493.933 0.00380228 0
20.1265 180.658 0.0108696 0
20.1265 180.658 0.00956938 0
20.1265 180.658 0.0336134 0
4.72337 647.044 0.126168 1
10.8422 670.865 0.147465 1
28.7527 513.31 0.0241935 1
4.46244 585.305 0.0198676 1
11.2034 671.458 0.136 1
20.477 57.6759 0.0172414 0
20.477 57.6759 0.0930233 0
20.477 57.6759 0.0933333 0
20.477 57.6759 0.0163043 0
20.477 57.6759 0.0740741 0
29.826 607.523 0.00943396 1
5.31727 580.45 0.0777778 1
12.4137 602.551 0.145455 1
3.31149 578.194 0.0208333 1
7.77229 580.079 0.050193 1
1.45502 586.933 0.0588235 1
19.6846 557.216 0.106383 1
39.6759 559.517 0.510345 1
33.0023 505.271 0.0809524 1
50.9056 356.678 0.00793651 0
50.9056 356.678 0.218391 0
20.2872 164.756 0.0755814 0
20.2872 164.756 0.239631 0
20.2872 164.756 0.0338983 0
20.2872 164.756 0.047619 0
20.2872 164.756 0.0769231 0
20.2872 164.756 0.0755814 0
20.2872 164.756 0.239631 0
20.2872 164.756 0.00380228 0
20.5219 59.321 0.0229885 0
20.5219 59.321 0.0933333 0
20.5219 59.321 0.0740741 0
20.5219 59.321 0.0106383 0
20.5219 59.321 0.0633803 0
20.5219 59.321 0.0106383 0
20.5219 59.321 0.0229885 0
20.5219 59.321 0.0633803 0
32.1257 82.9251 0.0306122 0
32.1257 82.9251 0.151515 0
32.1257 82.9251 0.0306122 0
18.7799 439.603 0.0704225 0
32.1257 82.9251 0.017094 0
18.7799 439.603 0.159091 0
18.7799 439.603 0.0704225 0
20.2872 164.756 0.113095 0
20.2872 164.756 0.0656566 0
20.2872 164.756 0.0206186 0
20.2872 164.756 0.113095 0
20.2872 164.756 0.0134228 0
20.2872 164.756 0.0656566 0
20.2872 164.756 0.00558659 0
20.5219 59.321 0.030303 0
20.5219 59.321 0.0166667 0
20.5219 59.321 0.030303 0
20.5219 59.321 0.0444444 0
32.1257 82.9251 0.017094 0
32.1257 82.9251 0.0823529 0
32.1257 82.9251 0.0666667 0
32.1257 82.9251 0.151515 0
32.1257 82.9251 0.0823529 0
18.7799 439.603 0.159091 0
18.7799 439.603 0.186813 0
20.2872 164.756 0.0134228 0
20.2872 164.756 0.00558659 0
20.2872 164.756 0.112903 0
20.2872 164.756 0.102857 0
20.2872 164.756 0.0243902 0
20.2872 164.756 0.112903 0
20.2872 164.756 0.0136364 0
20.2872 164.756 0.0776699 0
20.2872 164.756 0.0206186 0
20.2872 164.756 0.102857 0
20.5219 59.321 0.0444444 0
20.5219 59.321 0.01 0
20.5219 59.321 0.0294118 0
20.5219 59.321 0.00869565 0
20.5219 59.321 0.0108108 0
20.5219 59.321 0.0166667 0
20.5219 59.321 0.0294118 0
20.5219 59.321 0.0316456 0
20.5219 59.321 0.01 0
20.5219 59.321 0.0134529 0
32.1257 82.9251 0.0592593 0
32.1257 82.9251 0.0666667 0
18.7799 439.603 0.186813 0
32.1257 82.9251 0.0592593 0
18.7799 439.603 0.00632911 0
32.1257 82.9251 0.0254237 0
20.2872 164.756 0.0136364 0
20.2872 164.756 0.0243902 0
20.2872 164.756 0.102222 0
20.5219 59.321 0.0316456 0
20.5219 59.321 0.0134529 0
20.5219 59.321 0.00584795 0
20.5219 59.321 0.0165975 0
20.5219 59.321 0.00869565 0
20.5219 59.321 0.00584795 0
20.5219 59.321 0.026087 0
32.1257 82.9251 0.107143 0
32.1257 82.9251 0.0722892 0
18.7799 439.603 0.00632911 0
18.7799 439.603 0.044586 0
20.2872 164.756 0.0776699 0
20.2872 164.756 0.102222 0
20.2872 164.756 0.0491071 0
20.2872 164.756 0.0186916 0
20.2872 164.756 0.0491071 0
20.2872 164.756 0.0333333 0
20.2872 164.756 0.0427807 0
20.5219 59.321 0.026087 0
20.5219 59.321 0.0486486 0
20.5219 59.321 0.010929 0
20.5219 59.321 0.0108108 0
20.5219 59.321 0.0165975 0
20.5219 59.321 0.0486486 0
20.5219 59.321 0.00555556 0
32.1257 82.9251 0.107143 0
32.1257 82.9251 0.0519481 0
32.1257 82.9251 0.0243902 0
32.1257 82.9251 0.0254237 0
32.1257 82.9251 0.0722892 0
32.1257 82.9251 0.017094 0
32.1257 82.9251 0.00819672 0
18.7799 439.603 0.044586 0
32.1257 82.9251 0.017094 0
18.7799 439.603 0.100719 0
18.7799 439.603 0.100719 0
18.7799 439.603 0.0486111 0
20.2872 164.756 0.0333333 0
20.2872 164.756 0.035 0
20.2872 164.756 0.0118343 0
20.2872 164.756 0.0186916 0
20.2872 164.756 0.035 0
20.2872 164.756 0.0734463 0
20.5219 59.321 0.00555556 0
20.5219 59.321 0.0235294 0
20.5219 59.321 0.059322 0
20.5219 59.321 0.00653595 0
20.5219 59.321 0.0235294 0
32.1257 82.9251 0.0519481 0
32.1257 82.9251 0.0235294 0
32.1257 82.9251 0.0677966 0
20.2872 164.756 0.0427807 0
20.2872 164.756 0.0734463 0
20.2872 164.756 0.0205479 0
20.2872 164.756 0.0118343 0
20.2872 164.756 0.0205479 0
20.2872 164.756 0.0391061 0
20.2872 164.756 0.0743243 0
20.5219 59.321 0.00740741 0
20.5219 59.321 0.0283019 0
20.5219 59.321 0.0357143 0
20.5219 59.321 0.00666667 0
20.5219 59.321 0.0110497 0
20.5219 59.321 0.059322 0
20.5219 59.321 0.00740741 0
20.5219 59.321 0.010929 0
20.5219 59.321 0.00653595 0
32.1257 82.9251 0.0235294 0
32.1257 82.9251 0.0229008 0
32.1257 82.9251 0.0243902 0
32.1257 82.9251 0.00819672 0
18.7799 439.603 0.0486111 0
18.7799 439.603 0.0552147 0
20.2872 164.756 0.0391061 0
20.2872 164.756 0.0304878 0
20.2872 164.756 0.0304878 0
20.2872 164.756 0.0451128 0
20.5219 59.321 0.0316456 0
20.5219 59.321 0.031746 0
20.5219 59.321 0.0283019 0
20.5219 59.321 0.0357143 0
32.1257 82.9251 0.0677966 0
32.1257 82.9251 0.114286 0
32.1257 82.9251 0.015625 0
32.1257 82.9251 0.0229008 0
32.1257 82.9251 0.114286 0
18.7799 439.603 0.0368098 0
18.7799 439.603 0.0214286 0
18.7799 439.603 0.0552147 0
18.7799 439.603 0.0368098 0
18.7799 439.603 0.0264901 0
20.2872 164.756 0.0743243 0
20.2872 164.756 0.0451128 0
20.5219 59.321 0.00735294 0
20.5219 59.321 0.0239521 0
20.5219 59.321 0.0149254 0
20.5219 59.321 0.0431034 0
20.5219 59.321 0.0294118 0
20.5219 59.321 0.00666667 0
20.5219 59.321 0.0316456 0
20.5219 59.321 0.00735294 0
20.5219 59.321 0.0110497 0
20.5219 59.321 0.031746 0
20.5219 59.321 0.0239521 0
32.1257 82.9251 0.00769231 0
32.1257 82.9251 0.011236 0
18.7799 439.603 0.0264901 0
32.1257 82.9251 0.00769231 0
18.7799 439.603 0.0785714 0
32.1257 82.9251 0.0238095 0
18.7799 439.603 0.0397351 0
18.7799 439.603 0.0214286 0
18.7799 439.603 0.0785714 0
20.2872 164.756 0.00588235 0
20.2872 164.756 0.114943 0
20.5219 59.321 0.025641 0
20.5219 59.321 0.0336134 0
20.5219 59.321 0.0127389 0
20.5219 59.321 0.0149254 0
20.5219 59.321 0.025641 0
20.5219 59.321 0.0431034 0
32.1257 82.9251 0.0238095 0
32.1257 82.9251 0.164706 0
32.1257 82.9251 0.0162602 0
32.1257 82.9251 0.015625 0
32.1257 82.9251 0.011236 0
32.1257 82.9251 0.164706 0
32.1257 82.9251 0.0106383 0
32.1257 82.9251 0.0285714 0
32.1257 82.9251 0.0162602 0
32.1257 82.9251 0.00757576 0
32.1257 82.9251 0.0833333 0
18.7799 439.603 0.108108 0
18.7799 439.603 0.0217391 0
20.2872 164.756 0.00588235 0
20.2872 164.756 0.0240964 0
20.2872 164.756 0.114943 0
20.2872 164.756 0.0120482 0
20.5219 59.321 0.00552486 0
20.5219 59.321 0.0165289 0
20.5219 59.321 0.0294118 0
20.5219 59.321 0.0336134 0
32.1257 82.9251 0.0106383 0
32.1257 82.9251 0.00757576 0
32.1257 82.9251 0.0103093 0
32.1257 82.9251 0.0285714 0
32.1257 82.9251 0.0833333 0
32.1257 82.9251 0.0547945 0
32.1257 82.9251 0.00943396 0
18.7799 439.603 0.0397351 0
18.7799 439.603 0.108108 0
20.2872 164.756 0.0958904 0
20.2872 164.756 0.0240964 0
20.2872 164.756 0.0120482 0
20.2872 164.756 0.0958904 0
20.2872 164.756 0.04 0
20.5219 59.321 0.0165289 0
20.5219 59.321 0.00995025 0
20.5219 59.321 0.05625 0
20.5219 59.321 0.0127389 0
20.5219 59.321 0.00552486 0
20.5219 59.321 0.00995025 0
20.5219 59.321 0.0108108 0
32.1257 82.9251 0.0103093 0
32.1257 82.9251 0.0547945 0
32.1257 82.9251 0.0449438 0
32.1257 82.9251 0.141304 0
18.7799 439.603 0.0217391 0
18.7799 439.603 0.0735294 0
20.2872 164.756 0.04 0
20.2872 164.756 0.0604027 0
20.2872 164.756 0.0604027 0
20.2872 164.756 0.0759494 0
20.5219 59.321 0.05625 0
20.5219 59.321 0.0555556 0
32.1257 82.9251 0.0449438 0
32.1257 82.9251 0.0337079 0
32.1257 82.9251 0.0705882 0
32.1257 82.9251 0.141304 0
32.1257 82.9251 0.032 0
32.1257 82.9251 0.0217391 0
32.1257 82.9251 0.0113636 0
32.1257 82.9251 0.00943396 0
18.7799 439.603 0.0735294 0
32.1257 82.9251 0.032 0
18.7799 439.603 0.03125 0
20.2872 164.756 0.0759494 0
20.5219 59.321 0.0236686 0
20.5219 59.321 0.020979 0
20.5219 59.321 0.0239521 0
20.5219 59.321 0.00806452 0
20.5219 59.321 0.0108108 0
20.5219 59.321 0.0555556 0
20.5219 59.321 0.0111111 0
20.5219 59.321 0.00561798 0
20.5219 59.321 0.0236686 0
20.5219 59.321 0.0111111 0
32.1257 82.9251 0.0337079 0
32.1257 82.9251 0.0217391 0
32.1257 82.9251 0.121951 0
32.1257 82.9251 0.00819672 0
18.7799 439.603 0.0958084 0
18.7799 439.603 0.0413793 0
20.2872 164.756 0.0538117 0
20.5219 59.321 0.0149254 0
20.5219 59.321 0.0232558 0
20.5219 59.321 0.0340136 0
20.5219 59.321 0.00584795 0
20.5219 59.321 0.020979 0
20.5219 59.321 0.0149254 0
20.5219 59.321 0.0340136 0
20.5219 59.321 0.0291971 0
20.5219 59.321 0.0239521 0
20.5219 59.321 0.00561798 0
20.5219 59.321 0.00584795 0
32.1257 82.9251 0.121951 0
32.1257 82.9251 0.00819672 0
32.1257 82.9251 0.166667 0
32.1257 82.9251 0.023622 0
32.1257 82.9251 0.0705882 0
32.1257 82.9251 0.0113636 0
32.1257 82.9251 0.166667 0
18.7799 439.603 0.03125 0
18.7799 439.603 0.0958084 0
20.2872 164.756 0.00980392 0
20.2872 164.756 0.0538117 0
20.2872 164.756 0.0914634 0
20.5219 59.321 0.0291971 0
20.5219 59.321 0.00806452 0
32.1257 82.9251 0.023622 0
18.7799 439.603 0.04 0
32.1257 82.9251 0.0359712 0
18.7799 439.603 0.0121951 0
18.7799 439.603 0.0413793 0
18.7799 439.603 0.04 0
18.7799 439.603 0.00645161 0
18.7799 439.603 0.00813008 0
20.2872 164.756 0.20438 0
20.2872 164.756 0.00680272 0
20.2872 164.756 0.00492611 0
20.2872 164.756 0.00980392 0
20.2872 164.756 0.0914634 0
20.2872 164.756 0.20438 0
20.2872 164.756 0.008 0
20.2872 164.756 0.00680272 0
20.5219 59.321 0.0390625 0
20.5219 59.321 0.0232558 0
20.5219 59.321 0.0631579 0
20.5219 59.321 0.0618557 0
32.1257 82.9251 0.0359712 0
32.1257 82.9251 0.0673077 0
32.1257 82.9251 0.0138889 0
32.1257 82.9251 0.0673077 0
32.1257 82.9251 0.0232558 0
32.1257 82.9251 0.0512821 0
32.1257 82.9251 0.0555556 0
20.2872 164.756 0.008 0
18.7799 439.603 0.00680272 0
18.7799 439.603 0.0121951 0
18.7799 439.603 0.189349 0
18.7799 439.603 0.00990099 0
20.2872 164.756 0.0196078 0
20.5219 59.321 0.0631579 0
20.5219 59.321 0.00917431 0
32.1257 82.9251 0.0232558 0
32.1257 82.9251 0.0512821 0
32.1257 82.9251 0.0169492 0
32.1257 82.9251 0.025 0
18.7799 439.603 0.00645161 0
18.7799 439.603 0.00813008 0
32.1257 82.9251 0.0138889 0
18.7799 439.603 0.00680272 0
18.7799 439.603 0.189349 0
18.7799 439.603 0.00990099 0
32.1257 82.9251 0.0169492 0
18.7799 439.603 0.0220994 0
18.7799 439.603 0.0220994 0
18.7799 439.603 0.0437158 0
20.2872 164.756 0.0196078 0
20.2872 164.756 0.00462963 0
20.2872 164.756 0.103093 0
20.2872 164.756 0.00492611 0
20.2872 164.756 0.00462963 0
20.2872 164.756 0.103093 0
20.5219 59.321 0.0618557 0
20.5219 59.321 0.00917431 0
20.5219 59.321 0.032967 0
20.5219 59.321 0.0138889 0
20.5219 59.321 0.0234375 0
20.5219 59.321 0.0138889 0
20.5219 59.321 0.0612245 0
20.5219 59.321 0.0390625 0
20.5219 59.321 0.032967 0
20.5219 59.321 0.0234375 0
32.1257 82.9251 0.0555556 0
32.1257 82.9251 0.115385 0
32.1257 82.9251 0.0138889 0
32.1257 82.9251 0.025 0
18.7799 439.603 0.0437158 0
32.1257 82.9251 0.115385 0
32.1257 82.9251 0.0364963 0
18.7799 439.603 0.106061 0
18.7799 439.603 0.00775194 0
20.2872 164.756 0.00628931 0
20.5219 59.321 0.0612245 0
20.5219 59.321 0.0138889 0
20.5219 59.321 0.00591716 0
20.5219 59.321 0.0138889 0
32.1257 82.9251 0.0364963 0
32.1257 82.9251 0.0610687 0
32.1257 82.9251 0.0138889 0
32.1257 82.9251 0.0610687 0
18.7799 439.603 0.0793651 0
32.1257 82.9251 0.0900901 0
32.1257 82.9251 0.0273973 0
18.7799 439.603 0.106061 0
18.7799 439.603 0.0793651 0
18.7799 439.603 0.008 0
18.7799 439.603 0.00775194 0
20.2872 164.756 0.00628931 0
20.2872 164.756 0.0851064 0
20.2872 164.756 0.0266667 0
20.2872 164.756 0.0220994 0
20.2872 164.756 0.0851064 0
20.5219 59.321 0.0504202 0
20.5219 59.321 0.123377 0
20.5219 59.321 0.189189 0
20.5219 59.321 0.00909091 0
20.5219 59.321 0.00746269 0
20.5219 59.321 0.00591716 0
20.5219 59.321 0.123377 0
20.5219 59.321 0.0360825 0
32.1257 82.9251 0.0900901 0
32.1257 82.9251 0.0272727 0
18.7799 439.603 0.0567376 0
20.2872 164.756 0.0266667 0
20.2872 164.756 0.0206897 0
20.5219 59.321 0.0360825 0
20.5219 59.321 0.00704225 0
20.5219 59.321 0.122807 0
20.5219 59.321 0.02 0
20.5219 59.321 0.00574713 0
20.5219 59.321 0.00704225 0
32.1257 82.9251 0.0273973 0
32.1257 82.9251 0.0694444 0
32.1257 82.9251 0.0434783 0
32.1257 82.9251 0.129032 0
18.7799 439.603 0.008 0
32.1257 82.9251 0.0272727 0
18.7799 439.603 0.0567376 0
32.1257 82.9251 0.0694444 0
18.7799 439.603 0.00970874 0
32.1257 82.9251 0.025641 0
18.7799 439.603 0.0915493 0
18.7799 439.603 0.00625 0
18.7799 439.603 0.00970874 0
20.2872 164.756 0.0235294 0
20.2872 164.756 0.0245098 0
20.2872 164.756 0.0100503 0
20.2872 164.756 0.0206897 0
20.2872 164.756 0.0227273 0
20.2872 164.756 0.032 0
20.2872 164.756 0.0188679 0
20.2872 164.756 0.0220994 0
20.2872 164.756 0.0227273 0
20.5219 59.321 0.0504202 0
20.5219 59.321 0.189189 0
20.5219 59.321 0.122807 0
20.5219 59.321 0.00909091 0
20.5219 59.321 0.02 0
20.5219 59.321 0.019802 0
20.5219 59.321 0.00746269 0
20.5219 59.321 0.00574713 0
32.1257 82.9251 0.025641 0
32.1257 82.9251 0.0373832 0
18.7799 439.603 0.0915493 0
18.7799 439.603 0.0378788 0
20.2872 164.756 0.0227273 0
20.2872 164.756 0.00854701 0
20.2872 164.756 0.018018 0
20.2872 164.756 0.0235294 0
20.2872 164.756 0.032 0
20.2872 164.756 0.0227273 0
20.2872 164.756 0.0245098 0
20.2872 164.756 0.0188679 0
20.5219 59.321 0.019802 0
20.5219 59.321 0.045 0
32.1257 82.9251 0.0625 0
32.1257 82.9251 0.0434783 0
32.1257 82.9251 0.0625 0
32.1257 82.9251 0.206349 0
32.1257 82.9251 0.129032 0
32.1257 82.9251 0.0373832 0
18.7799 439.603 0.0378788 0
18.7799 439.603 0.0666667 0
32.1257 82.9251 0.0490196 0
18.7799 439.603 0.00625 0
18.7799 439.603 0.0666667 0
20.2872 164.756 0.0261438 0
20.2872 164.756 0.0136054 0
18.7799 439.603 0.0261438 0
20.2872 164.756 0.0100503 0
20.2872 164.756 0.00854701 0
20.2872 164.756 0.0261438 0
20.2872 164.756 0.0206186 0
20.2872 164.756 0.0206897 0
20.2872 164.756 0.018018 0
20.2872 164.756 0.0136054 0
20.2872 164.756 0.0659341 0
20.2872 164.756 0.00719424 0
20.5219 59.321 0.0257732 0
20.5219 59.321 0.0309278 0
20.5219 59.321 0.0118343 0
20.5219 59.321 0.0275229 0
20.5219 59.321 0.0257732 0
20.5219 59.321 0.00843882 0
20.5219 59.321 0.045 0
20.5219 59.321 0.0309278 0
32.1257 82.9251 0.206349 0
32.1257 82.9251 0.0490196 0
32.1257 82.9251 0.0190476 0
32.1257 82.9251 0.0547945 0
18.7799 439.603 0.0261438 0
32.1257 82.9251 0.0190476 0
32.1257 82.9251 0.0102041 0
18.7799 439.603 0.12931 0
20.2872 164.756 0.0206186 0
20.2872 164.756 0.0659341 0
20.2872 164.756 0.0284091 0
20.2872 164.756 0.0206897 0
20.2872 164.756 0.00719424 0
20.2872 164.756 0.00719424 0
20.5219 59.321 0.0118343 0
20.5219 59.321 0.0794702 0
32.1257 82.9251 0.0102041 0
32.1257 82.9251 0.121212 0
32.1257 82.9251 0.09375 0
18.7799 439.603 0.12931 0
18.7799 439.603 0.0526316 0
20.2872 164.756 0.0545455 0
20.2872 164.756 0.020979 0
18.7799 439.603 0.0136054 0
20.2872 164.756 0.0364963 0
20.2872 164.756 0.0284091 0
20.2872 164.756 0.0545455 0
20.2872 164.756 0.0126582 0
20.2872 164.756 0.0150754 0
20.2872 164.756 0.0151515 0
20.2872 164.756 0.017341 0
20.2872 164.756 0.00719424 0
20.2872 164.756 0.020979 0
20.5219 59.321 0.00843882 0
20.5219 59.321 0.00383142 0
20.5219 59.321 0.0794702 0
20.5219 59.321 0.0740741 0
20.5219 59.321 0.0198676 0
20.5219 59.321 0.0275229 0
20.5219 59.321 0.00383142 0
32.1257 82.9251 0.025641 0
32.1257 82.9251 0.0185185 0
32.1257 82.9251 0.0547945 0
32.1257 82.9251 0.121212 0
32.1257 82.9251 0.025641 0
18.7799 439.603 0.0409836 0
20.2872 164.756 0.0357143 0
20.2872 164.756 0.0126582 0
20.2872 164.756 0.0151515 0
20.2872 164.756 0.00632911 0
20.2872 164.756 0.0444444 0
20.2872 164.756 0.00769231 0
20.2872 164.756 0.0150754 0
20.2872 164.756 0.017341 0
20.2872 164.756 0.0100503 0
20.2872 164.756 0.1875 0
20.2872 164.756 0.187135 0
20.2872 164.756 0.0152284 0
20.2872 164.756 0.00632911 0
20.2872 164.756 0.0100503 0
20.5219 59.321 0.0154639 0
20.5219 59.321 0.116279 0
20.5219 59.321 0.00735294 0
20.5219 59.321 0.0740741 0
20.5219 59.321 0.0154639 0
32.1257 82.9251 0.00813008 0
32.1257 82.9251 0.0181818 0
32.1257 82.9251 0.0555556 0
32.1257 82.9251 0.0932203 0
32.1257 82.9251 0.09375 0
18.7799 439.603 0.0526316 0
18.7799 439.603 0.0136054 0
32.1257 82.9251 0.0185185 0
18.7799 439.603 0.0409836 0
32.1257 82.9251 0.0181818 0
18.7799 439.603 0.0447761 0
18.7799 439.603 0.0340136 0
20.2872 164.756 0.0394737 0
20.2872 164.756 0.0444444 0
20.2872 164.756 0.1875 0
20.2872 164.756 0.0394737 0
20.2872 164.756 0.00775194 0
20.2872 164.756 0.0140845 0
20.2872 164.756 0.0764706 0
20.2872 164.756 0.0364963 0
20.2872 164.756 0.0357143 0
20.2872 164.756 0.00769231 0
20.2872 164.756 0.187135 0
20.2872 164.756 0.0887097 0
20.2872 164.756 0.0437956 0
20.2872 164.756 0.0606061 0
20.5219 59.321 0.0198676 0
20.5219 59.321 0.116279 0
32.1257 82.9251 0.0555556 0
32.1257 82.9251 0.037037 0
18.7799 439.603 0.03 0
32.1257 82.9251 0.159091 0
18.7799 439.603 0.0447761 0
20.2872 164.756 0.00775194 0
20.2872 164.756 0.0887097 0
32.1257 82.9251 0.00813008 0
32.1257 82.9251 0.0932203 0
18.7799 439.603 0.116129 0
18.7799 439.603 0.0821918 0
32.1257 82.9251 0.0222222 0
18.7799 439.603 0.0340136 0
20.2872 164.756 0.0140845 0
20.2872 164.756 0.0437956 0
18.7799 439.603 0.116129 0
20.2872 164.756 0.0152284 0
20.2872 164.756 0.0366492 0
20.5219 59.321 0.00735294 0
20.5219 59.321 0.0785714 0
20.5219 59.321 0.0348837 0
32.1257 82.9251 0.037037 0
19.1304 105.246 0.0319149 0
18.7799 439.603 0.03 0
18.7799 439.603 0.0821918 0
31.7752 461.925 0.106195 0
20.2872 164.756 0.0764706 0
20.2872 164.756 0.0606061 0
20.2872 164.756 0.0366492 0
20.2872 164.756 0.0628272 0
20.2872 164.756 0.0232558 0
20.2872 164.756 0.0357143 0
20.5219 59.321 0.0785714 0
20.5219 59.321 0.00892857 0
20.5219 59.321 0.0348837 0
20.5219 59.321 0.0486111 0
20.5219 59.321 0.0261438 0
19.1304 105.246 0.0114943 0
32.1257 82.9251 0.159091 0
32.1257 82.9251 0.0222222 0
19.1304 105.246 0.0701754 0
50.9056 356.678 0.0721649 0
31.7752 461.925 0.306667 0
20.2872 164.756 0.0232558 0
20.2872 164.756 0.00561798 0
20.2872 164.756 0.0677966 0
20.2872 164.756 0.027972 0
20.2872 164.756 0.0628272 0
20.2872 164.756 0.0357143 0
20.2872 164.756 0.0867052 0
20.5219 59.321 0.00892857 0
20.5219 59.321 0.0486111 0
50.9056 356.678 0.0721649 0
19.1304 105.246 0.108108 0
50.9056 356.678 0.0490196 0
19.1304 105.246 0.0319149 0
31.7752 461.925 0.106195 0
19.1304 105.246 0.0114943 0
19.1304 105.246 0.0701754 0
31.7752 461.925 0.306667 0
19.1304 105.246 0.108108 0
20.2872 164.756 0.00561798 0
20.2872 164.756 0.0677966 0
20.2872 164.756 0.0867052 0
20.2872 164.756 0.0114286 0
20.2872 164.756 0.0728477 0
20.2872 164.756 0.0239521 0
20.5219 59.321 0.0396825 0
20.5219 59.321 0.0472973 0
20.5219 59.321 0.0261438 0
20.5219 59.321 0.0396825 0
50.9056 356.678 0.0300752 0
50.9056 356.678 0.0490196 0
50.9056 356.678 0.0300752 0
50.9056 356.678 0.114035 0
20.2872 164.756 0.0114286 0
20.2872 164.756 0.00537634 0
20.2872 164.756 0.027972 0
20.2872 164.756 0.0728477 0
20.2872 164.756 0.037037 0
20.2872 164.756 0.00884956 0
20.2872 164.756 0.0239521 0
20.2872 164.756 0.0232558 0
20.5219 59.321 0.0150376 0
50.9056 356.678 0.114035 0
50.9056 356.678 0.0423729 0
20.2872 164.756 0.0393701 0
20.2872 164.756 0.00537634 0
20.2872 164.756 0.037037 0
20.2872 164.756 0.00884956 0
20.2872 164.756 0.0232558 0
20.2872 164.756 0.0393701 0
20.2872 164.756 0.0212766 0
20.2872 164.756 0.00769231 0
20.5219 59.321 0.0518519 0
20.5219 59.321 0.0629921 0
20.5219 59.321 0.030303 0
20.5219 59.321 0.0472973 0
20.5219 59.321 0.0150376 0
20.5219 59.321 0.0518519 0
50.9056 356.678 0.0423729 0
50.9056 356.678 0.0925926 0
20.2872 164.756 0.0212766 0
20.2872 164.756 0.00588235 0
20.2872 164.756 0.00588235 0
20.2872 164.756 0.0251572 0
20.2872 164.756 0.015873 0
20.2872 164.756 0.0147059 0
20.2872 164.756 0.00460829 0
20.5219 59.321 0.0784314 0
20.5219 59.321 0.0420168 0
20.5219 59.321 0.0629921 0
20.5219 59.321 0.0784314 0
20.5219 59.321 0.030303 0
50.9056 356.678 0.0925926 0
50.9056 356.678 0.11828 0
50.9056 356.678 0.11828 0
50.9056 356.678 0.00884956 0
50.9056 356.678 0.136364 0
20.2872 164.756 0.00769231 0
20.2872 164.756 0.0251572 0
20.2872 164.756 0.015873 0
20.2872 164.756 0.00699301 0
50.9056 356.678 0.00884956 0
20.2872 164.756 0.0233645 0
20.2872 164.756 0.0215054 0
20.2872 164.756 0.0147059 0
20.2872 164.756 0.00460829 0
20.2872 164.756 0.00904977 0
20.2872 164.756 0.0363636 0
20.2872 164.756 0.00699301 0
20.2872 164.756 0.00904977 0
20.2872 164.756 0.0233645 0
20.2872 164.756 0.0363636 0
20.2872 164.756 0.0205128 0
20.5219 59.321 0.0894309 0
20.5219 59.321 0.109589 0
20.5219 59.321 0.0420168 0
20.5219 59.321 0.0894309 0
50.9056 356.678 0.136364 0
50.9056 356.678 0.0584416 0
20.2872 164.756 0.0205128 0
50.9056 356.678 0.0584416 0
20.2872 164.756 0.0239521 0
50.9056 356.678 0.0253165 0
20.2872 164.756 0.00581395 0
20.2872 164.756 0.0215054 0
20.2872 164.756 0.0239521 0
20.2872 164.756 0.0202703 0
20.5219 59.321 0.109589 0
20.5219 59.321 0.106061 0
50.9056 356.678 0.00584795 0
50.9056 356.678 0.159091 0
50.9056 356.678 0.0989011 0
20.2872 164.756 0.0202703 0
20.2872 164.756 0.0261438 0
20.2872 164.756 0.00806452 0
20.2872 164.756 0.0261438 0
20.2872 164.756 0.0261438 0
20.2872 164.756 0.11413 0
20.2872 164.756 0.0685714 0
20.2872 164.756 0.0884354 0
20.2872 164.756 0.00806452 0
20.2872 164.756 0.00684932 0
20.5219 59.321 0.106061 0
20.5219 59.321 0.0833333 0
50.9056 356.678 0.0253165 0
50.9056 356.678 0.159091 0
50.9056 356.678 0.0117647 0
50.9056 356.678 0.00584795 0
20.2872 164.756 0.11413 0
50.9056 356.678 0.0117647 0
20.2872 164.756 0.0706522 0
20.2872 164.756 0.00581395 0
20.2872 164.756 0.0261438 0
20.2872 164.756 0.0706522 0
20.2872 164.756 0.0628571 0
20.2872 164.756 0.00680272 0
20.2872 164.756 0.00636943 0
20.5219 59.321 0.0833333 0
20.5219 59.321 0.0700637 0
50.9056 356.678 0.0989011 0
50.9056 356.678 0.0454545 0
20.2872 164.756 0.0685714 0
20.2872 164.756 0.00684932 0
20.2872 164.756 0.0628571 0
20.2872 164.756 0.0884354 0
20.2872 164.756 0.00680272 0
20.2872 164.756 0.020979 0
20.2872 164.756 0.108108 0
20.2872 164.756 0.037037 0
20.2872 164.756 0.0218978 0
20.2872 164.756 0.020979 0
20.2872 164.756 0.020979 0
20.5219 59.321 0.0700637 0
20.5219 59.321 0.0396825 0
20.5219 59.321 0.0396825 0
20.5219 59.321 0.0223881 0
50.9056 356.678 0.00840336 0
50.9056 356.678 0.0454545 0
50.9056 356.678 0.00840336 0
50.9056 356.678 0.0555556 0
20.2872 164.756 0.00636943 0
20.2872 164.756 0.108108 0
20.2872 164.756 0.0254777 0
20.2872 164.756 0.472973 0
20.2872 164.756 0.129032 0
20.2872 164.756 0.037037 0
20.2872 164.756 0.246914 0
20.2872 164.756 0.0217391 0
20.5219 59.321 0.100917 0
20.5219 59.321 0.0379747 0
50.9056 356.678 0.00833333 0
50.9056 356.678 0.0555556 0
50.9056 356.678 0.130841 0
20.2872 164.756 0.0254777 0
20.2872 164.756 0.0647059 0
20.2872 164.756 0.020979 0
20.2872 164.756 0.472973 0
20.2872 164.756 0.246914 0
20.2872 164.756 0.0364963 0
20.2872 164.756 0.00621118 0
20.2872 164.756 0.0218978 0
20.2872 164.756 0.0364963 0
20.2872 164.756 0.0265487 0
20.5219 59.321 0.0223881 0
20.5219 59.321 0.100917 0
20.5219 59.321 0.00763359 0
20.5219 59.321 0.00763359 0
20.5219 59.321 0.019802 0
50.9056 356.678 0.00869565 0
50.9056 356.678 0.00833333 0
50.9056 356.678 0.130841 0
50.9056 356.678 0.00869565 0
20.2872 164.756 0.00746269 0
50.9056 356.678 0.0654206 0
20.2872 164.756 0.196429 0
20.2872 164.756 0.129032 0
20.2872 164.756 0.0217391 0
20.2872 164.756 0.0265487 0
20.2872 164.756 0.0437956 0
20.2872 164.756 0.0347826 0
20.2872 164.756 0.0647059 0
20.2872 164.756 0.00621118 0
20.2872 164.756 0.00746269 0
20.2872 164.756 0.196429 0
20.2872 164.756 0.0437956 0
20.2872 164.756 0.0147059 0
20.2872 164.756 0.10303 0
20.2872 164.756 0.0157895 0
20.2872 164.756 0.0273973 0
20.5219 59.321 0.157895 0
20.5219 59.321 0.0296296 0
20.5219 59.321 0.0172414 0
20.5219 59.321 0.0379747 0
20.5219 59.321 0.019802 0
20.5219 59.321 0.159091 0
20.5219 59.321 0.0917431 0
50.9056 356.678 0.0654206 0
50.9056 356.678 0.137615 0
20.2872 164.756 0.0147059 0
50.9056 356.678 0.137615 0
20.2872 164.756 0.0338983 0
20.2872 164.756 0.10303 0
20.2872 164.756 0.0559441 0
20.2872 164.756 0.0108696 0
20.2872 164.756 0.0347826 0
20.2872 164.756 0.0559441 0
20.2872 164.756 0.0357143 0
20.2872 164.756 0.0152284 0
20.5219 59.321 0.0209424 0
20.5219 59.321 0.0930233 0
20.5219 59.321 0.0163043 0
20.5219 59.321 0.157895 0
20.5219 59.321 0.159091 0
20.5219 59.321 0.0296296 0
20.5219 59.321 0.0917431 0
20.5219 59.321 0.0209424 0
50.9056 356.678 0.00793651 0
50.9056 356.678 0.218391 0
20.2872 164.756 0.0157895 0
20.2872 164.756 0.0357143 0
20.2872 164.756 0.00956938 0
20.2872 164.756 0.047619 0
20.2872 164.756 0.0273973 0
20.2872 164.756 0.0152284 0
20.2872 164.756 0.0336134 0
20.2872 164.756 0.0769231 0
20.2872 164.756 0.00380228 0
20.2872 164.756 0.0108696 0
20.2872 164.756 0.00956938 0
20.2872 164.756 0.0336134 0
20.5219 59.321 0.0172414 0
20.5219 59.321 0.0930233 0
20.5219 59.321 0.0933333 0
20.5219 59.321 0.0163043 0
20.5219 59.321 0.0740741 0
50.9056 356.678 0.00793651 0
50.9056 356.678 0.218391 0
20.2872 164.756 0.0755814 0
20.2872 164.756 0.239631 0
20.2872 164.756 0.0338983 0
20.2872 164.756 0.047619 0
20.2872 164.756 0.0769231 0
20.2872 164.756 0.0755814 0
20.2872 164.756 0.239631 0
20.2872 164.756 0.00380228 0
20.5219 59.321 0.0229885 0
20.5219 59.321 0.0933333 0
20.5219 59.321 0.0740741 0
20.5219 59.321 0.0106383 0
20.5219 59.321 0.0633803 0
20.5219 59.321 0.0106383 0
20.5219 59.321 0.0229885 0
20.5219 59.321 0.0633803 0
