0.478506 0.418562 0.0350877 1.16762 16.3467 1
0.0585442 46.9757 0.166667 0.95459 1.19353 1
0.280315 31.2692 0.0625 1.47595 10.1967 1
2.79805 13.2869 0.0952381 8.73451 17.7926 1
2.05272 37.4815 0.0487805 4.07576 1.52029 1
8.8577 17.7684 0.144928 23.2473 5.15166 0
4.86958 33.8873 0.012987 10.975 1.16553 1
8.49834 28.2237 0.144928 22.4374 5.23766 0
9.09109 18.4744 0.037037 9.35619 20.3607 1
13.8676 27.4321 0.154762 27.9632 6.78743 0
1.43057 74.7189 0.170732 1.03795 1.12994 1
3.8116 56.4714 0.0361446 5.4529 2.93478 1
7.15209 42.9774 0.111111 9.49792 18.6504 1
7.56549 67.4448 0.175439 7.4819 5.57574 1
1.27866 47.4603 0.00980392 1.03557 1.1299 1
2.65154 19.174 0.188235 5.54666 25.598 1
3.60068 78.5903 0.228814 5.32211 19.2117 1
3.96593 95.1331 0.00943396 2.98749 7.79712 1
0.741123 73.7703 0.0326087 4.40233 12.017 1
8.1665 79.5098 0.0731707 10.9141 58.937 0
12.265 86.6196 0.0169492 8.39287 34.8302 0
8.35897 86.3401 0.118812 4.92836 49.6142 1
3.02978 212.23 0.0120482 2.63112 29.2489 1
7.30798 228.795 0.0731707 10.6231 53.2926 0
4.09851 7.10983 0.0725806 19.307 24.1068 1
9.22394 163.547 0.280374 1.59747 42.0231 0
9.22394 163.547 0.0169492 1.59747 42.0231 0
1.36887 62.9314 0.337662 10.9124 22.1504 1
4.68711 95.5794 0.112903 13.7823 5.79251 1
11.124 99.0206 0.0909091 6.48758 35.7239 0
0.468376 131.621 0.0650406 0.067215 13.9269 1
1.49628 146.25 0.016 0.961411 25.5172 1
0.350941 221.461 0.175573 10.6091 13.8036 1
1.29202 199.173 0.0373134 6.62791 11.4579 1
2.38244 181.366 0.0215054 4.8987 0.752472 1
3.32443 148.165 0.111111 0.920319 19.261 1
4.31892 200.549 0.070922 9.25012 3.48909 1
2.88445 178.497 0.0952381 3.93845 9.71376 1
1.85114 178.558 0.0655738 7.70956 8.1412 1
3.79046 168.617 0.021978 10.184 0.609177 1
0.344004 156.092 0.135135 7.39635 13.5455 1
1.5326 119.792 0.136364 8.07544 20.758 1
3.37035 168.611 0.173228 13.8984 8.26427 1
0.451368 155.948 0.0390625 4.14676 6.06096 1
7.58651 144.271 0.040404 12.1702 1.79324 0
13.7408 95.9625 0.0752688 16.0096 29.6176 0
7.58651 144.271 0.040404 12.1702 1.79324 0
6.1543 48.3085 0.0294118 3.83943 27.8244 1
10.6109 8.27136 0.0948276 14.057 15.4669 0
0.0874977 141.041 0.224 0.0278549 3.18143 1
4.59764 78.9171 0.0298507 1.58405 4.87042 1
11.6743 67.5279 0.025641 13.668 15.5458 0
8.05651 85.4464 0.0390625 5.87289 0.0925598 0
2.95903 73.1524 0.0220588 0.293251 21.1462 0
11.6743 67.5279 0.0752688 13.668 15.5458 0
5.23254 72.1886 0.154545 4.50693 39.6402 1
5.19169 246.203 0.0480769 0.0667725 24.0376 1
4.29539 252.525 0.259542 8.32127 38.0125 1
1.17203 372.892 0.115044 5.86504 8.40421 1
0.353256 323.078 0.0583942 3.49349 15.6266 1
2.21792 275.589 0.0679612 1.78304 9.02058 1
2.39234 274.189 0.0185185 1.33027 8.29477 1
1.16887 280.671 0.137931 7.53906 1.29814 1
0.303978 250.966 0.0131579 3.62996 16.8962 1
0.137177 241.657 0.0211268 4.73457 5.33151 1
3.71344 220.004 0.20155 10.9817 10.5123 1
2.70584 218.795 0.0387597 8.01498 4.89597 1
3.34479 191.293 0.208333 15.9176 17.7763 1
2.34158 220.771 0.00657895 2.30383 0.594345 1
3.32487 197.333 0.104348 12.4335 24.9841 1
2.39563 246.624 0.128205 11.0604 19.5206 1
1.36287 251.699 0.177778 6.7793 8.3447 1
3.04724 224.611 0.252336 15.1244 40.4906 1
2.93769 283.486 0.0511364 5.58488 10.8622 1
3.10126 285.216 0.0408163 10.8919 20.5095 1
1.3829 289.202 0.0785714 7.49596 7.90823 1
2.2137 279.664 0.0903226 4.52708 3.73364 1
1.03833 264.216 0.00529101 1.94545 10.0841 1
2.02163 274.219 0.203704 8.53143 3.25021 1
1.78849 253.771 0.0641711 18.9085 14.2567 1
1.39175 245.127 0.162162 5.59039 25.0086 1
1.93806 88.8647 0.11039 8.95494 42.5646 1
2.1347 323.968 0.178378 7.12044 33.1742 1
1.22919 370.58 0.0265957 15.7998 12.4685 1
1.45189 370.964 0.0330578 1.78055 10.6427 1
0.186852 368.156 0.206349 115.69 135.46 1
0.508495 51.1529 0.111111 3.76147 4.37929 1
0.0469208 39.773 0.008 1.23567 11.5371 1
17.2943 202.304 0.154762 32.9707 4.16498 0
17.2943 202.304 0.10989 32.9707 4.16498 0
4.94436 40.9059 0.021978 10.8351 5.87556 0
3.35837 228.093 0.0802469 0.26123 19.5618 1
1.19781 237.287 0.0153846 4.79958 24.0952 1
12.8665 109.919 0.280374 9.84256 37.563 0
12.8665 109.919 0.0909091 9.84256 37.563 0
12.8665 109.919 0.0660377 9.84256 37.563 0
12.8665 109.919 0.0660377 9.84256 37.563 0
12.8665 109.919 0.0227273 9.84256 37.563 0
0.857038 145.835 0.154639 8.43822 29.644 1
1.67554 167.347 0.0737705 9.63782 7.00027 1
0.646276 152.477 0.170455 1.78416 38.4368 1
0.443907 204.638 0.0507246 8.70055 22.7993 1
0.87809 205.671 0.108911 6.75493 29.2261 1
0.63221 224.436 0.0142857 10.4461 13.4036 1
2.1824 219.394 0.115854 9.89815 10.4384 1
2.31712 215.053 0.0592593 4.91341 19.8007 1
3.3289 202.358 0.0240964 10.1714 2.95778 1
17.8254 210.701 0.0948276 8.89069 22.3909 0
13.7524 427.191 0.0482759 13.9903 12.427 0
6.30631 411.958 0.207547 11.9278 3.10059 1
2.57993 406.988 0.339506 8.11385 33.5578 0
9.3383 413.479 0.0307692 14.2614 29.3602 0
7.70775 399.259 0.0218978 11.9496 12.8804 0
0.0832481 12.0734 0.221154 3.07863 18.9126 1
0.275734 418.543 0.204545 13.5216 34.1845 1
4.74761 435.259 0.197605 5.59993 28.7754 1
2.82334 452.557 0.0571429 1.32092 18.8455 1
4.20807 445.97 0.0517241 1.377 10.4538 1
4.65376 446.33 0.02 3.49924 19.6337 1
4.66377 428.553 0.0373832 5.9783 3.28015 1
0.14801 439.522 0.00561798 3.85727 3.75682 1
0.822018 419.975 0.0163934 1.68411 14.4758 1
0.335278 425.406 0.0402299 0.578278 10.1369 1
0.780537 409.218 0.0114943 9.81673 25.621 1
2.23853 414.444 0.156522 4.82961 6.76572 1
0.40403 410.07 0.15493 2.30769 1.51848 1
0.552143 401.977 0.0363636 7.69937 11.0615 1
2.03344 395.545 0.0102564 3.61758 5.68425 1
0.0368385 391.82 0.106383 116.927 136.746 1
3.10773 397.497 0.0810811 12.0511 26.3443 1
0.0314522 36.3973 0.0934579 2.75809 20.2922 1
17.8171 205.659 0.10989 33.7647 7.19563 0
12.8699 264.035 0.144444 22.6805 3.15273 1
6.72029 254.904 0.0434783 11.2342 3.84428 1
12.5042 28.0495 0.0227273 11.7663 31.7859 0
0.467884 205.797 0.0319149 2.30945 39.8707 1
14.0287 278.73 0.0392157 13.4717 39.1295 0
12.486 63.8878 0.0483871 11.8561 30.2364 0
1.34397 218.278 0.0983607 7.66365 9.9574 1
1.63632 209.926 0.0495868 10.2608 22.4486 1
0.949257 209.73 0.0909091 2.38593 16.2213 1
0.887606 213.985 0.127168 1.18808 11.4355 1
0.146883 181.794 0.00813008 6.19366 30.6308 1
0.573568 351.364 0.00671141 1.89844 17.9743 1
17.361 201.065 0.025641 9.41299 20.9361 0
1.20415 235.126 0.108108 7.60497 1.23401 1
13.2637 443.248 0.0390625 14.2404 14.807 0
13.2637 443.248 0.0482759 14.2404 14.807 0
13.2637 443.248 0.0183486 14.2404 14.807 0
4.08125 239.122 0.180328 23.552 6.14555 1
4.43617 234.34 0.307143 24.3079 15.3066 1
8.15191 239.354 0.104839 23.0711 11.1745 1
9.52137 217.476 0.0534351 20.0204 5.66312 1
16.6721 206.542 0.0183486 7.05017 20.7123 0
16.6721 206.542 0.108911 7.05017 20.7123 0
16.6721 206.542 0.0108696 7.05017 20.7123 0
2.22328 368.38 0.0220588 9.58246 41.523 0
2.22328 368.38 0.339506 9.58246 41.523 0
2.22328 368.38 0.00775194 9.58246 41.523 0
14.4488 161.837 0.030303 16.6326 20.8107 1
8.21692 224.367 0.113043 13.4893 23.2894 1
16.0315 205.744 0.00775194 6.24002 21.8416 0
16.0315 205.744 0.025 6.24002 21.8416 0
3.33496 435.276 0.0309278 5.09767 19.6166 0
3.33496 435.276 0.0490196 5.09767 19.6166 0
1.14077 424.265 0.00980392 4.72073 0.572769 1
0.0691032 430.481 0.0727273 6.59977 30.4031 1
3.4118 450.124 0.0344828 8.1345 37.1993 1
3.25229 468.214 0.123288 9.30091 30.5316 1
0.159924 473.356 0.0169492 6.31586 23.8681 1
1.67571 477.084 0.00921659 9.55675 1.76672 1
0.192196 466.485 0.0744681 0.104324 16.3994 1
0.804199 467.61 0.00543478 13.5963 7.61612 1
0.449577 453.728 0.300971 14.9586 20.5791 1
1.23043 461.348 0.0413223 18.983 13.7397 1
2.28039 435.62 0.0404624 7.98138 17.4179 1
0.109116 458.697 0.0277778 121.294 139.344 1
0.109772 55.6909 0.12931 2.38647 23.7295 1
0.226734 86.7266 0.115385 3.08652 9.96333 1
16.9991 202.435 0.0826446 33.0903 1.55237 0
16.9991 202.435 0.021978 33.0903 1.55237 0
16.9991 202.435 0.0826446 33.0903 1.55237 0
16.9991 202.435 0.0725806 33.0903 1.55237 0
15.7995 281.019 0.0275229 33.27 5.90738 0
0.587002 284.768 0.00632911 0.144257 13.7679 1
1.89815 247.298 0.0337838 1.84164 12.8939 1
3.34478 272.088 0.00892857 5.59288 4.43881 1
3.54947 258.277 0.0150376 1.62416 7.7337 1
14.2985 244.237 0.0283019 13.332 40.1579 0
8.39708 237.963 0.204301 8.04289 62.0858 1
13.2035 386.482 0.025641 14.4203 21.2155 0
13.7933 396.171 0.0392157 13.8159 36.4225 0
13.7933 396.171 0.0283019 13.8159 36.4225 0
2.84801 235.857 0.308824 4.01624 11.8224 1
10.9963 160.994 0.168317 9.87163 24.8118 0
10.9963 160.994 0.0483871 9.87163 24.8118 0
2.20726 225.488 0.138889 4.54871 3.59634 1
2.88269 238.232 0.137097 12.5798 14.4197 1
2.17539 234.115 0.030303 12.3466 24.6973 1
2.64926 220.357 0.0521739 13.8509 37.0852 1
2.35798 237.328 0.0564516 13.4995 11.0573 1
0.668379 235.316 0.333333 5.94923 20.8889 1
0.907192 234.666 0.02 3.10283 17.947 1
16.1348 255.409 0.108911 6.74896 21.1596 0
7.42141 197.955 0.158333 19.478 26.8342 0
16.1348 255.409 0.0307692 6.74896 21.1596 0
12.9436 233.191 0.04 12.4548 0.224899 1
15.8674 259.766 0.0218978 6.49162 21.1549 0
15.8674 259.766 0.0108696 6.49162 21.1549 0
7.15398 193.598 0.0720721 19.2206 26.8295 0
15.8674 259.766 0.0186916 6.49162 21.1549 0
12.5319 201.58 0.0267857 14.1763 45.8187 0
15.8674 259.766 0.025 6.49162 21.1549 0
1.58902 500.18 0.143791 12.3935 40.5841 1
1.30797 520.386 0.190751 7.30923 31.7562 1
1.97995 524.813 0.0900901 6.28291 19.6396 1
5.0413 529.115 0.18125 10.0289 22.9477 1
2.81247 529.172 0.00763359 12.2004 31.0845 1
5.19352 539.594 0.00649351 9.57578 30.2681 1
0.613377 545.24 0.0299401 4.43822 24.4864 1
1.87052 550.38 0.132911 12.5754 2.67204 1
4.22681 540.262 0.0113636 11.4576 7.82851 1
2.98776 532.527 0.0123457 13.1585 12.8374 1
4.48854 528.047 0.0285714 0.677261 15.1098 1
3.2407 526.293 0.0518519 5.01065 4.6801 1
4.16245 509.354 0.0113636 9.49619 7.13867 1
2.45387 344.856 0.00558659 11.3294 28.519 1
0.345806 80.581 0.2 0.335037 24.7092 1
1.17649 99.1222 0.131783 0.157364 5.81247 1
16.6826 301.539 0.0725806 33.4646 3.08849 0
16.6826 301.539 0.0630631 33.4646 3.08849 0
10.5845 386.399 0.0326087 21.0076 9.52258 1
5.29995 388.08 0.0102041 6.40599 14.6074 1
3.91149 392.599 0.0402685 2.11469 19.0967 1
10.9348 374.738 0.0425532 15.8543 14.5176 0
13.0345 376.097 0.021978 24.2155 7.8008 0
5.97856 365.904 0.0379747 4.64542 15.5347 1
10.6089 141.973 0.168317 9.99901 24.4198 0
10.6089 141.973 0.0547945 9.99901 24.4198 0
10.6089 141.973 0.025641 9.99901 24.4198 0
10.6089 141.973 0.0547945 9.99901 24.4198 0
2.28684 233.326 0.0289855 14.1087 31.8601 1
3.32862 242.032 0.0648148 17.1602 23.2689 1
2.4666 236.65 0.261261 9.09502 33.7948 1
1.31867 237.205 0.096 7.86461 46.3175 1
0.335455 256.807 0.116505 7.15862 33.8278 1
3.54867 269.979 0.0283019 2.95544 24.4652 1
1.00449 154.166 0.162162 45.9239 84.0185 0
1.11071 228.914 0.102941 32.9313 49.3249 0
4.97949 259.882 0.11215 8.13379 33.6814 1
2.9453 277.045 0.0107527 49.862 87.8776 0
3.0243 84.9077 0.0144928 4.12086 38.8477 0
8.18382 106.805 0.0535714 26.7983 52.6033 0
7.11459 274.617 0.0687023 19.8246 23.1337 0
0.878475 187.822 0.07 45.7181 83.1662 0
1.23672 262.57 0.0319149 32.7254 48.4725 0
0.413191 272.925 0.05 7.20247 89.1047 0
3.80109 175.556 0.0549451 15.486 48.1493 0
8.18382 106.805 0.0535714 26.7983 52.6033 0
1.06924 167.812 0.292135 6.97374 29.4696 1
7.93714 234.019 0.0204082 15.2921 123.521 0
3.72286 136.649 0.22449 7.00857 82.5657 0
4.96852 243.692 0.0777778 7.71432 7.70653 1
1.24306 8.33955 0.0434783 41.2518 107.286 0
9.8892 154.027 0.158333 18.8221 38.0851 0
9.8892 154.027 0.0720721 18.8221 38.0851 0
9.8892 154.027 0.0687023 18.8221 38.0851 0
6.08811 21.5291 0.0441176 3.33618 86.2344 0
7.21239 148.768 0.0198676 14.469 135.247 0
9.17196 148.51 0.0115607 39.6674 148.979 0
1.24306 8.33955 0.0153846 41.2518 107.286 0
15.3084 208.338 0.0309278 7.59201 20.7534 0
15.3084 208.338 0.0490196 7.59201 20.7534 0
15.3084 208.338 0.18 7.59201 20.7534 0
15.3084 208.338 0.0186916 7.59201 20.7534 0
15.3084 208.338 0.18 7.59201 20.7534 0
5.41918 362.365 0.0285714 11.2301 17.3317 1
0.0555458 518.767 0.12844 6.04597 12.08 1
2.44003 526.052 0.260563 14.7908 30.8925 1
0.714233 536.088 0.0955882 10.9651 33.7371 1
6.24666 541.073 0.128205 5.0924 23.2915 1
1.71166 541.88 0.0263158 9.63822 29.3113 1
6.01366 543.256 0.0119048 10.5024 5.89754 1
11.3912 529.827 0.0420168 13.4446 12.4763 1
1.70675 531.502 0.0075188 1.88252 9.55884 1
0.981861 525.861 0.0490798 7.10385 0.359756 1
2.59641 505.513 0.0887574 4.72565 10.925 1
1.3838 86.2801 0.234043 4.89983 30.8531 1
0.375683 130.227 0.167939 0.934799 11.5234 1
1.81093 126.32 0.0147059 3.79758 15.2207 1
16.1568 243.001 0.0275229 32.4243 4.56963 0
16.1568 243.001 0.0630631 32.4243 4.56963 0
16.1568 243.001 0.100917 32.4243 4.56963 0
1.77372 378.906 0.050505 0.919632 19.8171 1
5.6667 381.687 0.0105263 1.25209 12.9734 1
0.570484 353.868 0.0135135 5.58835 0.272522 1
11.2123 344.443 0.0425532 15.7239 12.7875 0
0.226524 312.985 0.240964 5.14357 34.8812 1
10.9883 24.1723 0.183099 10.6388 21.697 0
10.9883 24.1723 0.0232558 10.6388 21.697 0
0.841648 325.474 0.0348837 8.97771 21.4663 0
10.9883 24.1723 0.021978 10.6388 21.697 0
0.841648 325.474 0.0120482 8.97771 21.4663 0
4.92747 327.415 0.0206186 20.2108 23.019 1
4.44645 324.185 0.118519 15.3945 17.4974 1
1.29957 313.131 0.362205 3.5741 55.3783 1
2.88373 354.942 0.0526316 12.8312 47.1886 1
2.59262 368.537 0.0123457 10.0659 34.1219 1
0.235081 344.846 0.0487805 2.93452 17.5254 1
1.13486 242.318 0.162162 46.7736 79.3085 0
1.13486 242.318 0.07 46.7736 79.3085 0
2.1152 74.748 0.35 12.9926 34.6936 1
0.414635 402.555 0.0116279 33.1284 157.886 1
0.00509453 5032.61 0.0632911 21.1939 31.3117 0
3.19658 5364.15 0.246154 29.7236 115.332 1
3.84529 6137.77 0.121951 25.9881 50.0809 1
0.684099 5818.82 0.102941 28.5066 2.2536 0
0.684099 5818.82 0.0319149 28.5066 2.2536 0
0.684099 5818.82 0.0273973 28.5066 2.2536 0
0.684099 5818.82 0.05 28.5066 2.2536 0
14.477 5672.62 0.0204082 19.2685 16.6296 0
3.37337 6048.88 0.116883 11.9651 54.2606 1
2.00053 5905.04 0.0875 22.2163 99.2753 1
1.39221 5817.57 0.038961 38.9472 81.1939 1
1.27762 5500.84 0.0182927 52.572 68.9478 1
0.025753 5005.89 0.197802 18.5667 43.6745 1
0.69261 4211.24 0.288344 10.743 28.1289 1
0.893324 3327.02 0.0549451 6.84122 84.7067 0
14.2677 3180.82 0.22449 16.0793 103.59 0
14.2677 3180.82 0.0441176 16.0793 103.59 0
14.2677 3180.82 0.0198676 16.0793 103.59 0
14.2677 3180.82 0.00657895 16.0793 103.59 0
10.4953 3543.89 0.0925926 14.5329 11.6478 1
7.15936 3456.63 0.0462963 31.0442 68.8404 0
1.42927 3633.24 0.0635838 6.84077 26.0891 1
0.654152 3347.92 0.0120482 5.76279 31.2456 1
1.90026 2874.56 0.325688 0.675552 15.2633 1
15.1611 146.202 0.0267857 9.23807 18.8832 0
13.9141 2067.51 0.00657895 16.4876 112.873 0
13.9141 2067.51 0.0909091 16.4876 112.873 0
6.95424 326.667 0.121212 14.7515 34.5785 1
6.36446 514.32 0.0983607 12.6898 13.6528 1
2.2708 517.481 0.111111 6.28022 19.115 0
0.496777 522.666 0.0503597 7.73606 26.6306 1
0.95261 519.659 0.1 7.51009 29.257 1
2.19468 525.279 0.00884956 1.62659 22.3255 1
2.84684 524.779 0.284974 5.75203 23.4501 1
4.40353 525.15 0.0123457 8.51778 28.734 1
3.49081 530.008 0.0263158 7.01255 31.1234 1
6.24734 530.646 0.0289855 3.30748 13.1323 1
2.72713 297.903 0.0704225 2.95554 21.9592 1
0.195778 537.595 0.109091 120.622 149.006 1
1.62415 133.894 0.106061 4.86447 28.7892 1
16.5213 193.023 0.100917 32.2466 4.11795 0
16.5213 193.023 0.0948276 32.2466 4.11795 0
16.5213 193.023 0.0165289 32.2466 4.11795 0
8.63066 342.18 0.043956 11.225 11.1873 1
0.627388 345.671 0.173913 1.26596 19.5029 1
6.37646 351.468 0.281081 0.313889 6.81094 1
0.15921 331.255 0.0116279 1.68675 20.8702 1
4.0818 334.095 0.0444444 1.51131 6.56908 1
4.64092 331.348 0.0918919 1.57658 11.144 1
11.4579 50.8928 0.183099 11.4789 20.8817 0
0.835211 0.350034 0.247312 0.467209 9.02748 1
5.9084 355.193 0.146341 17.7829 5.89478 1
2.50545 364.982 0.0310078 5.7175 21.7527 1
1.22989 347.37 0.344828 6.95476 7.35138 1
1.60823 61.8607 0.0823529 39.2738 76.9915 0
1.4481 339.24 0.00909091 5.29109 93.5923 0
4.33579 330.632 0.0806452 16.2447 29.9895 1
2.7978 269.051 0.0235294 4.84731 81.2925 0
1.52698 2229.42 0.0632911 6.31128 95.2381 0
1.52698 2229.42 0.0273973 6.31128 95.2381 0
1.52698 2229.42 0.0408163 6.31128 95.2381 0
1.70815 59.407 0.0107527 39.6482 76.3004 0
1.52698 2229.42 0.0107527 6.31128 95.2381 0
1.52698 2229.42 0.0408163 6.31128 95.2381 0
1.52698 2229.42 0.0363636 6.31128 95.2381 0
0.181179 2288.83 0.21519 45.9595 171.538 1
1.53511 3238.6 0.0144928 4.24699 87.5334 0
1.68964 3596.1 0.0582524 6.03833 19.0755 1
2.76355 3345.85 0.125 10.3404 5.39831 1
4.06881 3105.95 0.0181818 0.712555 7.87466 1
2.25108 3100.73 0.217822 25.3708 29.5253 1
2.6966 2919.94 0.0128205 29.2926 32.7672 1
1.22705 2850.07 0.142202 16.3427 27.9791 1
0.120897 2669.64 0.0335196 32.3024 33.9969 1
14.4612 2022.58 0.0115607 20.6161 115.297 0
14.4612 2022.58 0.0434783 20.6161 115.297 0
14.4612 2022.58 0.0153846 20.6161 115.297 0
14.4612 2022.58 0.0909091 20.6161 115.297 0
14.4612 2022.58 0.181818 20.6161 115.297 0
14.4612 2022.58 0.0641026 20.6161 115.297 0
14.4612 2022.58 0.0462963 20.6161 115.297 0
14.4612 2022.58 0.181818 20.6161 115.297 0
14.4612 2022.58 0.0122699 20.6161 115.297 0
14.4612 2022.58 0.0681818 20.6161 115.297 0
12.8943 552.923 0.0491803 5.5576 25.872 1
14.3458 2020.31 0.0641026 20.6658 115.528 0
2.0134 566.388 0.0819672 6.18127 17.8683 0
14.3458 2020.31 0.0106383 20.6658 115.528 0
12.1532 567.176 0.0325203 1.19931 10.8216 1
6.34312 561.305 0.181102 3.18892 5.82445 0
0.0608749 566.274 0.106796 12.5882 36.0394 1
1.91253 567.986 0.111111 6.07897 17.5143 0
1.91253 567.986 0.0819672 6.07897 17.5143 0
4.43015 2.2995 0.165217 2.98244 11.9544 1
4.61021 555.223 0.212121 4.26285 10.2349 0
4.61021 555.223 0.00740741 4.26285 10.2349 0
3.382 4.53962 0.0952381 1.29958 3.41579 0
1.22822 559.762 0.0103093 2.96327 13.6507 1
6.71389 568.729 0.017094 9.85566 29.4584 1
6.94167 575.077 0.00724638 3.91133 23.3544 1
10.837 572.97 0.100775 5.08446 0.858612 1
10.1348 567.173 0.027027 10.5327 11.7939 1
9.95867 565.05 0.154472 13.6928 9.7321 1
6.29417 558.321 0.145631 7.4763 1.81499 1
1.65735 553.503 0.220472 4.0631 8.32623 1
2.71631 529.08 0.00649351 0.912277 3.38167 1
16.7371 165.167 0.0948276 32.0897 1.47231 0
16.7371 165.167 0.0165289 32.0897 1.47231 0
16.7371 165.167 0.0737705 32.0897 1.47231 0
1.68236 158.637 0.210884 3.21222 16.5648 1
11.738 35.1797 0.0232558 12.4172 19.6337 0
5.57578 321.174 0.191011 8.35953 9.94057 1
0.307785 356.97 0.0348837 7.0424 16.7574 0
0.307785 356.97 0.0120482 7.0424 16.7574 0
0.307785 356.97 0.05 7.0424 16.7574 0
11.9326 315.809 0.213483 19.2899 2.67456 1
14.5555 313.404 0.164062 25.9742 1.50981 0
11.4452 44.9562 0.05 11.9571 19.3917 0
3.11033 358.36 0.225352 14.0171 20.9015 1
3.36189 357.065 0.0888889 11.8459 16.4362 1
4.4614 349.943 0.00813008 18.6474 14.1777 1
4.33879 346.424 0.0285714 13.0191 11.0784 1
1.02639 2251.42 0.0363636 9.25516 97.5815 0
1.02639 2251.42 0.0761905 9.25516 97.5815 0
1.02639 2251.42 0.0190476 9.25516 97.5815 0
1.02639 2251.42 0.0823529 9.25516 97.5815 0
1.02639 2251.42 0.0107527 9.25516 97.5815 0
1.02639 2251.42 0.0761905 9.25516 97.5815 0
1.02639 2251.42 0.0530973 9.25516 97.5815 0
3.51606 2560.54 0.03125 5.0101 136.73 0
1.99036 2533.68 0.0972222 24.5892 149.031 1
4.59857 2474.97 0.297872 13.976 80.2115 1
1.88853 2883.09 0.143791 7.33589 16.9156 1
1.86171 2787.97 0.207921 14.3829 21.842 1
2.97122 2648.34 0.00617284 30.1884 27.2868 1
0.664812 2235.04 0.00909091 10.9595 97.1032 0
0.515953 2575.93 0.015544 8.45135 27.7271 1
14.2079 1923.82 0.0122699 22.6177 117.48 0
1.91659 2468.44 0.00719424 40.7258 31.9149 1
0.71097 2337.79 0.148837 8.41393 6.0924 1
14.304 1762.04 0.0681818 24.8508 119.594 0
14.304 1762.04 0.0106383 24.8508 119.594 0
14.304 1762.04 0.00584795 24.8508 119.594 0
1.42494 2251.22 0.0176471 17.6105 148.007 0
14.304 1762.04 0.00584795 24.8508 119.594 0
4.23968 526.05 0.00909091 4.57703 9.66644 0
15.7289 489.185 0.191919 7.24036 28.4129 1
17.156 444.701 0.0618557 9.68382 14.4731 0
14.1609 1762.72 0.0176991 24.7849 119.852 0
15.678 283.274 0.015873 18.4662 82.7236 0
4.09654 525.371 0.163793 4.64291 9.40788 0
17.156 444.701 0.0485437 9.68382 14.4731 0
16.6312 528.02 0.0309278 7.85587 1.64761 0
4.09654 525.371 0.181102 4.64291 9.40788 0
4.09654 525.371 0.00909091 4.64291 9.40788 0
4.09654 525.371 0.163793 4.64291 9.40788 0
12.5346 2.649 0.00990099 12.4988 7.76027 1
2.45824 60.9491 0.00840336 5.15862 28.713 1
3.5328 148.128 0.0344828 0.922577 4.28072 1
6.64535 409.604 0.212121 0.466522 1.0325 0
6.64535 409.604 0.00740741 0.466522 1.0325 0
3.44949 533.536 0.00671141 10.4203 22.2669 1
4.82393 545.603 0.0784314 11.1967 32.0082 1
6.27203 549.286 0.121622 16.3498 38.7416 1
6.49265 553.71 0.0446429 12.4036 32.6296 1
10.2407 551.807 0.0283688 12.4623 1.58559 1
0.532352 543.374 0.0707965 5.66132 9.91217 1
4.25861 536.203 0.047619 1.15707 14.6067 1
2.54334 506.607 0.00689655 5.76164 13.2229 1
2.83134 1642.48 0.0804598 57.6522 91.1238 1
1.40456 162.838 0.0126582 3.43506 25.6391 1
16.2612 123.218 0.0737705 31.2406 4.13426 0
16.2612 123.218 0.00854701 31.2406 4.13426 0
9.75268 311.135 0.108696 14.3048 8.64131 1
3.528 310.957 0.0196078 0.307343 13.6803 1
2.50251 306.163 0.0803571 1.3911 10.5042 1
5.08034 302.05 0.00990099 4.42458 19.4718 1
2.79049 301.706 0.152542 1.95546 0.715179 1
6.15091 288.525 0.030303 7.34216 5.41649 1
1.43468 285.239 0.00980392 1.29071 18.8413 1
11.5973 44.0638 0.0305344 12.6618 19.792 0
11.5973 44.0638 0.164062 12.6618 19.792 0
11.5973 44.0638 0.0305344 12.6618 19.792 0
11.5973 44.0638 0.0247934 12.6618 19.792 0
0.708805 326.711 0.0378788 2.66164 17.5223 1
2.90657 337.71 0.0264901 11.9305 16.3017 1
3.94986 304.379 0.0218978 16.3914 2.16438 1
3.92318 328.339 0.00813008 11.1447 16.5435 1
0.711596 1975.02 0.0530973 13.1938 101.262 0
2.37488 299.678 0.177778 3.78682 38.6102 1
0.7442 1967.62 0.0265487 13.1418 101.792 0
0.7442 1967.62 0.045045 13.1418 101.792 0
0.7442 1967.62 0.0116279 13.1418 101.792 0
3.72443 300.197 0.00862069 50.3997 81.7831 0
1.23146 292.576 0.00699301 3.08484 100.315 0
0.7442 1967.62 0.03125 13.1418 101.792 0
0.7442 1967.62 0.382979 13.1418 101.792 0
2.31391 334.72 0.0496454 8.75478 21.2071 1
3.76334 297.729 0.111111 50.5469 81.4264 0
1.19254 290.109 0.0396825 2.93761 100.672 0
2.45943 2303.98 0.0731707 34.6979 19.2858 1
1.89005 2194.5 0.0653595 11.2648 2.14853 1
2.18843 2174.97 0.0860927 37.8213 28.1459 1
2.38968 2129.75 0.273171 30.6603 23.7751 1
1.65784 2055.9 0.0962567 5.19884 16.8118 1
0.40184 1655.29 0.0235294 16.6539 105.351 0
0.40184 1655.29 0.0190476 16.6539 105.351 0
0.40184 1655.29 0.0265487 16.6539 105.351 0
2.47577 1992.22 0.0790698 34.1538 26.687 1
2.65908 1946.92 0.0178571 39.9354 29.0247 1
1.68346 1923.11 0.0350877 14.6089 21.7855 1
0.829565 1856.16 0.13587 8.82718 18.1345 1
0.0835266 1795.39 0.0150376 11.9589 9.38489 1
0.213371 1761.39 0.0610329 0.64183 6.77813 1
14.5368 1145.19 0.0176471 31.1413 127.132 0
16.9193 479.815 0.208333 9.65555 13.8198 0
14.5368 1145.19 0.00892857 31.1413 127.132 0
15.4412 318.388 0.0645161 18.438 83.3769 0
16.9193 479.815 0.0618557 9.65555 13.8198 0
16.9193 479.815 0.0485437 9.65555 13.8198 0
16.9193 479.815 0.208333 9.65555 13.8198 0
10.5107 35.0975 0.329545 10.1503 15.5056 1
6.52525 1594.86 0.0636364 30.0882 127.811 0
7.4297 131.279 0.1 17.3848 84.0558 1
6.32062 1416.74 0.013986 29.6093 125.496 0
8.95778 280.157 0.0247934 10.6208 3.58687 1
9.76928 294.455 0.0309278 3.37343 2.25804 0
2.08649 269.909 0.0222222 0.521805 29.8122 1
6.22366 292.584 0.0833333 4.99179 19.2198 1
5.33643 317.873 0.0697674 2.94337 30.5694 1
11.3808 183.449 0.0952381 4.37579 11.5511 0
11.3808 183.449 0.254717 4.37579 11.5511 0
3.99166 566.995 0.042735 11.5875 7.16887 0
5.32887 576.725 0.0212766 1.52838 31.2457 1
7.98399 582.09 0.00990099 0.0427856 27.5641 1
9.86774 581.591 0.0379747 2.63344 37.1566 1
10.9602 585.089 0.0175439 5.36237 20.1933 1
0.235859 570.998 0.08 11.2962 3.06335 1
5.13335 331.838 0.183099 6.07576 41.5581 1
1.94849 597.656 0.0714286 119.977 158.173 1
16.1492 102.773 0.00854701 30.9617 2.6898 0
16.1492 102.773 0.162393 30.9617 2.6898 0
16.1492 102.773 0.162393 30.9617 2.6898 0
16.1492 102.773 0.0215054 30.9617 2.6898 0
13.1353 292.361 0.0185185 21.6547 29.378 0
4.8293 289.57 0.188679 6.25677 14.8249 1
3.54688 294.427 0.00877193 1.52177 18.2241 1
2.90283 289.556 0.0925926 5.95033 28.4729 1
2.07663 305.697 0.210145 5.40375 31.0943 1
1.05591 308.665 0.0176991 3.50792 15.0656 1
11.8785 14.8271 0.0247934 13.6259 20.9546 0
11.8785 14.8271 0.108434 13.6259 20.9546 0
4.15848 312.369 0.134328 7.95282 5.99197 1
2.69699 335.949 0.00675676 11.6649 25.7724 1
0.209551 1388.83 0.045045 19.2101 109.15 0
0.209551 1388.83 0.382979 19.2101 109.15 0
3.59291 1685.4 0.32 69.9262 190.202 1
2.18778 2211.8 0.05 14.9376 135.327 0
2.28017 1811.87 0.137255 25.4702 55.3789 1
0.257792 1905.87 0.0116279 17.9593 105.81 0
2.16422 2236.97 0.01875 0.125702 9.70977 1
1.85802 2181.52 0.00431034 20.8785 26.083 1
1.85165 2127.17 0.00510204 20.2742 27.4962 1
1.27057 2089.67 0.025974 19.0081 23.5799 1
0.525448 2018.11 0.00408163 3.53409 13.4771 1
14.5173 1339.39 0.0176991 31.4196 127.226 0
14.5173 1339.39 0.00892857 31.4196 127.226 0
3.31581 1570.61 0.0636364 27.418 115.495 0
3.31581 1570.61 0.197368 27.418 115.495 0
3.31581 1570.61 0.0145985 27.418 115.495 0
11.2015 231.224 0.015873 4.00151 11.7306 0
11.2015 231.224 0.0645161 4.00151 11.7306 0
3.31581 1570.61 0.197368 27.418 115.495 0
3.31581 1570.61 0.0642202 27.418 115.495 0
3.31581 1570.61 0.030303 27.418 115.495 0
5.03507 382.191 0.0131579 5.67303 16.0928 1
5.13863 349.283 0.362832 2.42241 43.2518 1
3.65396 453.229 0.015625 7.4695 2.30258 1
11.829 170.506 0.254717 4.08641 14.1377 0
8.01667 444.264 0.0243902 16.0482 21.127 1
8.66497 435.75 0.00847458 8.93301 6.88293 0
10.8859 152.088 0.110294 2.19839 11.6521 0
2.22089 587.838 0.0229008 6.73461 4.7692 1
6.84202 605.535 0.0381679 14.3487 37.5124 1
5.45247 587.98 0.0393701 10.4319 8.72102 1
8.84692 633.044 0.039604 5.25401 14.5697 1
13.5694 632.141 0.0535714 5.95303 32.7194 1
8.83695 627.268 0.0797101 4.56889 26.1051 1
8.67798 639.682 0.111111 0.632538 19.5775 1
6.24792 626.724 0.0327869 0.492111 19.3842 1
4.41407 44.0993 0.0692308 17.4786 34.4132 1
16.2098 124.933 0.0215054 31.2028 0.151855 0
3.01389 189.588 0.238532 9.30698 26.6882 1
16.0737 90.6479 0.059322 30.7823 1.3576 0
5.65645 307.065 0.155738 1.54956 3.08574 1
3.44205 298.027 0.0377358 0.0578918 11.5824 1
4.03186 295.404 0.155556 6.54282 19.9763 1
12.1385 27.1444 0.108434 13.7698 20.8763 0
12.1385 27.1444 0.179487 13.7698 20.8763 0
2.79008 334.884 0.02 14.9284 31.9898 1
1.83628 322.065 0.0242424 10.0466 35.1338 1
1.85709 312.017 0.0671141 2.79736 28.3899 1
0.130388 1624.12 0.00862069 19.4974 110.219 0
0.130388 1624.12 0.111111 19.4974 110.219 0
0.130388 1624.12 0.00952381 19.4974 110.219 0
2.72438 1777.62 0.0853659 67.5581 187.339 1
0.169872 2057.94 0.00699301 18.5183 107.504 0
0.169872 2057.94 0.0396825 18.5183 107.504 0
2.61925 2400.53 0.0148148 22.3979 21.3777 1
0.918598 2368.88 0.0106952 7.99159 16.3291 1
1.38977 2184.6 0.13913 26.3925 18.2646 1
1.4015 2270.94 0.00671141 6.24229 8.58383 1
1.27789 2239.62 0.00584795 12.4636 17.9843 1
1.60036 2196.07 0.0862069 23.1859 27.5025 1
0.82588 2156.27 0.015625 2.7314 19.9499 1
1.5042 2106.51 0.027933 31.8667 30.3589 1
0.465675 2077.97 0.0457143 16.248 20.0583 1
0.206762 2037.94 0.112426 2.56052 14.5957 1
0.709551 1982.54 0.0490196 21.0209 4.62724 1
2.45918 1977.59 0.00438596 6.54443 15.5205 1
0.137655 1941.47 0.214286 20.3433 21.8561 1
1.12972 1881.68 0.11165 22.5372 3.44481 1
3.85556 1395.32 0.013986 30.6102 117.609 0
3.85556 1395.32 0.0642202 30.6102 117.609 0
3.85556 1395.32 0.0235294 30.6102 117.609 0
2.08131 1706.49 0.0176991 31.2517 29.1532 0
3.85556 1395.32 0.0145985 30.6102 117.609 0
3.85556 1395.32 0.0235294 30.6102 117.609 0
1.77425 311.17 0.010989 0.641495 88.4563 1
2.32378 512.25 0.00909091 19.6753 44.6873 1
6.03205 563.641 0.127119 15.2251 5.1501 1
3.24667 514.74 0.131579 0.64505 18.726 1
11.0906 121.565 0.10687 2.59734 15.708 0
3.03324 526.691 0.152174 13.3323 11.282 1
2.78393 458.529 0.00952381 11.3225 31.7968 1
3.08232 475.618 0.016129 9.84019 11.8214 1
3.2006 457.238 0.0144928 12.1082 8.79112 1
11.4992 193.425 0.042735 4.09091 17.0201 0
11.4992 193.425 0.110294 4.09091 17.0201 0
11.4992 193.425 0.310078 4.09091 17.0201 0
11.4992 193.425 0.00847458 4.09091 17.0201 0
11.4992 193.425 0.10687 4.09091 17.0201 0
11.4992 193.425 0.310078 4.09091 17.0201 0
11.4992 193.425 0.0714286 4.09091 17.0201 0
11.4992 193.425 0.034188 4.09091 17.0201 0
7.20346 650.626 0.0469799 8.44719 31.8228 1
9.29362 656.223 0.00877193 2.14268 24.6894 1
5.27577 658.023 0.0107527 2.18756 20.3445 1
12.3706 658.211 0.166667 0.386002 38.7323 1
1.93253 646.699 0.0725806 5.02809 2.78459 1
6.41762 651.228 0.149254 3.65472 11.4313 1
16.3288 79.7326 0.0185185 30.8226 1.0127 0
16.3288 79.7326 0.059322 30.8226 1.0127 0
16.3288 79.7326 0.0614035 30.8226 1.0127 0
3.12568 216.892 0.322034 14.9386 30.3996 1
16.1735 27.4261 0.0614035 30.0807 2.52245 0
16.1735 27.4261 0.0740741 30.0807 2.52245 0
1.00955 300.358 0.106796 1.29669 17.8725 1
6.37044 297.447 0.165138 2.68092 17.4417 1
5.76535 297.228 0.0425532 0.470154 4.45279 1
3.41187 284.917 0.00961538 3.49442 14.4345 1
0.390827 299.053 0.206349 5.18947 31.3608 1
5.55462 318.281 0.225806 9.62994 1.89059 1
3.07426 316.993 0.0546875 2.57994 19.5812 1
12.3937 17.1726 0.179487 14.1486 21.0907 0
10.6196 318.593 0.0641026 19.3137 0.0621033 0
3.11902 337.838 0.33125 18.933 27.5888 1
1.81555 334.026 0.14 4.91367 20.7864 1
3.58127 325.286 0.00574713 16.2074 37.9173 1
1.36144 324.152 0.503311 3.62337 41.3078 1
0.0265141 1513.91 0.00813008 20.2301 114.089 0
2.53069 164.653 0.0416667 46.9705 72.9966 0
1.42954 179.615 0.017094 34.7227 63.9596 0
0.0265141 1513.91 0.05 20.2301 114.089 0
0.0265141 1513.91 0.00952381 20.2301 114.089 0
0.0265141 1513.91 0.037037 20.2301 114.089 0
0.0265141 1513.91 0.214953 20.2301 114.089 0
0.0265141 1513.91 0.079646 20.2301 114.089 0
0.0265141 1513.91 0.037037 20.2301 114.089 0
0.854473 1869.63 0.0659341 22.2013 20.4993 1
1.5495 1840.69 0.0612245 22.793 23.9821 1
1.05635 1819.58 0.00581395 20.1662 25.5812 1
1.25676 1794.97 0.00438596 28.6541 25.6875 1
2.08537 1772.38 0.131818 18.569 18.4501 1
0.162563 1734.87 0.0119048 4.74811 13.3546 1
2.93781 1243.54 0.030303 30.7973 115.724 0
2.93781 1243.54 0.0147059 30.7973 115.724 0
2.93781 1243.54 0.00628931 30.7973 115.724 0
2.93781 1243.54 0.0176991 30.7973 115.724 0
2.93781 1243.54 0.0147059 30.7973 115.724 0
2.93781 1243.54 0.165049 30.7973 115.724 0
2.93781 1243.54 0.057377 30.7973 115.724 0
4.07056 414.555 0.0212766 8.87099 0.124756 1
2.47181 411.819 0.0526316 3.68314 33.5982 1
3.1138 438.896 0.0888889 10.4369 21.8061 1
11.6313 207.962 0.0714286 5.1613 15.3294 0
11.6313 207.962 0.0106383 5.1613 15.3294 0
3.6516 422.266 0.0566038 23.8472 13.5085 1
0.111191 417.144 0.122449 16.0293 22.5126 1
11.4955 234.285 0.0106383 3.31659 17.1421 0
11.4955 234.285 0.117188 3.31659 17.1421 0
7.8062 638.793 0.00884956 12.0887 14.4507 0
5.57021 628.853 0.0571429 16.6471 12.3967 1
5.65485 657.745 0.0378788 4.9373 24.4346 1
6.35709 655.302 0.0211268 4.69299 27.9008 1
9.43301 639.555 0.0530303 9.49126 3.2314 1
1.72464 385.963 0.202899 5.76921 14.8949 1
2.99045 654.437 0.0361446 118.489 156.402 1
16.3481 44.084 0.0740741 30.0943 1.15294 0
4.06679 272.718 0.15 18.6202 28.1108 1
16.164 4.297 0.046729 29.2513 2.42561 0
12.514 31.2196 0.195652 14.805 19.2565 0
5.74401 319.206 0.064 6.44882 11.9325 1
1.87122 344.261 0.0545455 15.6601 40.7291 1
0.0881138 1342.84 0.0625 22.1446 116.864 0
2.5442 168.225 0.155963 47.0836 72.7025 0
1.41603 183.187 0.0188679 34.8358 64.2536 0
1.52993 132.059 0.0238095 31.996 36.381 0
3.54013 313.494 0.0252101 17.5448 98.5239 0
0.0881138 1342.84 0.00813008 22.1446 116.864 0
0.0881138 1342.84 0.214953 22.1446 116.864 0
0.0881138 1342.84 0.0625 22.1446 116.864 0
2.63231 1511.06 0.135802 69.2282 189.566 1
1.34926 1775.35 0.0512821 56.4191 51.0734 1
0.0743656 1594.04 0.079646 21.2657 115.04 0
3.46576 1907.53 0.0206186 3.72092 16.5157 1
0.314964 1939.46 0.100503 8.0582 14.9659 1
1.28475 1906.83 0.00411523 2.80165 19.7971 1
0.390783 1873.3 0.0140845 37.8354 30.209 1
1.4008 1865.76 0.0228311 5.78943 20.898 1
1.64098 1835.44 0.00574713 11.5021 11.7908 1
1.66009 1828.55 0.0619048 22.2802 23.2099 1
2.09595 1806.42 0.0287081 5.2952 15.273 1
0.61433 1758.72 0.0228311 12.8341 4.35107 1
0.303619 1746.02 0.0326531 9.58047 18.7886 1
2.73663 1295.03 0.165049 31.4548 117.183 0
2.73663 1295.03 0.057377 31.4548 117.183 0
2.73663 1295.03 0.00628931 31.4548 117.183 0
1.01888 405.744 0.259843 4.30295 45.5821 1
2.22057 434.167 0.0277778 3.05832 63.9077 1
2.71453 542.76 0.0652174 8.99895 35.1697 1
11.5921 74.6933 0.034188 3.58769 10.4664 0
4.73387 560.214 0.0214286 11.2185 0.917892 1
11.7806 94.8783 0.117188 4.03426 10.4299 0
4.17175 562.623 0.208 16.3099 4.12384 1
5.59938 671.646 0.128378 11.8838 37.1841 1
8.24459 672.643 0.016 6.64326 30.007 1
7.27281 680.603 0.0666667 4.42868 14.565 1
11.1891 627.015 0.125926 2.82202 13.8342 1
10.1697 956.859 0.0714286 79.4663 105.526 1
16.0161 5.34064 0.0421053 29.0852 2.11827 0
14.5327 326.837 0.0978261 33.4254 18.6398 0
6.61851 329.631 0.1 24.3055 22.7072 0
16.0161 5.34064 0.046729 29.0852 2.11827 0
16.0161 5.34064 0.0421053 29.0852 2.11827 0
1.48335 321.496 0.10101 4.34013 20.7581 1
3.81816 314.071 0.125 3.09948 11.7811 1
3.97269 320.863 0.192053 0.959778 0.633713 1
0.959541 314.286 0.0117647 2.12279 5.96687 1
7.78785 313.009 0.05 7.89738 23.7284 1
12.3521 40.183 0.0641026 14.752 20.1459 0
12.3521 40.183 0.195652 14.752 20.1459 0
12.3521 40.183 0.00787402 14.752 20.1459 0
0.220633 1359.73 0.109091 22.0052 117.386 0
1.52993 132.059 0.0235294 31.996 36.381 0
0.220633 1359.73 0.0166667 22.0052 117.386 0
4.94698 316.324 0.0534351 14.9199 30.2745 1
4.31819 294.625 0.0265487 55.9625 77.7645 0
0.160698 1361.61 0.0416667 21.8244 117.752 0
0.160698 1361.61 0.155963 21.8244 117.752 0
0.160698 1361.61 0.109091 21.8244 117.752 0
1.30929 1491.79 0.132075 54.0012 81.0047 1
0.16309 1368.22 0.020202 21.7258 117.604 0
4.48128 1662.85 0.111111 77.6882 195.369 1
0.129427 1624.51 0.017094 21.1422 116.137 0
0.129427 1624.51 0.0188679 21.1422 116.137 0
0.423897 1973.76 0.0283019 3.34274 5.99188 1
1.72354 1902.2 0.1 54.0261 36.4384 1
1.23254 1956.09 0.0704846 6.01471 21.6514 1
1.30478 1933.28 0.0146341 8.3062 15.9015 1
0.490227 1902.26 0.0944206 4.8573 13.981 1
1.12783 1882.72 0.00495049 26.0627 26.0315 1
0.758907 1866.85 0.0042735 3.87312 21.3822 1
1.71582 1840.83 0.00465116 15.9762 22.3734 1
1.65642 1821.8 0.0540541 8.80655 19.418 1
1.69603 1798.56 0.0216216 1.81297 17.8206 1
1.27055 1784.49 0.00454545 13.9194 22.9844 1
0.26454 1753.62 0.00829876 8.05675 12.2431 1
2.23575 1444.65 0.176 23.0644 52.8126 0
0.9251 1690.73 0.00454545 18.5809 0.940468 1
4.73811 286.026 0.134146 8.17172 72.1889 1
4.01785 557.934 0.136364 13.9292 8.09532 1
5.62637 544.176 0.143791 22.0694 4.8513 1
6.87354 545.287 0.295455 25.5111 22.7497 1
11.9955 117.564 0.00884956 5.91768 12.428 0
11.9955 117.564 0.147059 5.91768 12.428 0
2.65885 562.508 0.0185185 3.97807 24.479 1
3.77186 554.303 0.192661 11.6338 10.7484 0
12.108 128.144 0.147059 6.08603 11.3921 0
8.33615 682.447 0.0891089 5.54776 0.643677 1
3.11862 692.194 0.0894309 11.2754 28.0625 1
1.92726 699.536 0.0454545 1.4156 22.2852 1
6.19975 697.796 0.096 2.30141 23.814 1
10.4215 697.492 0.124088 1.34622 26.0387 1
7.09576 662.589 0.0808081 1.78773 14.2484 1
15.9886 9.68878 0.0978261 29.0853 1.2421 0
9.37014 319.942 0.0957447 4.77977 23.9492 1
2.8063 316.692 0.0512821 5.49092 14.4536 1
2.85825 317.382 0.0434783 0.618546 3.15605 1
7.88043 308.93 0.0921053 11.5791 3.59879 1
10.2069 306.31 0.277778 17.9713 2.43237 1
7.61122 303.805 0.117647 8.68599 10.1112 1
5.40358 298.595 0.0350877 3.33725 11.4955 0
12.0643 55.4514 0.00787402 14.4507 20.5572 0
12.8022 293.259 0.0165289 26.5715 31.6354 0
12.0643 55.4514 0.0451128 14.4507 20.5572 0
7.0301 301.955 0.0138889 5.01761 13.6305 1
12.7056 293.346 0.0165289 26.5026 31.4481 0
0.737848 348.711 0.180851 12.1208 52.1927 1
11.9746 68.8307 0.00952381 14.4944 20.2595 0
11.9746 68.8307 0.197531 14.4944 20.2595 0
1.23932 362.516 0.0786517 13.0582 40.8577 0
11.9746 68.8307 0.0451128 14.4944 20.2595 0
1.23932 362.516 0.039604 13.0582 40.8577 0
3.73643 302.404 0.00787402 14.3379 35.233 1
0.224791 1330.59 0.0238095 21.5002 119.806 0
0.224791 1330.59 0.0235294 21.5002 119.806 0
0.224791 1330.59 0.0405405 21.5002 119.806 0
3.68612 1664.8 0.0806452 1.65231 13.6328 1
0.243765 1322.24 0.0252101 21.5088 119.736 0
0.243765 1322.24 0.0166667 21.5088 119.736 0
0.557396 1695.14 0.0117647 8.51602 22.6077 1
0.367104 1675.26 0.0113636 15.0287 17.3968 1
2.62497 1660.35 0.0405405 0.0703735 25.7902 1
1.24179 1643.25 0.0467836 4.82706 14.8518 1
1.00808 1629.75 0.189815 29.5345 21.0496 1
0.161417 1617.79 0.00502513 24.5245 24.8262 1
1.18062 1601.5 0.0205761 18.8502 13.3931 1
1.15746 1419.71 0.0129032 37.7234 22.793 1
1.71891 1007.7 0.176 29.3405 126.284 0
1.71891 1007.7 0.00699301 29.3405 126.284 0
1.71891 1007.7 0.00613497 29.3405 126.284 0
4.16493 459.019 0.05 16.2579 30.5299 1
1.28398 402.887 0.025 2.79582 94.761 1
2.68693 555.004 0.0106383 7.59805 6.31592 1
0.96105 563.002 0.0107527 8.367 0.0641327 1
3.10516 544.359 0.00970874 8.44125 13.0177 1
0.618061 544.368 0.12605 3.45778 16.557 1
3.89273 498.087 0.242718 10.2691 22.9415 1
1.99619 534.578 0.0517241 16.3135 3.26498 1
2.46086 512.401 0.0362319 6.05594 7.2476 1
11.9999 176.636 0.196262 6.03523 12.7122 0
2.9891 515.423 0.23 0.882629 12.0535 1
12.07 187.624 0.192661 6.01451 12.4294 0
12.07 187.624 0.196262 6.01451 12.4294 0
12.07 187.624 0.019802 6.01451 12.4294 0
0.645935 680.846 0.13913 7.76679 10.1253 1
4.69698 685.682 0.139785 9.40387 12.7348 1
3.89132 694.513 0.0300752 8.36017 30.3421 1
0.592037 691.608 0.0610687 10.1885 15.4691 1
0.754375 683.951 0.0152672 12.4391 24.0318 1
8.68331 1113.82 0.0454545 70.2055 101.258 1
15.5443 26.7495 0.1 28.5343 0.276703 0
11.5135 300.299 0.191781 13.0584 25.5194 1
2.43205 301.914 0.141304 5.83617 17.4161 1
2.89326 301.145 0.12963 6.63785 17.519 1
5.22259 281.077 0.10687 4.31122 3.42558 1
5.25442 293.841 0.0235294 3.30106 10.5864 0
12.4326 283.879 0.0833333 21.8031 0.13562 1
8.84206 286.75 0.156028 12.1117 7.60751 0
11.7664 78.0986 0.00952381 14.3569 20.5146 0
12.9565 285.528 0.125 27.2261 19.8786 1
8.74503 284.791 0.0927152 11.9078 7.45865 0
7.69703 288.731 0.019802 4.6559 20.0983 1
11.5717 77.6581 0.197531 14.0939 20.9186 0
0.236032 1212.87 0.020202 22.4478 121.299 0
0.236032 1212.87 0.0405405 22.4478 121.299 0
0.236032 1212.87 0.166667 22.4478 121.299 0
0.236032 1212.87 0.0288462 22.4478 121.299 0
2.41158 294.192 0.032967 35.1996 65.0659 0
0.236032 1212.87 0.037037 22.4478 121.299 0
1.82788 238.82 0.02 48.841 73.9484 0
0.236032 1212.87 0.0265487 22.4478 121.299 0
0.236032 1212.87 0.166667 22.4478 121.299 0
0.236032 1212.87 0.0775862 22.4478 121.299 0
2.17555 1507.06 0.0136986 57.6474 56.2332 1
2.07053 1454.72 0.097561 71.1134 195.076 1
0.232136 1379.37 0.0288462 21.911 120.137 0
0.391396 1749.76 0.010582 11.4009 20.0874 1
4.72452 1736.7 0.0186047 0.23349 28.7457 1
0.459311 1720.75 0.040724 20.652 22.8775 1
2.8521 1703.14 0.00574713 20.1189 30.7737 1
1.01825 1693.33 0.0139535 5.3241 16.6025 1
1.02058 1685.55 0.00943396 47.015 28.4964 1
0.915575 1678.96 0.0333333 9.14906 17.5096 1
2.19647 1669.65 0.0481283 9.86888 24.6168 1
0.549711 1644.93 0.0140187 5.3107 11.4508 1
1.41149 1116.65 0.00699301 29.8289 126.844 0
1.41149 1116.65 0.0387097 29.8289 126.844 0
1.41149 1116.65 0.17037 29.8289 126.844 0
5.69411 1462.2 0.0218978 9.32092 52.7341 0
1.41149 1116.65 0.00613497 29.8289 126.844 0
1.41149 1116.65 0.0129032 29.8289 126.844 0
1.41149 1116.65 0.0387097 29.8289 126.844 0
0.890259 500.656 0.0113636 3.27008 15.2178 1
2.46301 454.259 0.0416667 17.8482 32.7697 1
3.9919 527.642 0.16 12.2504 15.7475 1
1.57604 529.275 0.136842 7.30447 30.8627 1
3.12054 527.892 0.0642202 1.00191 19.9711 1
0.809246 529.068 0.0243902 13.1322 20.1054 1
11.9819 184.888 0.019802 4.92154 10.8407 0
1.90826 520.341 0.212121 11.6398 9.67647 1
0.83642 497.729 0.215054 15.2257 25.9751 1
11.944 194.587 0.186813 4.58852 11.252 0
4.16248 501.443 0.0545455 16.797 5.42389 0
7.78156 696.03 0.0336134 12.2085 5.82814 1
8.37605 706.743 0.0165289 0.205505 32.1511 1
7.47418 698.165 0.0397351 2.6655 23.7924 1
5.74454 291.863 0.0789474 3.17018 18.5538 1
4.77668 293.056 0.0246914 2.72205 9.93208 0
0.584064 294.244 0.2 5.91806 21.7723 1
3.25333 286.943 0.0567376 9.0106 13.3088 1
4.83924 293.855 0.0350877 2.96423 9.36551 0
4.83924 293.855 0.0235294 2.96423 9.36551 0
4.83924 293.855 0.0246914 2.96423 9.36551 0
4.83924 293.855 0.159091 2.96423 9.36551 0
3.79245 3.77439 0.178295 9.16982 2.98112 1
5.27226 13.1594 0.043956 15.0675 10.4651 0
7.36754 273.225 0.0264901 9.07744 7.3781 0
11.5561 74.7677 0.0786517 14.3793 21.7378 0
11.5561 74.7677 0.039604 14.3793 21.7378 0
11.5561 74.7677 0.213115 14.3793 21.7378 0
11.6958 1333.04 0.0113636 37.1583 143.812 0
13.3646 225.326 0.027027 18.1882 18.9404 1
0.139738 1258.27 0.0775862 22.779 122.074 0
11.3441 78.052 0.213115 14.0908 22.0382 0
0.139738 1258.27 0.0285714 22.779 122.074 0
0.139738 1258.27 0.0245902 22.779 122.074 0
0.139738 1258.27 0.114035 22.779 122.074 0
3.53215 269.067 0.0078125 13.9526 89.2172 0
11.3441 78.052 0.124088 14.0908 22.0382 0
0.441355 356.316 0.00757576 25.9051 127.517 0
0.139738 1258.27 0.032967 22.779 122.074 0
0.139738 1258.27 0.0285714 22.779 122.074 0
3.39241 1527.34 0.364706 36.7317 32.8571 1
0.158087 1253.84 0.037037 22.5804 121.896 0
0.158087 1253.84 0.0245902 22.5804 121.896 0
0.283268 1610.15 0.0283019 3.32475 5.62053 1
5.53497 1618.28 0.0390244 0.384476 26.3194 1
10.7852 1606.93 0.0141844 7.25386 29.8423 1
6.26221 1598.48 0.168421 0.0779572 28.7954 1
6.69878 1592.2 0.0104167 8.49156 30.5524 1
10.3567 1589.05 0.030303 8.98686 29.9249 1
5.3851 1579.15 0.00606061 0.25708 25.319 1
1.43814 1565.02 0.147287 4.54237 21.1086 1
6.1648 1550.47 0.0769231 12.7324 26.4722 1
0.697594 1471.34 0.0444444 56.9572 21.1518 1
1.12342 1529.29 0.122727 10.7052 14.5911 1
1.12191 1477.4 0.00431034 11.3453 1.27829 1
1.06671 987.563 0.17037 31.1484 130.097 0
1.06671 987.563 0.0129032 31.1484 130.097 0
0.599592 487.725 0.0338983 2.07349 119.298 0
4.23154 353.891 0.0227273 22.0654 75.5901 1
0.585129 499.642 0.00884956 2.14891 119.04 0
3.16152 510.78 0.182796 12.135 36.1821 1
1.73213 476.876 0.0183486 11.1701 33.5098 1
3.67978 533.231 0.0652174 12.4876 28.7616 1
3.23012 554.418 0.21519 14.0604 19.2344 1
1.19031 548.571 0.0470588 13.8557 31.0415 1
3.62 547.86 0.0239521 15.2672 0.937759 1
3.71482 504.832 0.0575916 19.4799 11.3004 1
0.763012 520.482 0.0686275 15.9459 47.4264 1
2.2434 511.667 0.0824742 2.60329 27.4838 1
0.0383987 518.987 0.0909091 10.64 8.79309 1
12.0489 164.104 0.186813 5.36307 13.6129 0
0.612507 673.205 0.04 7.131 0.229813 1
6.80321 2614.14 0.0666667 66.4005 91.937 1
2.42139 268.274 0.0479452 7.17332 1.96614 1
7.19282 265.934 0.159091 8.89934 7.04741 0
1.92056 279.094 0.115789 6.16819 17.5125 1
7.16818 268.031 0.139535 8.97847 6.82274 0
9.52884 282.377 0.111111 12.5931 6.87958 0
11.6674 286.24 0.0818182 14.7146 6.42232 0
7.16818 268.031 0.156028 8.97847 6.82274 0
7.16818 268.031 0.0927152 8.97847 6.82274 0
7.16818 268.031 0.0264901 8.97847 6.82274 0
7.16818 268.031 0.139535 8.97847 6.82274 0
7.16818 268.031 0.016129 8.97847 6.82274 0
7.16818 268.031 0.0147059 8.97847 6.82274 0
2.36067 14.3459 0.117284 3.61465 0.056839 1
0.528961 16.3717 0.0462428 1.00644 7.73441 0
7.9451 268.313 0.016129 10.1681 6.84145 0
8.47407 284.685 0.130081 9.16167 14.5759 1
0.256126 1137.53 0.02 22.5411 123.847 0
10.9461 1219.44 0.0113636 36.6544 146.406 0
0.256126 1137.53 0.114035 22.5411 123.847 0
10.9461 1219.44 0.23301 36.6544 146.406 0
3.39824 1466.19 0.0533333 73.5607 200.785 1
2.87737 1399.87 0.0212766 43.8383 46.7901 1
0.253014 1266.97 0.0078125 22.0414 122.873 0
10.9492 1348.89 0.0598291 36.1547 145.432 0
0.136192 1586.55 0.00980392 9.39717 7.12954 1
3.54659 1631.02 0.134228 12.5346 23.1636 1
12.7819 1622.25 0.25 2.64674 31.5952 1
9.09735 1608.4 0.0359281 0.957672 25.9224 1
11.2085 1605.96 0.25974 29.5719 26.2249 1
9.64966 1600.53 0.0688073 11.4557 29.821 1
3.80392 1588.55 0.0684932 1.48523 23.6657 1
2.95128 1581.12 0.0775862 26.6291 26.817 1
1.67338 1573.81 0.00581395 4.24937 20.4565 1
1.22902 1562.5 0.00552486 7.86836 16.9603 1
1.77585 1547.73 0.0197368 9.38438 11.9374 1
1.26099 1543.74 0.0255102 26.2125 20.6043 1
1.82177 1532.96 0.1 11.8335 15.8674 1
1.31195 1480.89 0.0368098 33.1746 12.0473 1
0.419861 957.39 0.0218978 30.3017 129.403 0
0.419861 957.39 0.0697674 30.3017 129.403 0
0.419861 957.39 0.114754 30.3017 129.403 0
2.62493 432.704 0.0294118 4.89127 26.7226 0
4.3246 542.935 0.0756303 22.7841 23.3933 1
5.10645 538.629 0.0107527 28.0719 11.979 1
3.79782 519.323 0.0483871 16.0086 20.3046 1
3.61835 531.12 0.219653 18.3724 9.01491 1
4.05472 449.364 0.0108696 10.2805 57.675 1
1.32833 535.946 0.192982 12.0475 62.8861 1
0.648439 544.461 0.0430108 13.6817 22.2243 1
12.3061 111.146 0.0545455 6.2496 15.6049 0
3.92073 658.905 0.0545455 9.30717 30.62 0
12.3061 111.146 0.189655 6.2496 15.6049 0
3.92073 658.905 0.0545455 9.30717 30.62 0
8.38539 547.759 0.0909091 15.5568 15.0151 1
0.761354 422.211 0.207792 6.60205 57.3195 1
12.1943 99.2532 0.258929 6.08878 16.3316 0
0.67108 584.9 0.0117647 22.8355 60.5714 0
1.48738 588.556 0.00806452 1.17595 49.4245 0
7.73916 550.266 0.2 2.24945 17.831 1
13.5917 686.28 0.0457516 4.93901 32.8854 0
15.6344 368.484 0.041958 20.373 2.98549 0
7.26649 286.221 0.148148 0.406464 20.1499 1
7.68539 268.48 0.043956 10.007 6.28392 0
7.68539 268.48 0.0147059 10.007 6.28392 0
7.68539 268.48 0.0241935 10.007 6.28392 0
7.87977 279.657 0.126316 3.29343 14.6928 0
3.93995 282.962 0.049505 5.08286 18.0127 1
7.62415 271.949 0.111111 10.086 6.00395 0
7.62415 271.949 0.0241935 10.086 6.00395 0
7.62415 271.949 0.068323 10.086 6.00395 0
0.194382 11.1767 0.14876 6.71355 8.40887 1
3.67655 29.8571 0.272727 6.12744 2.39928 1
0.980818 41.9226 0.026087 4.40991 1.51125 0
8.73241 246.602 0.0462428 10.2758 7.29074 0
8.73241 246.602 0.068323 10.2758 7.29074 0
10.4208 1214.91 0.0247934 36.5779 148.185 0
6.13374 271.133 0.237762 1.10201 22.5911 1
9.40505 71.9085 0.0258621 32.5435 39.6003 0
7.62664 296.686 0.031746 5.88835 8.34177 1
10.8757 69.1647 0.124088 14.1936 23.6292 0
10.2607 1207.75 0.23301 36.5732 148.684 0
10.2607 1207.75 0.0598291 36.5732 148.684 0
10.2607 1207.75 0.132653 36.5732 148.684 0
10.2607 1207.75 0.0683761 36.5732 148.684 0
10.2607 1207.75 0.0247934 36.5732 148.684 0
10.2607 1207.75 0.132653 36.5732 148.684 0
10.2607 1207.75 0.0326087 36.5732 148.684 0
0.890768 1134.84 0.307692 69.1438 188.245 1
3.02794 1312.18 0.0120482 59.2772 64.0958 1
0.606672 1213.6 0.00757576 22.0186 124.404 0
16.5588 1587.88 0.156134 14.866 28.3665 1
15.0855 1572.81 0.0271493 5.24626 29.7145 1
1.99225 1563.24 0.0378378 15.6557 16.8914 1
2.23782 1447.58 0.0104167 4.19629 0.580025 1
1.11767 1527.54 0.0790698 12.4497 9.61097 1
0.0643463 875.82 0.0697674 29.3156 126.947 0
1.57075 1417.64 0.0675676 7.66843 15.3283 1
2.51883 1386.42 0.0141844 25.2839 103.104 0
0.0590992 871.498 0.0338983 29.3413 126.895 0
0.0590992 871.498 0.00884956 29.3413 126.895 0
0.0590992 871.498 0.114754 29.3413 126.895 0
0.0590992 871.498 0.010989 29.3413 126.895 0
3.87084 624.999 0.0384615 3.17595 10.05 0
2.45973 514.919 0.0595238 4.05739 23.7917 0
4.04098 615.208 0.00892857 8.70947 9.52287 0
2.80735 621.414 0.232558 10.9987 33.5591 1
3.12984 600.945 0.0198676 7.04184 21.2113 0
4.18255 558.942 0.0487805 19.1697 0.621368 0
3.08979 622.636 0.0243902 4.28467 30.447 0
2.61793 585.417 0.00606061 4.15263 38.7565 0
1.731 619.208 0.00645161 6.83351 43.8258 0
4.18255 558.942 0.00632911 19.1697 0.621368 0
3.60938 625.95 0.029703 13.2917 19.3786 0
2.61793 585.417 0.0194175 4.15263 38.7565 0
2.61793 585.417 0.0309278 4.15263 38.7565 0
1.731 619.208 0.0344828 6.83351 43.8258 0
0.944336 625.447 0.0285714 14.2169 51.9091 0
2.12553 613.824 0.0225564 4.05916 49.9369 0
0.944336 625.447 0.0106383 14.2169 51.9091 0
0.622349 582.833 0.0337079 23.0264 59.9889 0
2.12553 613.824 0.0191083 4.05916 49.9369 0
12.153 99.7915 0.189655 6.30586 15.9566 0
2.12553 613.824 0.0314465 4.05916 49.9369 0
12.153 99.7915 0.258929 6.30586 15.9566 0
13.5917 686.28 0.00757576 4.93901 32.8854 0
3.86581 290.97 0.104478 6.04092 14.9011 1
3.55465 292.583 0.278912 1.67538 14.6322 1
1.87197 273.113 0.0994152 4.31277 0.349487 1
8.57393 250.754 0.126316 10.4229 6.71507 0
8.57393 250.754 0.163265 10.4229 6.71507 0
2.58445 36.2467 0.0338983 2.41467 3.35764 1
4.45779 49.235 0.0204082 7.69383 4.40225 0
9.25497 246.099 0.0818182 11.0592 5.83029 0
9.25497 246.099 0.0555556 11.0592 5.83029 0
9.94852 1207.08 0.0326087 36.5983 149.183 0
9.94852 1207.08 0.172414 36.5983 149.183 0
5.56212 253.141 0.149123 1.95193 12.685 1
9.88144 1206.61 0.00952381 36.6219 149.336 0
6.08512 271.283 0.0204082 40.1499 52.537 0
12.464 212.864 0.00840336 7.41809 124.684 0
9.88144 1206.61 0.0258621 36.6219 149.336 0
9.88144 1206.61 0.172414 36.6219 149.336 0
9.88144 1206.61 0.0689655 36.6219 149.336 0
3.79632 1477.89 0.15493 76.7718 201.873 1
9.86754 1342.07 0.0683761 36.3407 148.597 0
2.59642 1554.94 0.0689655 28.9226 23.9126 1
11.9721 1636.43 0.00699301 7.79425 27.0952 1
16.3684 1627.61 0.010929 8.06964 29.8512 0
14.0371 1621.77 0.0705882 50.9237 20.2631 1
16.3426 1625.11 0.0202429 7.97621 29.814 0
16.3426 1625.11 0.0180995 7.97621 29.814 0
9.33558 1606.89 0.0104712 8.29457 26.6057 0
8.99816 1609.09 0.0529412 17.3737 11.3621 0
1.48515 1623.93 0.011976 31.8309 20.7094 1
8.99022 1602.46 0.0503597 17.2036 11.4728 0
9.32764 1600.26 0.00462963 8.46468 26.7163 0
2.36269 1617.8 0.0588235 1.60986 13.2395 1
2.88982 1608.99 0.0653846 19.4783 17.0329 1
8.94412 1579.08 0.0153846 16.9781 11.7405 0
2.61078 1473.12 0.00684932 25.0997 102.94 0
4.57745 1536.69 0.00649351 40.3497 93.0905 0
3.16569 1585.73 0.00574713 23.2847 10.0752 1
0.179232 950.841 0.010989 29.1173 127.38 0
4.00134 1573.77 0.045977 32.4841 116.748 0
2.59023 1463.69 0.223881 25.2508 103.006 0
4.5569 1527.26 0.0666667 40.5008 93.1559 0
3.82211 622.931 0.0384615 3.36685 10.6326 0
4.00134 1573.77 0.045977 32.4841 116.748 0
1.41111 110.08 0.275 7.23334 13.7417 1
0.970589 8.88388 0.159091 10.1441 19.55 1
0.225695 105.422 0.101852 13.515 30.8553 1
1.28639 195.372 0.0530973 3.36929 10.0282 1
4.23013 473.941 0.0294118 1.0266 7.47476 0
4.40936 1424.78 0.0141844 28.0907 119.905 0
4.23013 473.941 0.0595238 1.0266 7.47476 0
4.40936 1424.78 0.00684932 28.0907 119.905 0
4.40936 1424.78 0.223881 28.0907 119.905 0
4.23013 473.941 0.0190476 1.0266 7.47476 0
0.0475807 85.0003 0.0113636 18.1431 6.85339 1
3.12984 600.945 0.0198676 7.04184 21.2113 0
3.12984 600.945 0.127389 7.04184 21.2113 0
0.0400524 21.6913 0.108108 2.75717 9.2357 1
1.10618 103.989 0.028169 1.68904 30.7994 1
3.9031 358.808 0.0628931 4.83347 2.64243 0
0.29373 267.142 0.241935 8.45822 16.7362 1
0.966002 226.693 0.0150376 8.81245 1.66605 1
0.353495 234.189 0.0201342 2.32353 44.7196 1
0.189367 325.475 0.00833333 2.35762 49.5779 1
0.0634956 417.164 0.0106952 2.78542 28.6154 1
3.86657 202.28 0.127389 7.20299 16.3025 0
3.86657 202.28 0.080292 7.20299 16.3025 0
3.86657 202.28 0.0687023 7.20299 16.3025 0
3.86657 202.28 0.245714 7.20299 16.3025 0
3.86657 202.28 0.0243902 7.20299 16.3025 0
3.86657 202.28 0.080292 7.20299 16.3025 0
1.24864 383.137 0.286822 3.05035 22.454 1
2.05254 422.175 0.0252101 13.8337 26.0302 1
0.658798 431.954 0.00813008 3.69221 39.2358 1
0.616735 465.663 0.00840336 12.6786 1.29935 1
0.226562 468.973 0.0526316 7.43333 9.7746 1
3.66514 176.165 0.00606061 7.13348 22.7321 0
3.66514 176.165 0.0194175 7.13348 22.7321 0
3.66514 176.165 0.0309278 7.13348 22.7321 0
0.547476 445.525 0.017341 2.86766 22.243 1
3.62306 184.251 0.00645161 7.35394 24.442 0
3.62306 184.251 0.0344828 7.35394 24.442 0
2.67872 441.196 0.193548 21.5708 27.4671 1
1.40219 454.94 0.0128205 10.6454 24.5174 1
0.54777 472.054 0.0204082 0.05896 28.4594 1
3.38777 136.64 0.0285714 5.89021 29.5546 0
3.38777 136.64 0.0106383 5.89021 29.5546 0
2.76542 446.193 0.028169 28.9166 30.4343 1
3.32365 112.876 0.0117647 5.21973 30.2603 0
3.32365 112.876 0.0337079 5.21973 30.2603 0
1.31555 511.306 0.152672 3.06483 16.925 1
1.81437 463.048 0.0380952 6.42204 17.6731 1
0.378845 499.651 0.00628931 4.39946 8.61555 1
0.0918694 468.629 0.0363636 8.77899 2.68767 1
0.955006 443.646 0.0125786 10.3661 3.72198 1
3.10443 186.185 0.00806452 5.39064 33.4177 0
15.2574 285.976 0.0457516 11.6965 17.4611 0
15.2574 285.976 0.00757576 11.6965 17.4611 0
0.377012 82.5076 0.149254 8.67647 14.4756 1
1.37847 434.523 0.0216216 14.1196 6.49075 1
15.3483 297.483 0.041958 12.8117 16.5477 0
0.88233 429.611 0.134146 106.677 164.345 1
1.99475 535.85 0.0364583 18.8408 16.8929 1
1.57457 1147.56 0.261905 29.9989 44.9729 1
4.24097 286.411 0.318584 2.34207 26.1454 1
1.79002 88.105 0.0708661 0.953674 9.62282 1
9.28508 250.807 0.163265 11.0716 6.24554 0
4.82729 300.042 0.153846 3.37776 10.6478 1
1.99184 287.158 0.0612245 2.72649 4.12334 1
9.25214 248.152 0.0803571 11.0558 6.12688 0
9.25214 248.152 0.0806452 11.0558 6.12688 0
3.1235 53.1875 0.230216 8.58809 3.27087 1
0.546211 37.3823 0.0431034 6.19919 1.95248 0
10.008 238.381 0.026087 13.134 5.33533 0
10.008 238.381 0.0555556 13.134 5.33533 0
10.008 238.381 0.0803571 13.134 5.33533 0
9.46181 200.999 0.0714286 6.93486 3.38284 1
9.83056 1283.23 0.0689655 36.5298 148.805 0
9.83056 1283.23 0.047619 36.5298 148.805 0
9.83056 1283.23 0.153061 36.5298 148.805 0
9.83056 1283.23 0.0336134 36.5298 148.805 0
14.3604 128.965 0.0186916 3.96786 105.482 0
9.83056 1283.23 0.00952381 36.5298 148.805 0
9.83056 1283.23 0.047619 36.5298 148.805 0
4.52987 1412.2 0.0612245 40.4977 43.323 1
5.78787 1578.55 0.184932 11.3528 22.0051 1
11.318 1573.17 0.0208333 41.2013 23.123 1
14.7222 1574.98 0.0046729 1.10443 29.9802 0
16.3705 1574.36 0.0138889 8.25935 29.38 0
17.3634 1574.41 0.013986 18.8733 28.225 0
16.3705 1574.36 0.0416667 8.25935 29.38 0
17.3634 1574.41 0.0252101 18.8733 28.225 0
14.7222 1574.98 0.0858369 1.10443 29.9802 0
16.3705 1574.36 0.010929 8.25935 29.38 0
16.3705 1574.36 0.0202429 8.25935 29.38 0
16.3705 1574.36 0.0180995 8.25935 29.38 0
16.3705 1574.36 0.0138889 8.25935 29.38 0
16.3705 1574.36 0.0416667 8.25935 29.38 0
0.992931 0.0509989 0.44 10.6139 1.15499 1
22.4675 7.16536 0.102564 37.8145 11.715 1
23.4793 11.1129 0.0248756 25.9598 39.5054 1
18.6664 84.8077 0.00529101 31.3503 21.8882 1
6.88821 107.506 0.0122449 1.17506 12.1161 1
0.722748 17.432 0.395522 21.6916 18.0752 1
9.52089 1495.62 0.00819672 14.976 32.3712 0
18.7237 15.86 0.0530973 14.8131 52.643 1
14.9859 283.28 0.140625 17.221 26.1519 1
4.50114 1288.56 0.0104712 0.254852 9.04671 0
4.50114 1288.56 0.00462963 0.254852 9.04671 0
4.50114 1288.56 0.0416667 0.254852 9.04671 0
4.50114 1288.56 0.00819672 0.254852 9.04671 0
7.27029 1543.64 0.0235294 4.41138 16.335 0
4.50114 1288.56 0.0229885 0.254852 9.04671 0
7.27029 1543.64 0.039823 4.41138 16.335 0
4.50114 1288.56 0.0347826 0.254852 9.04671 0
5.04302 1515.83 0.242424 46.6145 60.7113 0
3.61748 903.156 0.0133333 19.3463 156.141 0
7.38022 1510.71 0.0361446 11.4972 50.5295 0
5.04302 1515.83 0.242424 46.6145 60.7113 0
1.42554 612.677 0.0149254 27.2682 95.4298 1
3.63165 849.07 0.0114943 19.6175 155.192 0
4.32563 504.824 0.169811 4.11644 69.8088 1
3.64424 751.83 0.133333 8.02106 102.979 1
3.004 844.433 0.020202 0.246414 35.9468 1
3.85879 644.136 0.00649351 19.4028 151.229 0
3.85879 644.136 0.0666667 19.4028 151.229 0
3.85879 644.136 0.0133333 19.4028 151.229 0
3.63283 295.398 0.00892857 9.45087 23.8588 0
3.63283 295.398 0.0977444 9.45087 23.8588 0
1.13574 923.674 0.153846 1.31772 8.72696 1
0.616791 894.253 0.143713 1.08926 0.91539 1
0.226643 868.555 0.00740741 2.56798 13.8044 1
0.379644 851.688 0.0178571 2.99234 8.19054 1
3.70027 208.006 0.0190476 9.4527 24.0772 0
3.70027 208.006 0.0628931 9.4527 24.0772 0
3.70027 208.006 0.0977444 9.4527 24.0772 0
3.70027 208.006 0.0150376 9.4527 24.0772 0
3.70027 208.006 0.0217391 9.4527 24.0772 0
3.70027 208.006 0.00714286 9.4527 24.0772 0
3.70027 208.006 0.0526316 9.4527 24.0772 0
3.70027 208.006 0.0487805 9.4527 24.0772 0
3.70027 208.006 0.00632911 9.4527 24.0772 0
3.70027 208.006 0.0687023 9.4527 24.0772 0
3.70027 208.006 0.0150376 9.4527 24.0772 0
1.72285 756.766 0.15 16.2532 43.0271 1
3.72405 222.288 0.029703 9.67708 23.4832 0
3.72405 222.288 0.245714 9.67708 23.4832 0
1.26725 800.363 0.0111732 5.08107 11.8468 1
2.53331 740.605 0.00917431 15.7578 50.8202 1
3.81984 255.233 0.0225564 10.2124 21.8549 0
3.81984 255.233 0.0191083 10.2124 21.8549 0
3.81984 255.233 0.0314465 10.2124 21.8549 0
0.19644 883.321 0.0821256 6.86633 10.9774 1
1.22203 853.778 0.00740741 8.33691 5.69485 1
9.96429 237.453 0.0204082 13.102 5.3197 0
9.96429 237.453 0.0806452 13.102 5.3197 0
6.64833 287.392 0.136364 8.91522 4.01717 0
1.78377 268.849 0.03125 3.89955 8.74826 1
3.18966 292.555 0.0280374 2.25768 15.9147 1
9.94688 236.96 0.036036 13.1496 5.11215 0
3.31595 49.9384 0.0194175 4.18677 1.30254 1
1.55791 62.2795 0.27439 3.73795 3.11304 1
10.0294 247.162 0.0431034 13.5572 5.5731 0
10.0294 247.162 0.036036 13.5572 5.5731 0
9.76643 1272.42 0.0235294 36.3138 149.002 0
10.0294 247.162 0.0992908 13.5572 5.5731 0
6.06648 264.781 0.0465116 36.1031 51.5449 0
9.76643 1272.42 0.0638298 36.3138 149.002 0
6.47875 244.447 0.0947368 6.35238 16.864 1
13.7939 16.5604 0.0243902 21.2572 95.3817 0
9.71158 1270.93 0.0204082 36.3676 149.145 0
9.71158 1270.93 0.153061 36.3676 149.145 0
9.71158 1270.93 0.0235294 36.3676 149.145 0
3.69995 1537.2 0.0843373 72.417 200.547 1
9.69861 1397.92 0.0978261 36.1138 148.442 0
9.69861 1397.92 0.00840336 36.1138 148.442 0
9.69861 1397.92 0.0336134 36.1138 148.442 0
0.931406 1650.42 0.0689655 0.188995 3.17335 1
9.74084 1699.23 0.0194805 10.6151 27.5419 1
13.2872 1682.93 0.0239521 18.7825 27.359 1
4.23078 1385.6 0.0657895 0.322174 9.10857 0
4.23078 1385.6 0.0136054 0.322174 9.10857 0
4.23078 1385.6 0.013986 0.322174 9.10857 0
4.23078 1385.6 0.0252101 0.322174 9.10857 0
4.23078 1385.6 0.0657895 0.322174 9.10857 0
5.87927 283.311 0.0864198 8.47552 11.6395 1
11.8741 271.456 0.0298507 5.26021 3.86535 1
3.46239 1407.85 0.0529412 0.149323 9.48626 0
3.46239 1407.85 0.0503597 0.149323 9.48626 0
3.46239 1407.85 0.0153846 0.149323 9.48626 0
3.46239 1407.85 0.0272109 0.149323 9.48626 0
12.8495 259.882 0.0258621 16.5624 16.5328 1
12.3276 248.714 0.00833333 11.0354 25.2359 1
1.70051 1418.78 0.0416667 2.04044 6.48573 0
1.70051 1418.78 0.0272109 2.04044 6.48573 0
1.70051 1418.78 0.0123457 2.04044 6.48573 0
4.34236 816.369 0.0114943 17.7554 149.523 0
7.54065 1640.68 0.0416667 4.9884 16.2732 0
4.34236 816.369 0.0769231 17.7554 149.523 0
7.54065 1640.68 0.0235294 4.9884 16.2732 0
7.54065 1640.68 0.039823 4.9884 16.2732 0
7.54065 1640.68 0.0416667 4.9884 16.2732 0
3.1983 824.311 0.00613497 22.7438 133.249 1
6.14505 990.731 0.164773 19.0692 151.751 1
6.34495 3948.04 0.123967 17.2201 81.4015 1
4.57462 3926.52 0.0681818 59.4241 103.864 1
5.45326 3970.46 0.0422535 2.82858 33.0724 1
3.77781 3858.11 0.05625 10.9868 63.669 1
2.54124 3893.69 0.0248447 11.9019 39.6657 1
2.80129 3276.7 0.0217391 15.87 17.024 0
1.19176 3905.01 0.0652174 7.26251 59.401 1
1.04593 3889.91 0.00606061 11.2715 63.1474 1
1.3882 3871.79 0.0104167 9.73035 63.5738 1
2.84527 3235.23 0.00714286 15.5355 14.7957 0
0.345526 3866.7 0.0137931 10.0034 62.268 1
0.290884 3855.9 0.0378378 9.34386 66.4379 1
0.0199604 3844.2 0.00952381 11.9753 67.2242 1
3.52349 3748.97 0.0078125 8.76521 14.9912 1
0.729763 3755.42 0.015625 4.8586 50.2128 1
4.08812 3618.02 0.0413223 12.155 35.3678 1
3.7984 3176.09 0.0460526 4.49226 6.42778 1
2.7657 3661.69 0.0630631 11.6317 23.3307 1
2.80909 3642.27 0.0297619 6.14966 30.533 1
3.10121 3566.97 0.0391061 11.6521 21.0833 1
1.62585 3472.72 0.0707547 3.64539 41.6571 1
0.053957 2245.7 0.0170455 4.00375 45.2965 1
4.4176 278.445 0.190476 2.3587 32.1449 1
4.3517 256.619 0.0145985 0.898315 12.2632 1
10.1266 258.467 0.136364 13.5865 6.19566 0
10.1266 258.467 0.164835 13.5865 6.19566 0
0.42347 43.5899 0.0847458 0.337952 5.21805 1
10.086 259.537 0.0992908 13.6189 6.69667 0
2.02035 34.8802 0.172619 6.40944 3.30043 1
9.59331 1358.16 0.0465116 35.7661 148.318 0
0.832161 1622.45 0.0176991 21.0701 155.569 0
9.59331 1358.16 0.290323 35.7661 148.318 0
4.35271 1384.53 0.0375 57.0478 53.7017 1
3.14725 1227.11 0.0357143 52.6232 128.314 1
9.60844 1370.55 0.0186916 35.5581 148.055 0
9.60844 1370.55 0.0638298 35.5581 148.055 0
9.60844 1370.55 0.039604 35.5581 148.055 0
2.10923 1668.03 0.0416667 13.0219 19.2314 1
3.68789 1786.8 0.077381 12.4953 119.535 0
7.22126 1676.4 0.0416667 26.378 24.8307 1
12.5478 1670.52 0.0133333 7.9751 29.8137 0
9.11361 1670.05 0.205882 10.9973 28.3066 0
3.72092 1792.66 0.0046729 12.3746 119.649 0
3.72092 1792.66 0.0858369 12.3746 119.649 0
3.72092 1792.66 0.0136054 12.3746 119.649 0
3.72092 1792.66 0.077381 12.3746 119.649 0
3.72092 1792.66 0.0045045 12.3746 119.649 0
3.72092 1792.66 0.306383 12.3746 119.649 0
12.8345 3462.71 0.104167 1.3773 147.955 1
16.0406 3653.78 0.00719424 4.375 146.832 1
6.57409 3827.9 0.0243902 10.6943 85.6119 1
5.5075 3848.19 0.010101 13.1284 112.825 1
6.34268 3878.91 0.0863309 3.41795 96.6116 1
7.83479 3914.02 0.0485437 4.43365 61.4952 1
1.45573 3867.43 0.0410959 44.6738 121.79 1
3.45088 2268.08 0.0229885 11.9162 110.989 0
3.45088 2268.08 0.0347826 11.9162 110.989 0
3.45088 2268.08 0.0123457 11.9162 110.989 0
7.85775 3923.89 0.00787402 16.5591 63.4341 1
6.35501 3886.08 0.0571429 19.0378 75.8994 1
3.57249 2278.6 0.0361446 11.6032 109.76 0
3.57249 2278.6 0.0769231 11.6032 109.76 0
1.20225 3908.14 0.00729927 18.64 86.5552 1
6.02066 3750.34 0.0638298 3.80544 16.0608 1
3.56674 3831.64 0.033557 0.0143585 68.7406 1
0.730701 3921.09 0.101523 11.3882 69.2965 1
0.422596 3915.24 0.00558659 11.7344 72.5262 1
3.18488 3287.32 0.0526316 15.7571 12.7218 0
0.297689 3917.78 0.0120482 14.0763 74.3285 1
4.90579 3863.01 0.00840336 10.9364 66.7874 1
2.2919 3665.51 0.0222222 0.21286 38.0119 1
0.325184 3793.99 0.0485437 7.43423 63.7033 1
3.52929 3812.31 0.039604 5.22179 19.2636 1
3.81104 3745.06 0.0147059 3.82538 15.8394 1
3.97385 3622.57 0.00606061 10.1107 7.75528 1
5.26421 3260.26 0.0243902 53.9487 80.2451 1
1.07369 296.935 0.0206186 2.68074 10.2889 1
10.437 262.417 0.164835 14.7248 7.14095 0
3.17378 304.865 0.201835 5.5594 21.9575 1
10.3932 267.639 0.0510949 14.8014 6.83824 0
9.35694 311.664 0.0294118 12.3686 21.799 0
0.862051 1621.01 0.0176991 20.8154 155.529 0
10.3932 267.639 0.0163934 14.8014 6.83824 0
1.30832 27.9273 0.105882 1.924 13.2637 1
2.6273 108.536 0.0707965 51.7222 39.6004 0
9.53119 1353.37 0.0978261 35.6168 148.691 0
9.53119 1353.37 0.290323 35.6168 148.691 0
9.53119 1353.37 0.039604 35.6168 148.691 0
10.5624 263.242 0.0163934 15.0501 8.55278 0
9.53119 1353.37 0.0449438 35.6168 148.691 0
10.5624 263.242 0.0827068 15.0501 8.55278 0
9.53119 1353.37 0.0153846 35.6168 148.691 0
9.53119 1353.37 0.0243902 35.6168 148.691 0
9.53119 1353.37 0.0449438 35.6168 148.691 0
5.4627 1520.08 0.223529 42.4183 44.7806 1
1.61839 1507.48 0.0375 72.116 196.662 1
0.876299 1749.97 0.0133333 15.9758 7.12635 1
3.87939 2033.25 0.0045045 11.5168 114.386 0
3.87939 2033.25 0.0784314 11.5168 114.386 0
3.87939 2033.25 0.0625 11.5168 114.386 0
5.39903 1785 0.0722892 9.84056 24.361 1
9.14027 1778.66 0.102679 11.8005 28.081 1
2.78217 1754.65 0.0121951 5.4429 17.0396 0
4.02254 2056.13 0.0930233 11.4196 114.866 0
4.02254 2056.13 0.0625 11.4196 114.866 0
2.78217 1754.65 0.121212 5.4429 17.0396 0
4.02254 2056.13 0.306383 11.4196 114.866 0
4.02254 2056.13 0.156118 11.4196 114.866 0
1.24036 3810.78 0.112245 5.97672 131.906 1
6.80123 3843.92 0.141935 5.05351 77.6314 1
6.98573 3854.4 0.0658683 9.22598 52.9809 1
0.157593 3107.06 0.012987 82.4739 30.905 1
8.91606 3844.2 0.0543478 2.274 33.5308 1
8.49069 3788.59 0.0124224 12.2402 41.789 1
9.37838 3808.23 0.135338 1.78421 9.88892 1
7.3054 3786.35 0.0636364 12.3531 54.7203 1
9.06633 3683.55 0.366516 10.5787 23.6626 1
3.37073 3282.9 0.0208333 63.6624 79.9778 1
6.29187 3572.66 0.021164 23.7161 49.1495 1
0.140862 3767.71 0.258503 13.02 76.6638 1
5.88868 3314.39 0.00769231 17.0516 4.86792 1
1.26661 3563.11 0.0292398 11.7733 70.1201 1
0.68553 3744.38 0.0268817 16.351 81.6099 1
0.745224 3757 0.0133333 12.415 75.5985 1
1.18255 3768.69 0.0352941 16.098 80.4364 1
0.945505 3769.23 0.00507614 18.6205 82.6552 1
1.2466 3792.13 0.102041 19.6724 85.6297 1
1.47519 3792.51 0.0558376 16.9917 73.2328 1
0.951639 3773.25 0.0104712 18.9768 79.1474 1
3.05102 3803.71 0.00943396 55.9349 102.925 1
2.1011 3860.61 0.0188679 22.909 83.599 1
5.56764 3873.32 0.03125 2.12842 41.6027 1
4.07159 3634.81 0.0232558 15.0831 50.072 1
2.49688 3653.63 0.0449438 3.46777 9.10486 1
0.542131 3618.24 0.0133333 11.3155 54.7521 1
1.81827 305.558 0.104 2.0746 2.52348 1
6.02983 309.226 0.166667 2.76251 19.5138 1
9.33012 309.206 0.158879 12.319 21.6691 0
7.56679 309.942 0.210526 7.51979 18.07 1
10.4574 260.64 0.0510949 14.9228 8.23618 0
10.4574 260.64 0.0827068 14.9228 8.23618 0
1.20542 48.4218 0.0620155 2.68155 13.2462 1
1.10692 1702.16 0.00806452 20.1891 157.39 0
9.30187 1448.35 0.0153846 35.0038 148.62 0
3.93637 1603.85 0.0322581 55.8216 72.7948 1
4.58217 1668.71 0.0860215 10.9393 21.7881 1
4.74591 2084.88 0.0133333 12.0135 116.736 0
4.74591 2084.88 0.0784314 12.0135 116.736 0
4.74591 2084.88 0.0930233 12.0135 116.736 0
4.74591 2084.88 0.036036 12.0135 116.736 0
11.0909 3849.6 0.171946 10.6063 145.342 1
4.61399 2200.48 0.205882 11.8873 115.008 0
4.61399 2200.48 0.0625 11.8873 115.008 0
4.61399 2200.48 0.0625 11.8873 115.008 0
4.61399 2200.48 0.156118 11.8873 115.008 0
5.91772 3945.15 0.0480769 12.7324 82.7343 1
1.03331 3961.72 0.102804 4.48109 121.835 1
7.46144 3984.09 0.0261438 17.0076 60.434 1
8.49199 3953.79 0.204545 6.75552 16.959 1
8.09991 3894.68 0.00819672 5.36317 23.4936 1
