4.25855 0.852122 0.120968 1
5.99099 6.21531 0.192308 1
1.80068 10.1404 0.096 1
6.23898 9.50318 0.111111 1
4.73951 12.4301 0.146667 1
7.65717 12.5991 0.247788 1
5.42765 18.3824 0.0714286 1
9.51983 17.998 0.182609 1
13.6303 21.8016 0.0869565 1
8.78161 31.5389 0.173228 1
15.8838 32.2971 0.170732 1
11.5521 42.1576 0.10084 1
19.0223 42.7553 0.0530303 1
14.2518 52.369 0.236111 1
19.2855 53.8674 0.275591 1
14.5215 60.5757 0.180451 1
19.8156 61.0553 0.0307692 1
20.0472 65.0187 0.135593 1
21.5218 68.6998 0.366197 1
19.8134 72.9793 0.0601504 1
21.4793 74.2146 0.00892857 1
19.3997 79.2102 0.0460526 1
18.1951 80.0197 0.134921 1
19.9657 80.2201 0.266667 1
18.1419 80.8736 0.0316456 1
14.7667 81.0195 0.121951 1
15.6057 81.1192 0.129032 1
13.0495 80.289 0.189394 1
13.7549 80.3471 0.0576923 1
13.8885 79.2596 0.172185 1
13.6569 78.6755 0.0479452 1
15.9966 73.5813 0.195402 1
14.9645 75.0595 0.0364583 1
18.7638 58.0851 0.182292 0
18.074 64.8932 0.0277778 0
27.6064 14.125 0.145299 1
21.4197 19.9166 0.030303 1
15.1012 86.9411 0.00952381 1
20.9278 25.9671 0.182292 0
20.9278 25.9671 0.0190476 0
2.0448 91.1211 0.10119 1
49.9574 32.1615 0.207407 1
21.6295 112.904 0.0381679 1
29.1002 137.361 0.0670103 1
7.57693 146.142 0.208861 1
15.9349 130.242 0.00442478 1
20.3222 118.245 0.00645161 1
34.2181 159.155 0.00884956 0
71.0984 5.47235 0.405714 1
42.8423 246.753 0.0292398 1
32.0087 302.58 0.0150376 0
32.0087 302.58 0.0402299 0
71.6641 315.306 0.0228311 0
13.8466 234.436 0.183824 1
66.533 133.926 0.12 1
48.2256 326.224 0.115702 1
78.8463 405.853 0.00714286 0
72.1031 402.103 0.027907 0
76.7427 406.592 0.00444444 0
19.6748 199.512 0.184783 1
67.2275 394.573 0.0272109 0
77.6631 410.38 0.00662252 0
80.3417 293.345 0.146667 1
76.5609 424.437 0.0520833 0
45.8581 361.543 0.0672269 1
66.3277 427.794 0.00653595 0
76.7623 443.601 0.044586 0
86.9319 447.803 0.035461 0
74.0445 438.622 0.0118343 0
86.9319 447.803 0.00847458 0
67.2155 427.135 0.015873 0
74.0445 438.622 0.0520833 0
74.0445 438.622 0.0118343 0
74.0445 438.622 0.0140845 0
3.34228 4.97901 0.0956175 1
11.2576 9.4739 0.497872 1
46.0874 11.4643 0.035503 1
8.8298 32.7488 0.176955 1
18.4306 55.3412 0.0877193 1
77.6957 378.632 0.0140845 0
32.2505 397.879 0.359375 1
75.8822 374.946 0.00617284 0
75.8822 374.946 0.0705882 0
75.8822 374.946 0.0322581 0
58.3875 432.749 0.00537634 0
87.572 440.186 0.0330578 1
70.7371 440.25 0.00699301 0
53.243 498.052 0.0862069 0
44.7693 503.736 0.042735 0
63.05 507.504 0.0980392 0
88.6564 508.102 0.258278 1
48.2572 529.565 0.0949721 0
39.7892 535.249 0.0409836 0
58.0652 539.018 0.0980392 0
58.0652 539.018 0.0611354 0
37.1602 2.22867 0.00406504 0
9.89828 9.45227 0.171206 1
13.7334 14.8333 0.115 1
5.0172 4.45354 0.376 1
50.1767 504.484 0.0611354 0
94.905 541.246 0.279793 0
72.1954 537.576 0.03125 0
89.4477 543.939 0.00512821 0
44.9909 36.7627 0.00406504 0
94.905 541.246 0.279793 0
12.2082 3.61024 0.0849057 1
16.7282 13.2688 0.0734463 0
1.08146 19.6315 0.245283 0
0.944368 17.0977 0.253456 0
16.7282 13.2688 0.00558659 0
1.08146 19.6315 0.350467 0
8.0663 21.7591 0.0740741 0
14.6407 2.4383 0.0121951 1
20.6682 10.1542 0.0238095 0
3.23475 16.5169 0.204969 0
4.18464 18.6444 0.368098 1
37.4409 10.2492 0.0367647 1
3.0081 43.8212 0.253456 0
25.1159 37.2384 0.106509 1
6.7772 84.3261 0.0184332 0
9.60042 86.0577 0.0206612 1
2.77034 61.3777 0.0982143 1
7.13191 57.797 0.0114286 1
11.3338 68.1624 0.231034 1
4.70666 50.6859 0.0884956 1
78.2316 39.4591 0.0486111 1
48.9973 124.243 0.0251572 1
48.088 190.931 0.0497238 1
49.9179 208.148 0.0315789 1
79.7194 193.759 0.163793 1
46.6948 240.449 0.102326 1
41.578 228.039 0.0901639 1
17.1637 240.291 0.170732 1
25.7281 221.939 0.284519 1
26.0955 207.798 0.0862069 1
23.0893 74.2682 0.08 1
20.7599 75.6351 0.0211268 1
15.0922 77.8658 0.0298507 1
9.98599 77.7139 0.347561 1
8.19911 77.9915 0.0827068 1
6.7923 77.3367 0.0471698 1
7.37584 76.5381 0.20155 1
9.88701 76.5952 0.0588235 1
11.3985 75.4948 0.188811 1
17.1438 75.3744 0.104575 1
18.202 75.9196 0.229412 1
18.8974 76.6419 0.124088 1
17.5074 77.7514 0.09375 1
12.9118 78.6555 0.00588235 1
12.0394 77.7141 0.0273973 1
14.4574 77.0402 0.0980392 1
39.0429 476.244 0.0190476 0
39.0429 476.244 0.030303 0
16.9648 74.6981 0.188482 0
39.0429 476.244 0.0277778 0
39.0429 476.244 0.030303 0
27.1404 550.942 0.156069 1
37.3903 528.258 0.08125 1
13.1666 533.333 0.0425532 1
9.26932 510.721 0.0792683 1
21.403 484.884 0.261364 0
50.6861 501.317 0.00492611 0
21.403 484.884 0.0142857 0
21.403 484.884 0.00884956 0
21.403 484.884 0.0150376 0
21.403 484.884 0.0402299 0
21.403 484.884 0.261364 0
21.403 484.884 0.0142857 0
21.403 484.884 0.100962 0
40.1097 12.7259 0.0338983 1
11.2565 98.1107 0.0392157 1
2.21433 83.058 0.0440252 1
50.3687 423.801 0.100962 0
50.3687 423.801 0.0228311 0
50.3687 423.801 0.027907 0
15.0005 78.2961 0.193966 1
72.948 10.1413 0.0551181 1
34.5292 101.079 0.0364963 1
52.8156 388.194 0.00444444 0
52.8156 388.194 0.0047619 0
4.26115 97.3574 0.342222 1
153.928 29.1402 0.017341 1
45.0713 188.462 0.0047619 0
45.0713 188.462 0.160622 0
68.2635 436.389 0.0253807 0
45.0713 188.462 0.0272109 0
45.0713 188.462 0.00653595 0
45.0713 188.462 0.160622 0
23.2161 247.928 0.363208 1
95.6579 220.758 0.0268456 1
164.755 313.752 0.0136054 1
47.9898 44.228 0.00714286 0
47.9898 44.228 0.00662252 0
47.9898 44.228 0.044586 0
47.9898 44.228 0.0253807 0
47.9898 44.228 0.035461 0
47.9898 44.228 0.00847458 0
47.9898 44.228 0.00617284 0
115.448 265.306 0.00729927 1
61.8082 467.285 0.0113636 1
43.0382 35.8884 0.015873 0
43.0382 35.8884 0.0705882 0
10.2831 504.998 0.0833333 1
119.451 404.721 0.00735294 1
20.0514 485.514 0.0136986 1
35.5033 501.803 0.0649351 1
43.5272 15.4894 0.0322581 0
43.5272 15.4894 0.00699301 0
43.5272 15.4894 0.00537634 0
43.5272 15.4894 0.0862069 0
43.5272 15.4894 0.0949721 0
43.5272 15.4894 0.042735 0
43.5272 15.4894 0.0409836 0
31.4634 517.691 0.0220994 1
20.9502 517.585 0.200935 1
11.6088 486.721 0.015625 1
45.4976 1.71594 0.03125 0
45.8304 487.217 0.0734463 0
45.8304 487.217 0.00558659 0
16.4983 259.162 0.0238095 0
46.6373 506.849 0.0782123 1
15.0996 267.044 0.0194805 0
38.1026 444.957 0.0441176 1
4.04814 499.903 0.015748 0
46.7667 11.0091 0.00512821 0
44.5518 499.942 0.245283 0
44.5518 499.942 0.350467 0
15.5484 271.887 0.204969 0
15.5484 271.887 0.0184332 0
15.5484 271.887 0.087963 0
15.5484 271.887 0.021164 0
4.04814 499.903 0.00617284 0
35.5744 228.056 0.0740741 0
15.5484 271.887 0.087963 0
19.0961 228.016 0.0182927 1
16.5045 244.086 0.00462963 1
15.3918 275.155 0.0194805 0
15.3918 275.155 0.021164 0
23.0649 240.86 0.0327103 1
10.0425 222.821 0.0769231 1
51.9967 232.478 0.4 1
45.1988 241.455 0.272727 1
18.4795 247.412 0.247826 1
44.0834 229.969 0.0379147 1
10.4085 235.421 0.112903 1
34.3805 221.728 0.348276 1
25.039 74.8233 0.169118 1
19.008 77.5564 0.0246914 1
13.2618 79.179 0.222222 1
10.9394 79.4923 0.0895522 1
7.64569 79.2031 0.162791 1
7.26058 78.9256 0.263736 1
7.9316 77.8213 0.120968 1
12.2146 77.2969 0.0178571 1
13.4117 77.5004 0.135338 1
16.8103 77.7903 0.163121 1
19.4138 78.3083 0.0310078 1
19.1548 79.216 0.0129032 1
15.7552 79.7035 0.0986842 1
13.4062 80.6057 0.21519 1
12.2818 80.4123 0.0860927 1
36.6594 437.758 0.0413793 0
13.3504 79.2867 0.134454 1
15.8909 73.5951 0.0864198 1
36.3005 438.883 0.188482 0
36.3005 438.883 0.0413793 0
36.3005 438.883 0.125683 0
28.0197 510.765 0.141975 1
11.1871 485.376 0.00763359 0
11.1871 485.376 0.151786 0
11.1871 485.376 0.0125786 0
24.5969 489.108 0.00694444 0
12.6106 517.85 0.0327869 1
5.48641 512.556 0.124444 1
24.5496 490.099 0.0075188 1
141.116 365.368 0.00740741 1
4.22735 554.284 0.0202703 1
44.5857 48.7292 0.00492611 0
163.981 503.502 0.0540541 1
159.64 561.983 0.0125 1
30.1249 614.79 0.318584 1
91.7126 553.809 0.0684932 1
23.5627 636.424 0.0131579 1
34.2806 618.853 0.00641026 1
29.2914 595.535 0.0368421 1
7.49171 594.017 0.0215827 1
12.7267 604.137 0.0138889 1
22.5245 603.709 0.057554 1
81.5781 510.646 0.134146 1
136.189 520.856 0.0206897 1
44.8692 527.76 0.0108696 1
69.4196 517.069 0.00995025 1
26.4596 400.812 0.0289855 0
146.173 605.552 0.0648148 1
43.1659 654.622 0.015 0
27.4343 408.484 0.0672269 0
43.1659 654.622 0.0441989 0
27.4343 408.484 0.015748 0
27.4343 408.484 0.00617284 0
27.4343 408.484 0.0289855 0
27.4343 408.484 0.0672269 0
27.4343 408.484 0.0529801 0
17.6649 246.138 0.0581395 1
34.5142 245.724 0.19 1
71.1765 216.776 0.0126582 1
21.9976 253.835 0.025974 1
35.4413 258.124 0.00746269 1
32.0283 245.407 0.043956 1
23.1079 257.505 0.132231 1
43.3733 246.629 0.00806452 1
17.441 245.737 0.026616 1
6.76315 233.378 0.0758123 1
20.0456 78.6644 0.0328947 1
16.9067 78.9486 0.128 1
12.7206 79.8449 0.136 1
8.50682 79.7208 0.0833333 1
7.76614 79.8039 0.161765 1
7.82174 78.6313 0.183333 1
9.69998 77.9569 0.123188 1
14.9235 77.7702 0.0592593 1
18.087 78.3991 0.374046 1
17.0842 79.3551 0.0326087 1
18.9848 78.3788 0.088 1
17.3225 79.0541 0.246753 1
14.2046 78.9292 0.105634 1
12.708 79.3223 0.217949 1
14.494 72.9033 0.0178571 1
36.0438 434.223 0.125683 0
36.0438 434.223 0.26257 0
21.576 66.3786 0.0949367 0
40.7246 42.8381 0.00641026 0
36.0438 434.223 0.26257 0
11.1871 485.376 0.0214286 0
36.0438 434.223 0.0113636 0
17.1649 500.601 0.328467 1
11.3568 481.489 0.00763359 0
11.3568 481.489 0.151786 0
11.3568 481.489 0.0125786 0
11.3568 481.489 0.0214286 0
21.7937 638.02 0.0804598 1
28.2749 153.217 0.117647 0
19.6186 626.391 0.111111 1
27.3661 635.624 0.00641026 1
28.6651 144.193 0.00584795 0
135.124 565.181 0.0188679 1
81.8489 598.977 0.00735294 1
26.3849 167.826 0.00694444 0
17.8255 665.198 0.00613497 1
25.9239 660.202 0.0120482 1
30.3601 646.107 0.0322581 1
29.5748 654.405 0.189542 1
32.0171 643.951 0.0526316 1
14.255 647.832 0.178404 1
26.8127 642.252 0.0277778 1
11.8382 646.539 0.243986 1
22.7729 627.671 0.357143 1
21.9677 612.537 0.028169 1
29.3814 594.276 0.146597 1
30.1657 580.288 0.10084 1
60.9545 559.382 0.0833333 1
27.6715 391.804 0.0529801 0
27.6715 391.804 0.00469484 0
20.6175 556.166 0.0207254 1
41.7589 604.343 0.0375 0
27.384 388.933 0.015 0
27.384 388.933 0.0441989 0
27.384 388.933 0.00469484 0
16.8545 215.411 0.241379 1
27.6425 237.358 0.25 1
24.8543 242.613 0.0463918 1
48.955 239.405 0.0701754 1
34.6332 247.785 0.0980392 1
14.6791 244.735 0.0782123 1
11.0329 244.261 0.00847458 1
34.8393 237.395 0.0441176 1
7.70856 241.638 0.216216 1
32.1652 233.024 0.106464 1
21.544 78.4791 0.338308 1
24.0224 77.0162 0.141892 1
20.424 79.4143 0.143617 1
14.6455 80.6338 0.114754 1
9.79743 80.8279 0.150376 1
9.20628 80.5957 0.072 1
7.18862 80.4128 0.020979 1
8.79687 79.8547 0.121622 1
11.4851 79.2857 0.11875 1
14.02 79.4746 0.112782 1
17.487 79.2189 0.016 1
19.3773 78.8949 0.203008 1
20.3641 81.0601 0.278146 1
18.9731 82.4822 0.0202703 1
15.2672 82.774 0.0512821 1
13.1885 82.1831 0.117284 1
14.6192 79.8505 0.0585106 1
36.0801 426.444 0.0113636 0
58.4096 565.404 0.0326797 0
36.0801 426.444 0.0949367 0
25.2461 138.961 0.117647 0
25.2461 138.961 0.00584795 0
58.4096 565.404 0.00641026 0
58.4096 565.404 0.0326797 0
146.185 616.85 0.00813008 1
56.6215 580.015 0.0180723 0
29.3681 636.415 0.0666667 1
10.8477 642.876 0.380952 1
106.195 582.269 0.0447761 1
51.3367 581.169 0.045045 1
29.1241 647.417 0.0238095 1
36.5086 641.713 0.015625 1
23.7251 622.373 0.0826446 1
16.7979 648.926 0.0947867 1
19.2365 651.715 0.0632911 1
16.3587 645.565 0.168269 1
15.4152 631.528 0.0402299 1
12.4327 621.017 0.0114943 1
17.7234 629.432 0.0552486 1
7.10681 611.4 0.00332226 1
20.7507 574.124 0.0705882 1
8.84821 583.209 0.364055 1
44.6277 551.431 0.014218 1
28.7402 374.397 0.00414938 0
79.2646 561.476 0.0194805 1
112.878 572.05 0.0220588 1
41.4889 589.141 0.0366492 0
30.1971 393.106 0.0375 0
30.1971 393.106 0.00414938 0
13.976 196.035 0.361345 1
37.1066 245.369 0.00371747 1
18.9141 229.674 0.0699301 1
71.3799 217.243 0.469388 1
39.5782 250.385 0.04 1
21.5542 252.839 0.00847458 1
36.6805 247.145 0.0816327 1
15.7938 249.954 0.0310881 1
21.4993 245.432 0.0223214 1
10.3489 217.066 0.0223214 1
15.2291 197.782 0.0894942 1
46.4121 174.301 0.0944206 1
20.8192 81.7193 0.0425532 1
17.308 82.9555 0.0851064 1
13.3745 83.1182 0.0578512 1
11.4314 83.3534 0.0583942 1
8.21548 83.1933 0.138889 1
7.61707 82.9081 0.130435 1
9.87446 82.5054 0.353333 1
13.1066 81.8042 0.2 1
16.2427 81.786 0.253846 1
19.3767 81.9316 0.30137 1
20.5917 82.8309 0.00729927 1
21.4266 83.355 0.0581395 1
17.4394 85.6573 0.0198676 1
14.0854 79.7892 0.0909091 1
22.7729 64.4354 0.00854701 0
39.584 61.6519 0.0189873 0
55.4081 560.615 0.0180723 0
22.7729 64.4354 0.075188 0
39.584 61.6519 0.0114943 0
17.2103 622.267 0.013986 1
116.522 583.97 0.0336134 1
23.8599 633.731 0.0116959 1
34.0977 627.455 0.0694444 1
140.878 622.556 0.192661 1
12.3283 648.828 0.0425532 1
22.4527 636.968 0.0118343 1
12.3676 643.832 0.0175439 1
13.2784 635.92 0.0078125 1
13.654 638.78 0.0744681 1
14.2016 638.194 0.0413793 1
19.166 616.956 0.0362319 1
15.709 630.166 0.261224 1
17.5479 619.754 0.29386 1
33.6391 599.936 0.0785714 1
19.2217 609.165 0.246862 1
33.651 603.213 0.00813008 1
62.7249 601.308 0.0320856 1
11.3393 597.241 0.146825 1
8.50314 579.946 0.00398406 1
48.6832 596.59 0.0788177 1
35.5371 566.177 0.0243902 1
50.0907 571.634 0.0232558 1
26.8064 536.957 0.028436 1
27.5535 360.429 0.0264901 0
22.6845 588.344 0.03125 0
27.5535 360.429 0.0150376 0
27.5535 360.429 0.0366492 0
27.5535 360.429 0.0264901 0
27.5535 360.429 0.0150376 0
27.5535 360.429 0.0484848 0
27.5535 360.429 0.151961 0
43.5175 227.915 0.00507614 1
23.7258 262.065 0.0540541 1
12.9287 256.806 0.0338983 1
25.8657 258.492 0.0724638 1
24.9887 251.102 0.0373832 1
11.2257 236.593 0.0431373 1
5.10778 243.434 0.00588235 1
22.7088 216.293 0.0226415 1
83.9201 176.482 0.0113636 1
151.123 204.176 0.00454545 1
21.9037 84.2896 0.102564 1
18.834 86.4499 0.102941 1
15.9599 87.0684 0.0977444 1
10.3745 87.931 0.0151515 1
8.88435 87.2649 0.0078125 1
7.50411 87.2774 0.188525 1
8.30644 85.3353 0.048 1
10.9444 85.2961 0.0792683 1
15.0413 85.4207 0.171429 1
17.6058 86.1212 0.0810811 1
22.4828 80.9546 0.00529101 1
20.6763 88.2426 0.214724 1
19.0077 85.0945 0.0839161 1
16.0669 86.6116 0.110465 1
55.2375 532.101 0.0892857 0
55.2375 532.101 0.0653595 0
55.2375 532.101 0.00854701 0
55.2375 532.101 0.075188 0
55.2375 532.101 0.0892857 0
55.2375 532.101 0.0230769 0
33.5914 591.364 0.104478 1
143.602 613.8 0.0444444 1
54.5025 537.869 0.0189873 0
54.5025 537.869 0.0114943 0
54.5025 537.869 0.0653595 0
54.5025 537.869 0.00584795 0
15.4062 610.864 0.0137931 1
12.9212 607.59 0.00543478 1
34.2442 568.623 0.0412371 1
27.8446 608.846 0.136364 1
12.7507 601.981 0.00540541 1
12.7465 599.453 0.00398406 1
19.1262 600.209 0.117904 1
16.2975 575.422 0.016129 1
14.7663 598.361 0.0175439 1
22.9048 597.067 0.0444444 1
21.4312 582.756 0.0585586 1
11.5007 595.528 0.133562 1
33.1856 583.906 0.0638298 1
11.8386 576.099 0.0211268 1
24.1227 566.625 0.0479452 1
4.70133 573.934 0.00657895 1
41.214 567.757 0.0225989 1
21.638 579.427 0.0410256 1
22.701 200.51 0.0484848 0
22.701 200.51 0.0402299 0
58.9293 575.502 0.231405 1
70.4398 585.669 0.0447761 1
16.4322 572.985 0.07 0
22.0847 203.555 0.151961 0
22.0847 203.555 0.03125 0
22.0847 203.555 0.0402299 0
22.0847 203.555 0.0457516 0
7.50012 369.43 0.128788 1
23.7325 382.022 0.508 1
11.0356 373.37 0.00555556 1
16.972 382.765 0.0559006 1
32.1576 375.326 0.121951 1
11.8686 375.239 0.00689655 1
17.673 355.24 0.0751634 1
4.6277 354.068 0.0821918 1
44.6758 322.966 0.0174419 1
92.7575 322.992 0.0401606 1
28.5324 279.051 0.106145 1
21.5858 90.943 0.153846 1
18.0596 91.202 0.0915493 1
15.1245 90.5116 0.00724638 1
12.3543 90.6282 0.0649351 1
7.68712 90.8861 0.204918 1
7.85232 89.2771 0.120301 1
9.86287 87.1289 0.0652174 1
12.4136 83.9964 0.235577 1
16.3033 66.9629 0.0344828 1
20.1678 85.6633 0.241026 1
25.9434 82.5151 0.497143 1
24.3334 47.0666 0.0070922 0
24.3334 47.0666 0.0175439 0
27.7861 64.2953 0.0530303 0
56.0915 503.451 0.0230769 0
56.0915 503.451 0.00584795 0
27.7861 64.2953 0.0310559 0
52.4502 56.8605 0.0121212 0
32.2178 567.747 0.0102041 1
14.6582 560.117 0.176471 1
119.374 541.709 0.0322581 1
24.4618 586.05 0.025974 1
65.6869 562.44 0.216867 1
17.9898 548.972 0.035461 1
19.6783 584.536 0.148472 1
18.311 588.984 0.0681818 1
15.5331 592.138 0.181347 1
22.3234 577.083 0.0377358 1
11.38 578.078 0.0578778 1
26.7242 564.18 0.0288462 1
10.3665 574.736 0.00505051 1
17.8731 563.016 0.114286 1
17.0309 562.515 0.0833333 1
13.732 554.326 0.194805 1
11.3435 549.371 0.00332226 1
34.3816 484.608 0.0350877 1
51.1777 536.397 0.0165289 1
15.169 541.817 0.0322581 1
6.79659 560.988 0.0497238 1
24.4608 516.553 0.0300752 1
49.9132 532.987 0.0618557 1
20.5859 162.227 0.0457516 0
20.5859 162.227 0.126582 0
20.5859 162.227 0.035533 0
18.386 564.257 0.0125 0
20.5859 162.227 0.0326087 0
82.9782 568.466 0.459677 1
48.2844 548.881 0.0915493 1
19.3337 176.759 0.07 0
19.3337 176.759 0.126582 0
19.3337 176.759 0.0326087 0
19.3337 176.759 0.0277778 0
34.1044 402.03 0.0677966 1
28.2923 401.404 0.0328947 1
18.9501 177.89 0.035533 0
21.4512 395.13 0.0598007 1
21.4081 396.842 0.0136986 1
7.09156 383.294 0.0235294 1
30.6475 374.668 0.0909091 1
153.623 347.664 0.0163043 1
134.053 363.568 0.00671141 1
63.3356 380.003 0.025974 1
93.331 276.27 0.0324324 1
23.7428 93.8696 0.386861 1
20.1431 96.5972 0.189542 1
13.6457 93.5219 0.0797101 1
7.10847 89.5482 0.0559006 1
10.103 93.4081 0.00657895 1
6.37096 84.867 0.178862 1
10.257 70.7677 0.133333 1
59.9002 31.9435 0.141732 0
49.9585 74.8497 0.0506329 0
60.9552 75.7013 0.0444444 0
60.9552 75.7013 0.00645161 0
24.7242 47.127 0.169811 0
56.269 7.44489 0.00840336 0
26.3159 33.6688 0.00819672 0
100.538 65.6973 0.00917431 0
24.7242 47.127 0.0070922 0
24.7242 47.127 0.0175439 0
24.7242 47.127 0.169811 0
36.5083 54.5719 0.105882 1
42.4657 107.099 0.159091 1
79.9425 211.741 0.16 1
56.2905 496 0.0530303 0
56.2905 496 0.0310559 0
87.1089 219.208 0.00943396 1
122.533 542.631 0.14433 1
74.0618 555.691 0.0948276 1
9.96675 585.418 0.0242424 1
54.4919 513.661 0.0121212 0
5.9018 589.256 0.0379147 1
25.0688 589.354 0.05 1
9.89908 583.347 0.100962 1
6.23273 572.924 0.0214592 1
11.0409 579.504 0.109091 1
9.58911 561.262 0.00381679 1
17.9097 568.385 0.0179372 1
11.6393 575.61 0.0211268 1
12.4178 566.553 0.0700637 1
15.5615 571.573 0.0148148 1
10.6656 560.88 0.00628931 1
11.3113 528.928 0.0528455 1
7.79352 553.777 0.0410448 1
20.0734 540.521 0.0545455 1
14.3588 549.259 0.011811 1
26.1489 553.44 0.0140845 1
38.6063 554.04 0.0595238 1
5.66684 517.715 0.189189 1
75.048 509.994 0.0105263 1
41.4443 502.7 0.0131579 1
17.1293 529.114 0.129032 1
15.9184 75.1658 0.0277778 0
15.9184 75.1658 0.0642202 0
15.9184 75.1658 0.00990099 0
15.5518 555.965 0.0853659 0
15.9184 75.1658 0.0125 0
15.9184 75.1658 0.0642202 0
15.9184 75.1658 0.011236 0
7.19351 480.799 0.2 1
9.65486 480.931 0.0125786 1
15.8789 80.1528 0.00990099 0
6.63512 484.635 0.0687023 1
12.9666 472.376 0.0125786 1
53.5823 374.174 0.144828 1
74.6532 404.911 0.0792683 1
112.636 413.976 0.0296296 1
149.313 502.493 0.0410959 1
17.4738 454.736 0.0243902 1
142.631 460.972 0.0218341 1
21.1679 95.4401 0.141892 1
16.8068 95.9025 0.0428571 1
14.1374 95.2111 0.203008 1
36.0697 32.181 0.00990099 0
67.7371 49.9301 0.00925926 0
8.87062 91.5354 0.0608108 1
67.7661 49.7048 0.0243902 0
44.907 27.2611 0.0108696 0
60.3485 31.7619 0.0337079 0
44.907 27.2611 0.211111 0
63.0681 54.5328 0.0229885 0
32.2128 17.4961 0.064 0
60.3485 31.7619 0.141732 0
60.3485 31.7619 0.0337079 0
100.332 106.793 0.045045 1
47.2962 342.811 0.0454545 1
16.3136 299.02 0.0123457 1
87.2402 292.029 0.0384615 1
6.97452 374.811 0.275862 1
15.3029 368.762 0.0826446 1
25.9606 309.505 0.0506329 0
19.1136 367.244 0.24026 1
27.6481 287.426 0.0444444 0
27.6481 287.426 0.00645161 0
54.768 483.338 0.00840336 0
28.3014 195.912 0.146154 1
27.2556 528.867 0.0761905 1
20.1662 552.866 0.0294118 1
53.9465 484.529 0.00819672 0
31.3918 544.226 0.0322581 1
15.877 496.548 0.0252101 1
53.9669 483.502 0.00917431 0
25.7443 509.202 0.0608696 1
40.4103 538.932 0.00684932 1
10.5905 536.193 0.0223464 1
33.5641 531.696 0.0551724 1
34.2201 489.984 0.0272109 1
37.3595 542.133 0.0653595 1
11.2913 547.456 0.247312 1
35.0538 549.017 0.0218579 1
23.0689 528.531 0.035 1
30.86 533.296 0.0333333 1
43.1411 537.477 0.0179641 1
28.2043 541.349 0.0193237 1
27.366 537.613 0.0287081 1
48.3401 550.003 0.0106952 1
5.04674 548.301 0.232759 1
34.3386 537.791 0.00436681 1
17.0849 542.537 0.0882353 1
28.4067 551.086 0.0260223 1
52.0847 521.851 0.010989 1
9.87897 477.986 0.0138249 1
31.0386 475.967 0.0391061 1
10.2046 8.65509 0.011236 0
10.2046 8.65509 0.00694444 0
62.9776 541.428 0.0526316 1
10.1168 7.73767 0.0853659 0
10.1168 7.73767 0.00694444 0
10.1168 7.73767 0.0242424 0
16.7341 553.985 0.149038 1
11.7555 558.19 0.0119522 1
10.0702 1.57312 0.00478469 0
147.835 551.918 0.00888889 1
93.4233 523.456 0.0215827 1
129.927 522.547 0.0903226 1
30.8859 537.608 0.04 1
124.821 531.711 0.0333333 1
102.907 479.085 0.0418605 1
25.6115 437.269 0.197605 1
21.2924 95.6895 0.187135 1
17.9159 96.3825 0.134615 1
14.3024 95.819 0.0482759 1
17.3651 68.4995 0.0183486 0
36.463 32.3667 0.00990099 0
77.4214 17.7491 0.109091 1
12.3932 344.485 0.0153846 1
13.6603 524.225 0.274194 1
38.8971 540.793 0.148148 1
119.592 499.105 0.444444 1
58.8949 507.211 0.0322581 1
55.1512 474.743 0.00925926 0
55.1512 474.743 0.0243902 0
55.1512 474.743 0.029703 0
55.1512 474.743 0.0108696 0
55.1512 474.743 0.211111 0
55.1512 474.743 0.0229885 0
130.219 533.268 0.280374 1
141.749 565.892 0.0573248 1
54.0053 488.745 0.064 0
118.052 546.258 0.0129032 1
19.5563 515.242 0.0857143 1
9.47323 526.016 0.12987 1
86.3056 513.513 0.0315789 1
57.692 549.796 0.015625 1
137.938 561.809 0.075188 1
134.132 542.033 0.00877193 1
94.421 545.897 0.0215054 1
132.549 564.433 0.0747664 1
134.36 562.894 0.091954 1
92.7433 557.069 0.0958904 1
135.448 585.285 0.00840336 1
25.3491 553.754 0.040404 1
131.046 575.134 0.0272727 1
9.7495 572.228 0.0111111 1
49.3416 599.593 0.0319149 1
131.364 560.263 0.0149254 1
52.568 536.943 0.0846154 1
127.644 554.263 0.0232558 1
56.848 563.048 0.0152672 1
42.569 613.944 0.132911 1
8.65836 570.858 0.0413793 1
10.5314 592.862 0.0253165 1
47.4934 606.911 0.0873362 1
14.5321 563.45 0.0535714 1
43.8748 590.587 0.056338 1
60.9035 576.565 0.0981308 1
46.7262 561.076 0.0259067 1
30.0594 547.967 0.06 1
11.5373 8.54333 0.0242424 0
11.5373 8.54333 0.00478469 0
11.5373 8.54333 0.0541872 0
11.5373 8.54333 0.0541872 0
11.5373 8.54333 0.00966184 0
11.5373 8.54333 0.0164609 0
11.5373 8.54333 0.0034965 0
80.9747 556.519 0.0273438 1
49.3764 565.654 0.0158103 1
122.398 569.946 0.127119 1
66.174 570.728 0.131387 1
77.7887 599.608 0.00657895 1
38.6305 585.837 0.039604 0
55.6564 621.726 0.0857143 1
38.765 585.95 0.258278 0
38.765 585.95 0.229814 0
31.3462 627.911 0.0060241 0
22.0567 95.7943 0.307692 1
18.1484 96.9176 0.125 1
12.6718 93.5901 0.20979 1
7.99544 91.7389 0.0839161 1
49.8971 536.166 0.00869565 0
46.3706 612.078 0.0795455 0
49.8971 536.166 0.0183486 0
49.8971 536.166 0.029703 0
49.8971 536.166 0.186916 0
46.3706 612.078 0.0375 0
46.3706 612.078 0.016129 0
46.3706 612.078 0.125 0
57.5526 624.52 0.0598291 0
57.5526 624.52 0.0135135 0
106.518 601.096 0.181818 1
74.1737 580.984 0.04 1
61.133 622.723 0.0273224 0
131.446 603.459 0.0078125 1
60.8269 625.057 0.00699301 0
135.922 631.943 0.346341 1
113.809 598.146 0.125 1
117.608 569.865 0.195122 1
28.8548 592.367 0.0247934 1
11.9159 628.016 0.0235294 1
34.0891 629.251 0.0141844 1
54.4225 538.816 0.0172414 1
23.9337 621.73 0.015748 1
62.5892 611.547 0.0135135 1
30.3566 625.011 0.025 1
45.9461 631.014 0.0225564 1
20.3224 586.037 0.163934 1
37.9603 636.2 0.0277778 1
133.475 639.108 0.1 1
79.8415 566.017 0.076087 1
78.991 583.306 0.0138889 1
34.2492 628.943 0.00657895 1
55.4874 622.41 0.0617284 1
28.1096 624.374 0.0267857 1
3.94043 610.035 0.0666667 1
106.476 593.727 0.0357143 1
12.8015 609.427 0.112245 1
40.4214 604.586 0.115942 1
80.6278 614.006 0.0294118 1
72.9922 598.162 0.155963 1
7.1081 596.924 0.0620155 1
123.269 610.213 0.0254237 1
13.1617 1.3869 0.00966184 0
14.2835 557.816 0.0645161 1
94.1894 566.334 0.0169492 1
13.9023 539.198 0.0197368 1
13.332 0.228577 0.0164609 0
13.332 0.228577 0.0034965 0
13.332 0.228577 0.273743 0
133.782 614.39 0.0308642 0
34.5895 586.135 0.00617284 0
13.332 0.228577 0.0205479 0
133.782 614.39 0.0155039 0
133.782 614.39 0.00628931 0
133.782 614.39 0.162162 0
34.5895 586.135 0.0135135 0
116.486 548.826 0.14557 0
33.3855 594.657 0.1625 0
46.5166 611.03 0.017094 0
38.765 585.95 0.0392157 0
116.486 548.826 0.0924855 0
33.3855 594.657 0.12 0
46.5166 611.03 0.00757576 0
38.765 585.95 0.039604 0
38.765 585.95 0.258278 0
38.765 585.95 0.229814 0
38.765 585.95 0.0392157 0
38.765 585.95 0.0322581 0
5.75352 8.70747 0.0410959 0
85.0238 25.0799 0.0194175 1
21.6338 246.051 0.0797546 1
28.4153 269.652 0.00790514 1
9.64832 418.788 0.0322581 0
9.64832 418.788 0.174242 0
9.64832 418.788 0.018018 0
31.3462 627.911 0.0060241 0
21.8112 209.123 0.201117 1
19.9253 96.7852 0.371951 1
15.4968 96.333 0.152542 1
8.48153 94.0553 0.108108 1
4.53396 75.8918 0.015748 1
12.7182 96.6684 0.0559441 1
9.85018 96.1098 0.0536913 1
46.5114 570.283 0.00869565 0
46.5114 570.283 0.186916 0
8.07637 96.7442 0.00724638 1
7.97061 87.9015 0.04 1
6.74742 93.6341 0.197368 1
46.6352 571.007 0.0795455 0
46.6352 571.007 0.0375 0
46.6352 571.007 0.016129 0
46.6352 571.007 0.125 0
46.6352 571.007 0.0598291 0
46.6352 571.007 0.0135135 0
16.1514 80.1544 0.0839161 1
9.94116 94.6412 0.0384615 1
17.1265 76.2156 0.0416667 0
46.7409 570.778 0.0273224 0
46.7409 570.778 0.00699301 0
46.7409 570.778 0.0172414 0
17.1265 76.2156 0.17284 0
17.8474 56.4189 0.141509 1
46.7487 570.512 0.0172414 0
43.216 646.994 0.188406 1
38.7418 602.508 0.0588235 1
46.671 570.761 0.0408163 0
46.671 570.761 0.0178571 0
58.6057 654.12 0.0107527 0
71.265 619.624 0.192547 1
58.52 655.176 0.050505 0
130.162 658.105 0.385321 1
111.757 586.026 0.00934579 1
8.20616 634.493 0.103774 1
40.1484 649.585 0.0141844 1
31.5019 650.65 0.0442478 1
30.8343 602.764 0.111111 1
35.2346 659.021 0.154867 1
49.2248 658.179 0.135593 1
41.0245 653.445 0.012766 1
24.4806 652.645 0.448649 1
54.4169 630.274 0.361386 1
40.4602 645.202 0.121849 1
23.7618 645.924 0.00985222 1
44.7364 649.371 0.0119048 1
58.163 648.287 0.12766 1
40.1976 658.258 0.126316 1
27.1007 651.087 0.00847458 1
37.1778 653.624 0.341176 1
46.9708 630.022 0.0163265 1
68.6122 624.204 0.0108108 1
36.8843 638.721 0.0636943 1
56.0048 650.27 0.0346821 1
30.2908 615.277 0.0591716 1
124.615 655.328 0.0205128 1
63.6323 592.977 0.138889 1
10.6231 591.581 0.0648148 1
14.872 545.007 0.00724638 1
34.4338 617.874 0.0322581 1
7.81697 553.156 0.0674157 1
66.3165 537.121 0.0357143 1
16.5532 13.9097 0.273743 0
16.5532 13.9097 0.0205479 0
49.5462 600.045 0.0434783 1
10.7998 592.623 0.00552486 1
133.782 614.39 0.0308642 0
133.782 614.39 0.0155039 0
133.782 614.39 0.00628931 0
133.782 614.39 0.162162 0
118.565 627.41 0.0416667 1
100.949 564.698 0.201299 1
18.4581 613.603 0.0192308 1
42.625 596.675 0.0689655 1
16.9241 18.1369 0.00617284 0
16.9241 18.1369 0.0135135 0
16.9241 18.1369 0.14557 0
16.9241 18.1369 0.0924855 0
31.0171 450.184 0.00813008 0
11.7463 658.325 0.10303 0
16.9241 18.1369 0.1625 0
16.9241 18.1369 0.12 0
31.0171 450.184 0.0410959 0
31.0171 450.184 0.12 0
11.7463 658.325 0.125749 0
20.887 653.565 0.146667 0
32.9821 660.69 0.00438596 0
14.9683 432.047 0.017094 0
14.9683 432.047 0.00757576 0
31.0171 450.184 0.00813008 0
31.0171 450.184 0.12 0
31.0171 450.184 0.0526316 0
20.7935 208.141 0.0322581 1
7.88214 209.056 0.252336 1
5.15624 209.737 0.0972973 1
12.8486 451.563 0.174242 0
12.8486 451.563 0.018018 0
21.4122 140.784 0.32 1
24.1869 91.9371 0.219858 1
16.5272 95.7388 0.0121212 1
12.9805 96.3612 0.0353982 1
10.7246 96.4412 0.027972 1
6.6543 96.1231 0.208633 1
7.46467 95.3793 0.0827586 1
12.3892 95.3558 0.275641 1
13.7499 90.3134 0.162791 1
45.0916 589.258 0.0416667 0
45.0916 589.258 0.17284 0
45.0916 589.258 0.0677966 0
45.0916 589.258 0.00892857 0
45.0916 589.258 0.0408163 0
45.0916 589.258 0.0178571 0
45.0916 589.258 0.0677966 0
45.0916 589.258 0.0108696 0
26.4417 82.978 0.00980392 1
17.5323 94.3178 0.0793651 1
34.0798 76.6467 0.265625 1
24.2897 95.1235 0.0490798 1
45.2283 584.784 0.0108696 0
45.2283 584.784 0.0107527 0
45.2283 584.784 0.050505 0
45.2283 584.784 0.0947368 0
45.2283 584.784 0.00769231 0
24.896 96.5472 0.0787402 1
46.7333 52.9772 0.0104167 0
45.2504 584.015 0.0947368 0
45.2504 584.015 0.0175439 0
45.2504 584.015 0.00641026 0
45.2504 584.015 0.00769231 0
62.2229 636.993 0.245283 1
31.5985 629.88 0.0540541 1
123.255 662.525 0.00632911 1
17.4767 664.883 0.0130719 1
34.4864 658.262 0.0266667 1
22.2976 673.764 0.0474138 1
7.58987 659.312 0.0218579 1
26.8431 661.973 0.0884956 1
44.0798 660.957 0.0339806 1
14.7925 648.518 0.0111732 1
30.905 628.68 0.0344828 1
32.3955 663.823 0.0585366 1
29.4373 659.772 0.0414938 1
22.8589 655.069 0.0220588 1
64.1686 641.975 0.00552486 1
28.5844 613.651 0.105263 1
53.663 647.366 0.0432692 1
13.3219 627.175 0.0194175 1
99.7596 623.538 0.0225989 1
54.1344 629.416 0.00377358 1
39.6155 606.113 0.0212766 1
18.34 604.027 0.00471698 1
121.912 660.73 0.0168067 1
95.367 613.972 0.0518519 1
124.212 683.851 0.012987 1
116.033 652.995 0.0148148 1
54.256 580.507 0.145251 1
107.282 603.939 0.0254777 1
64.9094 660.674 0.0131004 0
24.0857 640.051 0.0162162 1
74.9566 648.41 0.021164 1
35.1086 475.046 0.0526316 0
35.1086 475.046 0.0897436 0
7.84476 664.29 0.0143885 0
35.1086 475.046 0.10303 0
35.1086 475.046 0.125749 0
35.1086 475.046 0.0897436 0
35.1086 475.046 0.0113636 0
35.1086 475.046 0.0388889 0
41.2671 189.244 0.395973 1
6.57123 211.236 0.131429 1
13.6743 206.768 0.016 1
35.1037 473.85 0.146667 0
35.1037 473.85 0.00438596 0
48.7756 193.896 0.037037 1
19.5834 100.342 0.0859375 1
17.5423 101.607 0.0952381 1
13.6165 100.832 0.0178571 1
8.96636 101.439 0.268657 1
6.90484 100.509 0.159236 1
8.31267 100.635 0.0441176 1
10.0892 100.526 0.00943396 1
14.3186 100.274 0.197368 1
44.2272 596.714 0.00892857 0
19.8374 99.6417 0.00578035 1
21.2529 100.348 0.0124224 1
22.8452 98.7951 0.026178 1
44.3683 595.856 0.0175439 0
44.3683 595.856 0.00641026 0
25.0941 99.9726 0.153488 1
44.3973 595.101 0.0291262 0
23.8026 96.1444 0.201299 1
44.3839 594.746 0.0104167 0
44.3839 594.746 0.0291262 0
44.3839 594.746 0.0813008 0
44.3839 594.746 0.0859375 0
34.3553 679.723 0.0131579 1
70.3127 637.219 0.0740741 1
44.3085 595.512 0.0171429 0
57.6334 652.101 0.03125 1
30.8616 657.311 0.0322581 1
23.5981 669.381 0.120879 1
22.7871 676.511 0.0528053 1
35.2538 676.922 0.00413223 1
31.0118 678.925 0.00591716 1
51.965 665.571 0.00625 1
40.1809 674.999 0.00456621 1
50.734 672.259 0.0507614 1
41.3357 670.149 0.204633 1
31.5483 672.448 0.0204918 1
41.9361 657.193 0.0139535 1
29.7246 659.492 0.0437158 1
42.2515 639.391 0.333333 1
69.7352 650.094 0.0769231 1
96.66 636.847 0.0172414 1
22.7357 583.402 0.240964 1
57.4774 619.308 0.092 1
69.1451 643.402 0.217742 1
42.9489 661.436 0.03125 1
117.461 656.192 0.0614035 1
67.4504 665.157 0.00492611 0
65.8736 586.536 0.120603 1
7.23851 580.308 0.369231 1
77.4513 671.278 0.0285714 0
49.9778 687.094 0.010101 0
67.6535 666.301 0.0502793 0
77.4513 671.278 0.0596026 0
51.5321 671.345 0.0177515 0
67.6535 666.301 0.0131004 0
67.6535 666.301 0.00492611 0
67.6535 666.301 0.0502793 0
67.6535 666.301 0.0452261 0
67.6535 666.301 0.0344828 0
9.81275 4.977 0.320652 1
23.4344 33.1695 0.101449 1
13.7046 42.2445 0.544554 1
19.609 34.9857 0.00813008 1
41.3883 451.049 0.0113636 0
56.4369 600.777 0.0452261 0
41.3883 451.049 0.00628931 0
56.4369 600.777 0.142857 0
56.4369 600.777 0.171674 0
41.3883 451.049 0.0388889 0
56.4369 600.777 0.0344828 0
41.3883 451.049 0.0245399 0
56.4369 600.777 0.11399 0
56.4369 600.777 0.28692 0
41.3883 451.049 0.0143885 0
41.3883 451.049 0.00628931 0
41.3883 451.049 0.0245399 0
16.1549 149.728 0.00970874 0
34.5947 208.375 0.143646 1
18.4243 158.841 0.00431034 0
39.8475 237.299 0.00595238 1
17.5605 214.161 0.0246914 1
20.1517 100.003 0.0621469 1
15.892 102.982 0.228188 1
13.0409 102.89 0.03 1
8.29925 102.618 0.0241935 1
7.44844 102.553 0.215385 1
7.36411 102.512 0.212121 1
11.0136 102.003 0.0892857 1
15.7974 101.899 0.184 1
18.4871 100.951 0.133758 1
22.4812 101.174 0.0437158 1
24.0823 101.61 0.0136986 1
25.1876 102.158 0.0265957 1
23.5243 102.42 0.0818713 1
43.9103 599.125 0.0813008 0
43.9103 599.125 0.0859375 0
43.9103 599.125 0.0171429 0
43.9103 599.125 0.0245902 0
20.5955 101.177 0.267016 1
21.1647 100.639 0.00540541 1
43.8461 599.065 0.0245902 0
43.8461 599.065 0.136691 0
43.8461 599.065 0.165414 0
13.2593 664.525 0.0485437 1
97.2528 668.78 0.12987 1
43.7829 599.748 0.00694444 0
9.24026 667.495 0.0152672 1
38.495 673.896 0.230769 1
27.2123 670.666 0.175 1
16.1318 675.732 0.149321 1
35.3514 676.841 0.229167 1
29.3521 679.612 0.0314961 1
17.5491 678.614 0.00436681 1
27.3082 645.359 0.117647 1
31.6107 674.772 0.00606061 1
15.8081 667.199 0.084507 1
54.0903 646.212 0.0111732 1
20.3186 672.543 0.0047619 1
23.731 649.176 0.0153061 1
12.1798 652.847 0.0149254 1
28.3616 642.965 0.00436681 1
42.1306 656.759 0.01 1
16.5535 602.293 0.00641026 1
18.9691 647.904 0.0136054 1
28.885 632.2 0.019802 1
104.429 586.706 0.0143541 1
8.60244 554.096 0.0598802 1
64.0432 636.585 0.0764706 0
39.6371 678.792 0.00537634 0
57.7438 595.306 0.0568182 0
57.7438 595.306 0.0100503 0
64.0432 636.585 0.0903614 0
39.6371 678.792 0.00549451 0
57.7438 595.306 0.0285714 0
57.7438 595.306 0.0596026 0
57.7438 595.306 0.0568182 0
6.53746 41.2789 0.226027 1
20.8319 86.5491 0.00617284 1
56.1828 588.323 0.010101 0
56.1828 588.323 0.0100503 0
18.4166 73.845 0.29108 1
14.3955 66.5411 0.0186335 1
54.3243 575.994 0.0177515 0
54.3243 575.994 0.142857 0
54.3243 575.994 0.11399 0
54.3243 575.994 0.171674 0
54.3243 575.994 0.28692 0
9.82582 144.841 0.00970874 0
9.82582 144.841 0.00431034 0
9.82582 144.841 0.0352941 0
80.1367 62.701 0.0777778 1
141.864 81.3849 0.00518135 1
8.21843 337.195 0.148649 1
56.4792 211.996 0.136612 0
54.7088 317.27 0.0277778 1
10.2339 379.393 0.0352113 0
5.53593 147.611 0.0352941 0
5.53593 147.611 0.136612 0
5.53593 147.611 0.28934 0
8.25299 231.782 0.0529101 1
5.56415 151.395 0.0126582 0
41.2301 151.431 0.182857 1
22.5487 102.556 0.424837 1
16.7134 104.512 0.00833333 1
14.9203 104.582 0.0530303 1
11.3646 104.081 0.239669 1
6.4787 103.921 0.0472441 1
6.35664 103.505 0.0550459 1
8.27442 103.735 0.186567 1
12.1617 102.057 0.255172 1
15.6159 102.703 0.0363636 1
19.734 103.049 0.033557 1
21.8332 102.724 0.0718232 1
23.4528 103.075 0.0428571 1
22.3799 103.898 0.173653 1
43.8734 593.411 0.136691 0
43.8734 593.411 0.00694444 0
43.8734 593.411 0.00684932 0
19.4637 102.823 0.189055 1
18.1133 102.853 0.00492611 1
43.7953 593.471 0.165414 0
43.7953 593.471 0.00714286 0
26.48 69.5252 0.0714286 1
101.066 83.4994 0.0172414 0
116.911 676.859 0.0763889 1
21.4135 656.312 0.0168539 1
43.6158 593.797 0.00684932 0
43.6158 593.797 0.00714286 0
114.782 666.246 0.00840336 1
18.8561 664.602 0.0122951 1
26.5703 654.05 0.0127796 1
39.4431 669.832 0.00568182 1
28.783 670.526 0.00395257 1
43.7977 665.466 0.378261 1
21.4099 659.355 0.190283 1
39.9167 671.402 0.00338983 1
20.4188 663.062 0.0181818 1
34.8545 654.275 0.0261438 1
7.44296 646.78 0.0909091 1
58.7854 647.226 0.0808824 1
47.6417 633.518 0.00584795 1
43.6706 620.072 0.206349 1
45.3612 637.802 0.0106383 1
18.0211 629.325 0.0083682 1
71.6779 653.73 0.0254777 1
4.81031 637.996 0.0213904 1
56.2819 618.575 0.0869565 1
41.838 280.251 0.0102564 0
25.4168 598.282 0.142857 0
25.4168 598.282 0.0779221 0
41.838 280.251 0.0764706 0
41.838 280.251 0.0903614 0
41.838 280.251 0.0102564 0
17.6582 318.031 0.138686 1
20.5417 398.277 0.012987 1
39.7753 286.32 0.00537634 0
39.7753 286.32 0.00549451 0
26.4383 390.323 0.0484582 1
14.5502 378.856 0.122995 1
5.93703 278.671 0.130252 1
52.5547 331.586 0.00813008 1
30.0915 362.115 0.025641 0
9.76289 116.541 0.28934 0
9.76289 116.541 0.0126582 0
9.76289 116.541 0.0961538 0
30.0915 362.115 0.113514 0
8.0214 316.949 0.0130719 0
9.76289 116.541 0.0352113 0
9.76289 116.541 0.0961538 0
20.5683 245.574 0.288136 1
4.95805 198.318 0.103448 1
38.0911 229.426 0.0592593 1
87.0994 139.142 0.0070922 1
22.0093 103.512 0.0462963 1
18.9213 104.051 0.20339 1
13.7459 104.684 0.135714 1
9.78057 104.718 0.104 1
7.43817 104.327 0.255474 1
6.03057 104.184 0.16 1
6.09782 104.261 0.172131 1
9.55168 103.243 0.0606061 1
13.2407 103.598 0.056962 1
16.9016 103.503 0.186992 1
19.5982 103 0.0322581 1
20.794 103.662 0.193103 1
20.8281 103.903 0.00662252 1
17.6658 103.699 0.0206897 1
16.9428 102.117 0.308108 1
18.3187 99.6979 0.010929 1
43.6503 590.414 0.0847458 0
43.6503 590.414 0.0657895 0
43.6503 590.414 0.0901639 0
71.1241 18.5394 0.26506 0
43.6503 590.414 0.0172414 0
43.6503 590.414 0.0847458 0
81.6414 608.953 0.136752 1
43.6104 591.198 0.0657895 0
109.85 644.542 0.0179641 1
34.0677 642.771 0.29108 1
24.568 652.422 0.0264901 1
43.5259 591.47 0.0901639 0
114.98 672.784 0.0451128 1
36.4946 657.426 0.0645161 1
13.1093 629.19 0.0152672 1
41.2295 654.927 0.121622 1
21.2632 661.988 0.0582524 1
17.7393 666.684 0.0152284 1
27.7442 658.129 0.0153374 1
28.154 657.96 0.0730769 1
52.2046 653.013 0.0969388 1
44.0538 647.493 0.18239 1
81.3339 610.941 0.047619 1
34.0109 640.016 0.010101 1
13.2456 610.298 0.0292683 1
43.1575 594.643 0.00510204 1
44.749 639.954 0.0177515 1
18.4329 590.9 0.0925926 1
71.523 608.875 0.00561798 1
108.509 646.926 0.00571429 1
36.4215 300.269 0.0855263 0
39.8229 587.348 0.1 1
36.5326 300.418 0.142857 0
36.5326 300.418 0.0779221 0
36.5326 300.418 0.0855263 0
36.5326 300.418 0.0222222 0
36.5326 300.418 0.0443038 0
36.5326 300.418 0.102273 0
28.9475 374.025 0.0734463 1
35.0738 300.683 0.0103627 0
36.7497 378.342 0.0952381 1
25.873 373.358 0.0318725 1
13.9329 317.35 0.0963855 1
92.896 329.729 0.00645161 1
32.5702 338.756 0.12 1
15.0628 53.3163 0.0480349 0
15.0628 53.3163 0.025641 0
15.0628 53.3163 0.113514 0
15.0628 53.3163 0.0480349 0
15.0628 53.3163 0.0315789 0
86.836 238.374 0.0571429 1
101.576 291.175 0.00421941 1
7.76358 85.1016 0.0130719 0
7.76358 85.1016 0.00632911 0
7.76358 85.1016 0.0202703 0
22.3015 104.159 0.0285714 1
19.2198 103.66 0.0708661 1
15.355 103.927 0.0217391 1
12.1142 104.86 0.278912 1
6.2413 104.44 0.0697674 1
5.21973 103.701 0.088 1
7.26967 104.036 0.170732 1
11.0922 103.184 0.170213 1
14.6213 103.336 0.38983 1
17.5088 103.665 0.17037 1
19.9432 102.918 0.144654 1
21.1932 103.84 0.181818 1
19.1656 103.716 0.12987 1
16.6632 103.845 0.205882 1
16.0387 103.993 0.0208333 1
16.9303 101.023 0.020202 1
43.2164 592.231 0.008 0
27.525 65.571 0.0687023 0
43.2164 592.231 0.26506 0
43.2164 592.231 0.008 0
35.3729 657.802 0.0113636 0
2.72386 661.153 0.0140845 1
35.3714 657.592 0.278846 0
15.1465 665.539 0.0813008 0
65.9929 652.623 0.244186 1
27.6925 653.226 0.0121951 1
15.1665 665.06 0.0118343 0
96.0018 619.525 0.176471 1
111.023 657.981 0.027027 1
47.8441 648.44 0.0897436 1
13.0148 644.776 0.0167598 1
34.1192 667.692 0.0540541 1
24.0111 641.058 0.0226537 1
25.4315 646.64 0.123457 1
17.5862 603.081 0.204651 1
90.3967 609.841 0.0125 1
50.984 628.609 0.122271 1
60.3042 594.206 0.0285714 1
113.099 671.364 0.00440529 1
75.1063 545.362 0.00793651 1
84.1815 622.544 0.106145 1
110.283 669.044 0.117117 1
21.5214 580.406 0.0819672 1
31.2661 267.304 0.0222222 0
31.2661 267.304 0.0443038 0
31.2661 267.304 0.0101523 0
103.528 629.37 0.0235294 1
31.4871 268.697 0.102273 0
31.4871 268.697 0.0103627 0
31.4871 268.697 0.153488 0
32.1879 656.895 0.10929 1
31.433 268.412 0.0101523 0
31.433 268.412 0.153488 0
31.433 268.412 0.026455 0
31.433 268.412 0.146739 0
15.9393 410.556 0.118143 1
30.5642 280.487 0.0184049 0
30.5642 280.487 0.0253165 0
42.6947 355.301 0.00473934 1
123.233 365.599 0.015873 1
74.1094 438.733 0.0708661 1
56.7472 435.976 0.0176991 1
12.7377 13.2469 0.00806452 0
132.296 486.588 0.0909091 1
16.0227 62.4946 0.0315789 0
16.0227 62.4946 0.00632911 0
16.0227 62.4946 0.0202703 0
16.0227 62.4946 0.0628931 0
16.0227 62.4946 0.122172 0
14.0594 425.516 0.0382166 0
16.0227 62.4946 0.00806452 0
16.0227 62.4946 0.0628931 0
16.0227 62.4946 0.0592105 0
5.64584 363.021 0.056338 1
15.9496 64.2616 0.122172 0
90.5629 311.891 0.0318021 1
10.2238 5.18335 0.219626 0
10.2238 5.18335 0.048913 0
8.47182 461.643 0.169643 1
23.7992 103.647 0.230769 1
21.8154 103.822 0.0890411 1
17.3315 104.57 0.205128 1
10.3736 104.094 0.116438 1
7.9007 103.973 0.219512 1
6.11574 103.334 0.228346 1
6.7183 103.534 0.154545 1
10.5058 103.119 0.0472441 1
14.1997 103.172 0.0559441 1
16.2856 103.391 0.107692 1
18.7573 103.242 0.0915493 1
21.0522 103.971 0.234848 1
19.5354 103.138 0.0238095 1
17.6721 103.839 0.158192 1
16.8414 103.208 0.0163934 1
15.5082 103.934 0.151163 1
27.4564 65.4763 0.0628931 0
42.6822 599.981 0.0211268 0
16.6136 101.312 0.206731 1
18.4893 94.5462 0.246637 0
27.5377 86.2691 0.0150376 0
27.3818 65.3551 0.0687023 0
33.6164 665.457 0.0113636 0
33.6164 665.457 0.278846 0
27.3818 65.3551 0.0628931 0
33.6164 665.457 0.272727 0
28.6466 7.94722 0.0707965 1
24.4911 1.49255 0.013986 0
6.44374 93.0537 0.303797 1
19.8699 60.9446 0.0147059 1
42.6262 600.102 0.0211268 0
23.6653 614.263 0.272727 0
23.6653 614.263 0.0283688 0
96.2642 644.878 0.0384615 1
23.5971 614.985 0.0813008 0
23.5971 614.985 0.0118343 0
23.5971 614.985 0.189474 0
23.5971 614.985 0.00578035 0
7.76004 56.8413 0.104348 1
23.1669 616.97 0.114035 0
23.1669 616.97 0.189474 0
23.1669 616.97 0.102564 0
23.1669 616.97 0.00578035 0
27.2455 635.338 0.29386 1
38.2485 658.97 0.0416667 1
101.256 627.31 0.142857 1
107.99 667.455 0.0135135 1
54.0071 648.323 0.056338 1
40.5269 635.74 0.05 1
73.0194 673.023 0.00591716 1
63.759 636.867 0.00714286 1
69.7316 643.259 0.00938967 1
51.8195 628.76 0.130653 1
6.92282 627.495 0.0350877 1
41.0516 539.309 0.0812183 1
57.4314 623.48 0.0238095 1
37.4035 623.169 0.0234375 1
75.7736 657.947 0.0075188 1
23.1975 124.279 0.026455 0
23.1975 124.279 0.0184049 0
79.1465 657.278 0.0168067 1
23.1175 124.645 0.146739 0
23.1175 124.645 0.0253165 0
23.1175 124.645 0.117073 0
31.5232 639.997 0.0375 1
23.0508 124.294 0.117073 0
23.0508 124.294 0.0938967 0
7.44533 536.764 0.107143 1
23.3188 133.291 0.0384615 0
7.687 534.432 0.105769 1
26.663 431.368 0.0141844 0
96.7431 415.466 0.0243902 0
96.7431 415.466 0.0363636 0
10.4481 10.1964 0.0592105 0
10.4481 10.1964 0.219626 0
10.4481 10.1964 0.0466667 0
96.7431 415.466 0.0718232 0
101.93 434.703 0.0163043 0
10.4481 10.1964 0.048913 0
10.4481 10.1964 0.00833333 0
26.663 431.368 0.117188 0
96.7431 415.466 0.0264901 0
28.5864 422.1 0.0331126 0
10.4481 10.1964 0.0382166 0
10.4481 10.1964 0.0466667 0
10.4481 10.1964 0.00833333 0
106.783 425.663 0.0292398 1
34.4685 493.636 0.0994152 1
106.601 505.586 0.0689655 1
34.5912 401.221 0.04329 1
23.8895 102.905 0.0714286 1
19.4018 103.443 0.285714 1
15.4972 103.211 0.116788 1
12.9983 103.448 0.00653595 1
9.95305 104.189 0.0300752 1
5.30148 102.92 0.0425532 1
6.77814 103.109 0.0803571 1
8.72026 102.857 0.113043 1
12.4091 103.348 0.296875 1
16.8675 103.263 0.0215827 1
19.3584 102.657 0.0591716 1
20.652 102.247 0.027027 1
18.9627 103.693 0.201117 1
18.3902 103.693 0.0709677 1
16.1504 103.494 0.121053 1
15.9524 103.487 0.00595238 1
22.3241 16.0416 0.013986 0
22.3241 16.0416 0.0144928 0
16.4944 98.6964 0.25 0
18.6557 96.8145 0.0212766 0
22.3241 16.0416 0.246637 0
23.2254 619.725 0.0283688 0
22.3241 16.0416 0.0144928 0
6.13549 82.6548 0.0776256 1
6.43292 68.469 0.133005 1
13.6086 63.0494 0.0454545 1
20.1267 27.5493 0.0150376 0
23.196 631.233 0.102564 0
23.196 631.233 0.123711 0
15.2128 56.9348 0.258503 1
30.1418 50.1925 0.1875 0
18.0567 49.1948 0.0512821 1
92.2272 17.9387 0.0210526 0
20.1327 614.238 0.114035 0
20.1327 614.238 0.123711 0
16.9197 674.968 0.189474 1
99.345 631.912 0.0319149 1
94.7197 634.719 0.0243902 1
20.0569 615.082 0.0263158 0
52.3319 675.185 0.0149254 1
20.0454 615.462 0.00666667 0
36.2717 641.871 0.0174419 1
108.15 674.782 0.0512821 1
20.022 615.396 0.00803213 0
54.8097 553.859 0.147651 1
20.6765 650.941 0.00694444 1
97.0998 622.375 0.0967742 1
40.3691 600.779 0.0245902 1
38.8046 678.718 0.03125 1
11.0656 635.953 0.0680272 1
42.0592 629.2 0.338129 1
106.408 671.805 0.00645161 1
69.4546 566.231 0.00537634 1
92.8454 596.178 0.0479042 1
26.2078 616.62 0.0127389 1
81.3199 622.266 0.0342466 1
23.5078 643.011 0.280899 1
99.4332 647.441 0.011236 1
24.9677 145.232 0.0938967 0
24.9677 145.232 0.0384615 0
24.9677 145.232 0.027933 0
86.5046 594.241 0.0408163 1
25.0981 146.158 0.027933 0
26.663 431.368 0.0346821 0
25.0981 146.158 0.0443038 0
50.5853 517.006 0.218935 1
68.0181 404.968 0.0306748 0
35.4863 541.927 0.0327869 0
25.5073 434.785 0.0147059 0
68.0181 404.968 0.015873 0
25.5073 434.785 0.0141844 0
25.5073 434.785 0.117188 0
25.5073 434.785 0.0346821 0
25.5073 434.785 0.0147059 0
26.833 543.53 0.117318 1
2.67593 107.806 0.144737 0
67.152 512.774 0.342466 1
37.2063 655.735 0.0843373 0
46.6966 644.612 0.1 0
3.32889 113.808 0.0243902 0
3.32889 113.808 0.0363636 0
3.32889 113.808 0.0718232 0
3.32889 113.808 0.0264901 0
46.6966 644.612 0.0163934 0
47.6872 610.84 0.0432099 1
2.92546 113.082 0.0331126 0
45.8203 643.886 0.0382514 0
2.92546 113.082 0.0163043 0
21.3152 521.56 0.092511 0
23.595 103.663 0.0314961 1
18.5754 103.267 0.0507246 1
14.7418 103.809 0.008 1
12.62 103.497 0.0176991 1
8.64155 103.665 0.313043 1
6.60053 102.916 0.201493 1
5.11577 102.938 0.149254 1
8.84071 102.44 0.0733945 1
13.1966 102.435 0.0833333 1
14.1429 102.752 0.181159 1
17.9656 102.386 0.16568 1
19.0524 102.612 0.22561 1
19.8885 102.641 0.12987 1
16.5201 103.566 0.0271739 1
15.252 103.444 0.0416667 1
15.2138 102.593 0.219653 1
22.5552 10.2097 0.25 0
15.9744 86.1366 0.142132 0
38.1304 62.8028 0.0714286 1
5.22455 89.3425 0.00851064 1
22.0225 2.5536 0.0212766 0
15.6526 93.7928 0.0165746 0
50.2308 33.3763 0.0198676 1
20.4369 560.166 0.117241 0
26.796 139.467 0.148325 1
18.3689 132.111 0.170068 1
19.4841 541.818 0.1875 0
19.4841 541.818 0.117241 0
19.4841 541.818 0.136364 0
19.4841 541.818 0.27027 0
19.4841 541.818 0.00632911 0
19.4841 541.818 0.0104167 0
36.9373 690.344 0.0193548 0
19.4841 541.818 0.0263158 0
19.4841 541.818 0.00666667 0
19.4841 541.818 0.00803213 0
19.4841 541.818 0.136364 0
19.4841 541.818 0.111111 0
41.326 148.526 0.190698 1
18.2394 500.036 0.0210526 0
18.2394 500.036 0.111111 0
18.2394 500.036 0.0636364 0
18.2394 500.036 0.0454545 0
18.2394 500.036 0.0159574 0
67.3201 598.293 0.00584795 0
45.2059 694.134 0.00395257 0
56.8878 649.3 0.0114286 1
67.3723 598.333 0.012987 0
45.1547 694.174 0.0188679 0
39.6281 659.762 0.00568182 1
94.0181 651.578 0.0333333 1
12.406 672.581 0.111765 1
44.3182 646.078 0.0075188 1
18.6201 668.029 0.00877193 1
71.5606 660.823 0.0232558 1
79.9917 619.314 0.0220994 1
34.2972 623.23 0.223958 1
30.1733 640.616 0.0125786 1
78.4047 686.049 0.00813008 0
66.2771 672.074 0.0555556 0
78.4047 686.049 0.0353982 0
66.2771 672.074 0.0816327 0
6.57181 624.21 0.0408163 1
55.7534 692.049 0.0130719 0
63.8311 665.602 0.00653595 0
16.9927 599.042 0.0769231 0
26.6611 144.145 0.0443038 0
26.6611 144.145 0.0437956 0
25.5588 31.0623 0.0687023 0
61.7132 686.072 0.0264901 0
63.8311 665.602 0.00606061 0
16.9927 599.042 0.401408 0
20.9878 653.787 0.0268456 0
2.92546 113.082 0.144737 0
26.6611 144.145 0.0437956 0
2.92546 113.082 0.0915493 0
35.4863 541.927 0.197531 0
37.2624 521.457 0.00568182 0
42.9063 454.898 0.0653595 0
8.48591 509.642 0.075 0
2.92546 113.082 0.0306748 0
2.92546 113.082 0.015873 0
25.5588 31.0623 0.0687023 0
2.92546 113.082 0.0915493 0
36.3279 655.009 0.0128205 0
45.8203 643.886 0.00666667 0
5.93778 622.724 0.142857 0
35.4863 541.927 0.0327869 0
36.3279 655.009 0.0843373 0
61.7132 686.072 0.0264901 0
35.4863 541.927 0.197531 0
36.3279 655.009 0.0128205 0
9.81835 11.1233 0.0588235 1
82.2719 67.974 0.0239521 1
20.3105 252.804 0.316092 1
58.0418 293.82 0.0326087 1
23.8443 314.296 0.1 0
23.8443 314.296 0.0163934 0
23.8443 314.296 0.0382514 0
23.8443 314.296 0.00666667 0
23.8443 314.296 0.188811 0
59.6315 359.974 0.0379747 1
36.5104 396.117 0.0578947 1
41.9793 300.828 0.188811 0
21.3152 521.56 0.023622 0
41.9793 300.828 0.0382166 0
41.9793 300.828 0.0437956 0
41.9793 300.828 0.153846 0
85.7364 663.182 0.0273973 0
21.3152 521.56 0.092511 0
21.3152 521.56 0.023622 0
64.6038 141.621 0.0927152 1
41.7902 176.09 0.212121 1
25.8133 102.892 0.277778 1
21.7772 103.333 0.273438 1
16.5262 103.73 0.318519 1
12.2576 102.988 0.00952381 1
7.00736 103.687 0.0757576 1
5.20788 103.024 0.0803571 1
4.35937 102.637 0.128 1
6.80802 102.909 0.00884956 1
10.6767 103.036 0.180451 1
16.662 102.516 0.27673 1
18.1235 102.206 0.127907 1
19.7629 102.072 0.0222222 1
18.4201 103.479 0.0458015 1
17.425 103.569 0.0958084 1
14.8017 103.239 0.030303 1
16.3564 96.4111 0.106509 1
15.5254 101.878 0.158333 1
24.2263 112.449 0.142132 0
24.2263 112.449 0.0165746 0
24.2263 112.449 0.0186916 0
16.1797 88.9422 0.270936 0
17.0438 91.686 0.0268817 0
24.2263 112.449 0.0186916 0
13.7052 201.391 0.113636 1
7.3186 199.211 0.267857 1
13.1904 193.418 0.346154 1
36.3056 160.259 0.0632184 1
19.2312 509.427 0.27027 0
19.2312 509.427 0.0636364 0
19.2312 509.427 0.00632911 0
31.3794 188.52 0.142857 1
13.4974 186.54 0.0611111 1
18.4071 509.351 0.0104167 0
18.4071 509.351 0.0193548 0
18.4071 509.351 0.0454545 0
18.4071 509.351 0.0159574 0
64.9154 90.3462 0.0266667 1
30.1919 219.946 0.363636 1
12.5411 202.412 0.143713 1
17.3485 467.981 0.00584795 0
17.3485 467.981 0.012987 0
44.9878 227.557 0.0060241 1
17.1335 446.832 0.00395257 0
17.1335 446.832 0.0188679 0
17.1335 446.832 0.0352941 0
50.7127 252.959 0.548387 1
78.8068 218.249 0.00632911 0
15.8357 233.709 0.0108696 0
17.3337 423.013 0.0352941 0
17.3337 423.013 0.0791367 0
74.7466 641.263 0.2125 1
5.46188 657.092 0.301887 1
43.0425 652.595 0.0185185 1
45.6081 677.039 0.08125 0
45.6081 677.039 0.100629 0
59.2861 699.378 0.00724638 0
28.9774 677.276 0.0465116 0
28.9774 677.276 0.0324675 0
47.4141 678.561 0.00621118 0
59.2861 699.378 0.0153846 0
28.9774 677.276 0.0495868 0
47.4141 678.561 0.015625 0
28.9774 677.276 0.0235294 0
47.4141 678.561 0.0112994 0
5.4012 679.503 0.0441989 0
25.3734 689.482 0.00540541 0
78.5065 685.718 0.036036 0
5.4012 679.503 0.0909091 0
25.3734 689.482 0.0884354 0
53.6835 680.224 0.0630631 0
78.5065 685.718 0.00813008 0
78.5065 685.718 0.0353982 0
78.5065 685.718 0.036036 0
13.0369 13.9752 0.186667 1
50.9057 23.2136 0.047619 0
22.324 13.9558 0.277778 1
24.9986 69.7492 0.0342466 1
9.57978 76.3677 0.00478469 1
21.6915 73.7499 0.0178571 1
10.0814 80.3018 0.0769231 1
52.4982 625.671 0.0555556 0
52.4982 625.671 0.0816327 0
3.7002 66.4888 0.0846154 1
52.9896 629.467 0.0130719 0
52.9896 629.467 0.027933 0
11.0024 36.2449 0.0940594 1
4.67872 61.9995 0.110048 1
55.2554 630.387 0.027933 0
55.2554 630.387 0.0165746 0
55.2554 630.387 0.00653595 0
55.2554 630.387 0.00606061 0
28.6212 486.132 0.00568182 0
55.2554 630.387 0.0165746 0
14.5145 298.386 0.143646 1
4.51623 245.1 0.0642202 1
90.7488 202.789 0.0193548 1
57.6343 397.331 0.0769231 0
57.6343 397.331 0.401408 0
31.1451 253.075 0.0653595 0
28.9828 280.808 0.0921986 1
58.5007 397.192 0.0268456 0
32.0046 252.937 0.075 0
33.0795 366.019 0.142857 0
33.0795 366.019 0.0382166 0
25.4341 288.767 0.0102041 1
13.6238 307.197 0.0104712 1
34.8001 370.805 0.0437956 0
3.09095 292.019 0.0307692 1
34.7938 374.022 0.153846 0
12.4013 36.4801 0.212435 1
62.4315 316.876 0.0111732 1
41.7175 312.261 0.0273973 0
9.44185 316.117 0.037037 1
25.7305 103.223 0.100775 1
19.4893 103.268 0.075188 1
15.5124 102.878 0.0787402 1
11.002 103.648 0.0973451 1
9.02819 103.222 0.0952381 1
4.63474 103.451 0.300752 1
5.48626 102.507 0.307143 1
8.83555 101.976 0.0757576 1
12.1892 102.726 0.182432 1
14.2112 103.044 0.013245 1
18.1848 102.5 0.0232558 1
17.8636 102.019 0.00641026 1
17.2404 103.31 0.1 1
16.2885 103.052 0.290123 1
14.6233 102.814 0.0928571 1
14.2447 101.173 0.0958904 1
14.4283 100.458 0.0175439 1
17.0634 77.0751 0.00925926 0
27.93 191.197 0.270936 0
27.93 191.197 0.0309278 0
27.93 191.197 0.187215 0
24.0969 268.272 0.0494506 1
27.4154 190.977 0.0268817 0
27.4154 190.977 0.10396 0
65.0064 227.961 0.048951 1
15.2507 300.91 0.0150376 1
4.52396 285.071 0.0613208 1
79.8426 232.058 0.0181818 1
36.4295 333.124 0.0160428 1
11.0522 319.55 0.0359281 1
16.1398 353.535 0.0791367 0
16.1398 353.535 0.00787402 0
10.0021 296.497 0.0552764 1
16.2838 175.66 0.0322581 1
15.8388 349.815 0.00632911 0
15.8388 349.815 0.00787402 0
15.8388 349.815 0.0142857 0
15.8388 349.815 0.00632911 0
15.8388 349.815 0.0108696 0
15.8388 349.815 0.0120482 0
15.8388 349.815 0.048913 0
45.6081 677.039 0.0253165 0
15.8388 349.815 0.0107527 0
57.077 690.261 0.00641026 0
17.3888 660.152 0.0396825 1
45.632 676.69 0.08125 0
45.632 676.69 0.100629 0
45.632 676.69 0.0253165 0
13.9656 22.3393 0.140351 1
23.0063 14.6735 0.17284 1
43.8369 274.1 0.0409091 1
51.2202 362.202 0.194737 1
66.4196 382.682 0.0357143 1
16.7018 300.535 0.10625 0
67.8925 397.486 0.02 1
17.1202 283.028 0.00724638 0
17.1202 283.028 0.0153846 0
41.0216 395.184 0.0202703 1
17.7219 280.993 0.057554 0
17.7219 280.993 0.0465116 0
17.7219 280.993 0.0324675 0
17.7219 280.993 0.0495868 0
17.7219 280.993 0.0235294 0
17.7219 280.993 0.0923077 0
17.7219 280.993 0.00621118 0
17.7219 280.993 0.015625 0
17.7219 280.993 0.0112994 0
15.4572 398.162 0.0533333 1
19.2502 404.322 0.012987 1
44.5791 405.214 0.206704 1
11.7549 413.339 0.0235294 1
17.8668 289.306 0.0441989 0
17.8668 289.306 0.0909091 0
55.8078 57.9739 0.0819672 0
24.2852 400.618 0.0380435 1
26.0602 388.658 0.0204082 0
18.085 291.049 0.00540541 0
18.085 291.049 0.0884354 0
55.2394 56.2309 0.047619 0
55.2394 56.2309 0.277778 0
26.0602 388.658 0.0196078 0
24.9903 410.934 0.0111732 0
66.916 347.28 0.0630631 0
55.2394 56.2309 0.0819672 0
55.2394 56.2309 0.277778 0
55.2394 56.2309 0.028169 0
55.2394 56.2309 0.0855263 0
73.4599 332.427 0.0151515 1
43.9192 361.864 0.0351759 1
50.9254 359.403 0.0147601 1
37.2978 373.981 0.0153846 1
13.4377 369.345 0.00295858 1
63.1136 358.727 0.0169492 1
47.0758 328.379 0.103627 1
20.5951 365.97 0.00943396 1
7.3721 353.869 0.0248447 1
35.0998 355.635 0.00735294 1
21.3132 352.65 0.252381 1
47.765 351.323 0.0721154 1
41.9482 335.11 0.169118 1
24.2872 102.989 0.373239 1
22.3718 102.835 0.253333 1
18.9626 102.255 0.0333333 1
13.4174 103.057 0.155172 1
8.2685 102.556 0.120968 1
5.76443 102.574 0.113333 1
4.78177 101.962 0.164384 1
7.56019 102.175 0.0606061 1
10.5364 101.931 0.10596 1
15.7382 102.308 0.0122699 1
17.614 102.082 0.137725 1
19.3522 101.575 0.175 1
18.3511 102.487 0.157534 1
17.5865 102.712 0.0930233 1
15.8339 102.537 0.108108 1
14.6609 102.421 0.00534759 1
36.4912 323.178 0.0309278 0
36.4912 323.178 0.0608108 0
22.355 84.3829 0.0294118 0
36.4912 323.178 0.187215 0
36.4912 323.178 0.10396 0
36.4912 323.178 0.104046 0
22.355 84.3829 0.00787402 0
17.7106 86.7734 0.00990099 0
36.4912 323.178 0.00925926 0
36.4912 323.178 0.0608108 0
36.4912 323.178 0.104046 0
42.5237 407.561 0.177778 1
19.9008 411.054 0.145455 1
12.6098 410.064 0.0782123 1
42.1591 367.063 0.111111 1
11.462 404.257 0.112903 1
10.5209 380.546 0.12605 1
17.4673 402.53 0.00699301 1
7.8345 379.783 0.0174419 1
49.1775 335.998 0.0133333 1
37.9639 386.368 0.0105263 1
19.1766 390.505 0.00546448 1
113.107 323.841 0.0657895 1
17.4378 267.273 0.0142857 0
17.4378 267.273 0.0120482 0
17.4378 267.273 0.00632911 0
17.4378 267.273 0.048913 0
17.4378 267.273 0.0107527 0
22.9019 414.227 0.0790514 1
17.7561 269.634 0.00641026 0
17.7561 269.634 0.00632911 0
42.0322 431.53 0.0669856 1
63.6207 432.768 0.0408163 1
55.5741 435.867 0.017094 1
19.1681 255.909 0.10625 0
19.1681 255.909 0.057554 0
19.1681 255.909 0.0923077 0
19.1681 255.909 0.00632911 0
19.1681 255.909 0.0111732 0
31.0271 443.532 0.15873 1
49.0839 72.7087 0.028169 0
49.0839 72.7087 0.0254237 0
49.0839 72.7087 0.0855263 0
49.0839 72.7087 0.046875 0
49.0839 72.7087 0.0195122 0
26.8682 438.509 0.129534 1
72.046 442.122 0.0153846 1
48.3975 77.7964 0.0204082 0
48.3975 77.7964 0.0196078 0
48.3975 77.7964 0.0254237 0
48.3975 77.7964 0.046875 0
48.3975 77.7964 0.00934579 0
53.1745 361.831 0.106557 1
47.3161 73.6221 0.0111732 0
47.3161 73.6221 0.0195122 0
47.3161 73.6221 0.0330578 0
54.243 362.369 0.00862069 1
43.7632 376.834 0.0691824 1
22.1504 337.661 0.0671141 1
47.3979 363.579 0.318919 1
80.0969 301.731 0.103896 1
22.9337 347.821 0.0220994 1
137.515 327.29 0.0052356 1
2.75117 454.66 0.00442478 1
29.3834 404.106 0.123348 1
9.4579 434.2 0.0442478 1
26.9139 102.523 0.0676692 1
22.6756 102.868 0.0909091 1
16.6494 102.991 0.0423729 1
15.2595 103.13 0.172131 1
9.54033 102.455 0.0230769 1
6.70524 102.687 0.0677966 1
5.1291 101.891 0.126984 1
6.25707 102.663 0.166667 1
13.5015 101.925 0.00869565 1
15.853 102.324 0.0113636 1
18.6603 101.929 0.00546448 1
20.6279 102.831 0.00684932 1
19.2856 102.331 0.0136986 1
17.7252 102.993 0.0546875 1
15.3661 102.945 0.129032 1
14.8094 102.068 0.0591398 1
37.8798 362.413 0.0294118 0
37.8798 362.413 0.00787402 0
37.8798 362.413 0.026087 0
28.2478 459.758 0.04 1
37.5434 360.738 0.00990099 0
48.4596 439.814 0.0208333 1
9.59561 454.94 0.130802 1
35.4523 428.977 0.135802 1
18.6455 448.38 0.0639535 1
9.4267 433.567 0.134831 1
44.813 381.362 0.122449 1
24.1286 442.686 0.280374 1
19.5321 390.728 0.0275229 1
30.9172 425.019 0.0491803 1
6.3326 385.88 0.0169492 1
85.5212 325.673 0.0111111 1
100.089 350.367 0.0625 1
25.0785 424.621 0.0510949 1
41.7458 429.793 0.012605 1
20.5891 256.815 0.0111732 0
24.1596 423.675 0.159204 1
58.5523 440.312 0.185185 1
37.7614 446.6 0.0974026 1
9.1814 434.595 0.239766 1
45.2568 442.314 0.0359712 1
36.9545 45.604 0.00934579 0
36.9545 45.604 0.0320856 0
51.926 437.469 0.0225564 1
36.6648 44.2099 0.0330578 0
36.6648 44.2099 0.0322581 0
36.6648 44.2099 0.00636943 0
36.6648 44.2099 0.0320856 0
36.6648 44.2099 0.0322581 0
36.6648 44.2099 0.00636943 0
36.6648 44.2099 0.00636943 0
36.6648 44.2099 0.0105263 0
36.6648 44.2099 0.0662983 0
58.7279 470.413 0.260274 1
42.1338 479.844 0.231579 1
54.9172 452.154 0.0046729 1
118.157 406.726 0.0060241 1
151.459 531.838 0.0425532 1
44.538 390.915 0.0106383 1
109.325 491.705 0.248322 1
78.4084 464.103 0.109756 1
30.5056 572.765 0.0294118 1
36.4682 604.858 0.118483 1
24.5595 498.063 0.236486 1
24.9531 103.162 0.272727 1
21.5971 103.275 0.206612 1
19.364 102.777 0.0212766 1
12.9117 102.523 0.0704225 1
10.7617 102.95 0.144068 1
4.6394 101.94 0.125 1
4.32967 102.132 0.0944882 1
5.88144 102.396 0.075 1
9.85853 102.135 0.104839 1
13.3114 101.959 0.107143 1
16.5406 102.102 0.0526316 1
18.6219 102.118 0.0625 1
17.6247 102.78 0.00704225 1
16.6594 102.675 0.0197368 1
15.5598 101.907 0.0529412 1
39.7069 359.791 0.026087 0
39.7069 359.791 0.0116959 0
14.6062 97.2193 0.167568 1
15.6266 96.2589 0.181818 0
36.5663 456.137 0.00613497 1
76.4688 418.015 0.478873 1
16.9979 446.089 0.0895522 1
32.148 446.668 0.383838 1
42.7847 432.148 0.179775 1
38.4606 361.447 0.0116959 0
38.4606 361.447 0.0117647 0
2.33064 418.596 0.0394737 1
25.1534 442.805 0.127753 1
11.5256 432.816 0.0843373 1
37.2421 442.744 0.0357143 1
33.7794 435.56 0.047619 1
39.2801 435.548 0.0853081 1
49.759 444.191 0.0264317 1
58.6976 449.375 0.0235294 1
35.0773 452.575 0.0109489 1
28.7512 454.316 0.0491803 1
57.9127 444.33 0.0555556 1
45.2592 432.184 0.0304878 1
37.782 450.596 0.0340136 1
26.3392 164.939 0.00636943 0
26.3392 164.939 0.0105263 0
61.4438 455.186 0.0070922 1
25.7931 159.861 0.0662983 0
67.6322 463.674 0.060241 1
95.3644 484.161 0.00735294 1
24.4213 159.646 0.00490196 0
28.0254 569.656 0.205128 1
14.2939 605.501 0.246753 1
17.0141 512.52 0.11 1
29.7511 596.295 0.0138889 1
35.5341 588.978 0.00571429 1
17.0777 601.217 0.0585366 1
10.275 583.978 0.012766 1
56.2946 593.355 0.132979 1
68.4839 601.498 0.109677 1
6.93218 459.605 0.00675676 1
26.7549 101.909 0.136691 1
22.6548 101.748 0.116667 1
18.7704 102.363 0.00934579 1
13.6096 102.733 0.0890411 1
8.23701 102.682 0.113636 1
5.44599 101.662 0.05 1
3.95789 101.648 0.0689655 1
8.46726 101.077 0.164384 1
12.0887 101.745 0.117188 1
15.0345 102.568 0.118519 1
17.0302 101.541 0.10084 1
18.609 101.18 0.0615385 1
18.0769 101.987 0.196203 1
16.3546 101.773 0.0574713 1
14.6941 102.417 0.267943 1
14.3319 102.278 0.00552486 1
44.0062 378.468 0.0117647 0
44.0062 378.468 0.1875 0
15.0494 91.3408 0.205405 0
44.0062 378.468 0.181818 0
44.0062 378.468 0.1875 0
37.2942 469.809 0.114833 1
13.1926 465.795 0.0144928 1
47.1499 451.218 0.016129 1
16.7931 456.835 0.108333 1
112.306 392.941 0.0735294 1
56.9635 433.105 0.0595238 1
67.5267 401.326 0.0673077 1
16.7573 453.2 0.00584795 1
25.8747 474.222 0.0192308 1
34.4359 437.004 0.0705128 1
15.415 470.079 0.171103 1
15.171 423.716 0.00714286 1
42.6049 463.463 0.030303 1
50.5601 478.272 0.0140845 1
62.3802 481.99 0.0964912 1
44.2299 473.142 0.028777 1
32.3923 480.332 0.0275229 1
58.7548 471.893 0.0566038 1
10.6 465.956 0.25 1
20.7397 467.419 0.0585366 1
49.6432 466.62 0.00628931 1
77.083 478.734 0.112069 1
71.0584 489.259 0.038674 0
23.9352 131.978 0.00490196 0
23.9352 131.978 0.013245 0
71.0584 489.259 0.274419 0
66.4428 484.521 0.00904977 0
23.9352 131.978 0.013245 0
23.9352 131.978 0.111111 0
52.2397 621.237 0.015625 0
47.8126 616.498 0.0522388 0
35.5167 589.44 0.0266667 1
47.5974 615.928 0.0390625 0
104.943 528.594 0.013986 1
52.3644 592.084 0.0601504 1
22.4152 605.761 0.0141844 1
39.7942 595.331 0.0952381 1
48.9559 552.223 0.10989 1
75.4406 624.305 0.00884956 1
82.9766 454.913 0.0137931 1
27.863 101.728 0.223684 1
23.77 102.569 0.0797101 1
19.2373 102.376 0.0234375 1
15.8788 103.079 0.122807 1
10.4417 102.212 0.18705 1
5.90466 102.387 0.0848485 1
3.06676 102.143 0.0616438 1
4.2096 101.401 0.0300752 1
7.88078 101.245 0.0492958 1
12.3465 101.592 0.0393701 1
14.9019 101.666 0.00769231 1
16.8122 101.9 0.19084 1
15.8319 102.025 0.175325 1
14.7079 102.333 0.427027 1
13.1479 102.762 0.005 1
13.6679 102.419 0.124183 1
13.8132 96.3255 0.0191083 1
45.8216 392.453 0.205405 0
45.8216 392.453 0.0177515 0
45.8216 392.453 0.132948 0
35.4692 486.146 0.276923 1
24.8363 470.828 0.0434783 1
45.2307 390.139 0.034188 0
6.93897 464.476 0.122222 1
31.1712 452.194 0.05 1
4.35213 460.883 0.0940594 1
111.536 378.843 0.0625 1
80.1998 403.289 0.0773196 1
8.45247 459.555 0.248148 1
22.6348 485.317 0.147287 1
18.1297 476.038 0.133574 1
38.6037 480.916 0.00462963 1
41.1099 476.646 0.004329 1
54.2746 491.2 0.010101 1
11.0537 478.914 0.010101 1
33.998 460.877 0.0879121 1
23.5739 475.254 0.0284091 1
10.1717 476.837 0.020202 1
31.2762 450.092 0.0210084 1
70.0668 487.21 0.00617284 0
60.6383 474.019 0.236994 1
22.8263 167.21 0.111111 0
69.5824 490.135 0.125984 0
64.9659 485.396 0.0300752 0
69.5824 490.135 0.038674 0
69.5824 490.135 0.274419 0
51.7766 657.344 0.015625 0
69.5824 490.135 0.00617284 0
69.5824 490.135 0.125984 0
4.6673 4.73887 0.156566 1
67.0908 481.847 0.118227 0
7.79939 10.6606 0.176101 1
1.38979 14.8655 0.117409 1
68.8291 481.335 0.00904977 0
51.2179 648.544 0.0522388 0
51.2179 648.544 0.0390625 0
68.8291 481.335 0.0300752 0
51.2179 648.544 0.00689655 0
1.21657 4.99039 0.191964 1
51.3321 648.766 0.00689655 0
51.3321 648.766 0.0545455 0
55.6086 652.653 0.012987 0
55.6086 652.653 0.00487805 0
8.16228 627.326 0.313333 1
26.9723 583.427 0.075 1
55.8349 649.479 0.0689655 0
60.8329 603.394 0.141509 1
33.9739 595.263 0.0336134 1
51.2932 645.092 0.00485437 0
55.5668 648.979 0.0666667 0
16.5405 423.466 0.304545 1
19.8266 629.175 0.165138 1
9.7668 523.925 0.589189 1
29.5706 100.789 0.275862 1
25.5746 103.127 0.182482 1
20.9099 102.497 0.112903 1
15.8663 103.259 0.147059 1
11.9986 102.557 0.00724638 1
7.53568 102.599 0.0608108 1
4.14217 101.98 0.23125 1
2.60514 102.064 0.124088 1
6.6747 102.905 0.0442478 1
10.1264 102.812 0.0780142 1
13.2105 102.267 0.0310078 1
15.2638 101.599 0.0280374 1
15.2492 102.383 0.227273 1
13.8266 102.978 0.176471 1
12.7129 102.767 0.21164 1
46.8805 392.276 0.0177515 0
13.3428 102.729 0.0704225 1
13.6512 93.2911 0.0176471 1
46.8577 392.433 0.132948 0
46.8577 392.433 0.034188 0
46.8577 392.433 0.126374 0
46.8577 392.433 0.00515464 0
13.9198 87.6163 0.0574713 0
17.9881 82.2481 0.025641 0
46.8577 392.433 0.126374 0
46.8577 392.433 0.0204082 0
40.017 480.049 0.0255102 1
31.1503 474.379 0.00921659 1
46.2103 391.084 0.00515464 0
19.5426 408.58 0.118227 1
8.3412 421.057 0.0434783 1
74.0484 323.019 0.0104167 1
13.4245 445.193 0.102459 1
42.278 359.042 0.0360825 1
16.931 437.174 0.00806452 1
26.5608 431.217 0.356436 1
9.44964 390.645 0.0710059 1
31.5547 466.345 0.0394089 1
16.1366 470.628 0.09375 1
23.2009 456.773 0.00568182 1
19.9708 459.622 0.197183 1
57.9948 428.584 0.148438 1
68.3389 473.659 0.0378788 1
67.4024 485.491 0.00609756 1
74.4468 486.78 0.0100503 0
67.7675 478.274 0.118227 0
67.7675 478.274 0.0764706 0
67.7675 478.274 0.108527 0
74.4468 486.78 0.0166667 0
70.7659 488.504 0.032967 0
67.7675 478.274 0.0764706 0
67.7675 478.274 0.0571429 0
6.83256 8.50611 0.00735294 1
2.22795 12.8934 0.115942 1
3.76443 12.9399 0.0197368 1
69.6456 476.884 0.108527 0
69.6456 476.884 0.00438596 0
53.2907 636.425 0.0545455 0
53.2907 636.425 0.00485437 0
3.35335 5.27691 0.304721 1
53.5557 636.384 0.012987 0
53.5557 636.384 0.00487805 0
53.5557 636.384 0.0689655 0
53.5557 636.384 0.0666667 0
53.5557 636.384 0.011976 0
53.5557 636.384 0.00564972 0
9.91553 11.5136 0.258824 1
11.2215 11.9451 0.0822785 1
55.8116 627.712 0.011976 0
79.5078 581.344 0.132653 1
6.32658 559.699 0.00917431 1
56.1771 625.893 0.00564972 0
56.1771 625.893 0.0353982 0
59.3463 604.9 0.0377358 0
71.6736 626.63 0.0421053 0
67.0458 529.823 0.137615 0
67.0458 529.823 0.00934579 0
21.9339 90.2054 0.020979 1
47.8232 389.151 0.025 0
47.8232 389.151 0.0204082 0
47.8232 389.151 0.37234 0
47.8232 389.151 0.157895 0
47.8232 389.151 0.0574713 0
47.8232 389.151 0.025 0
47.8232 389.151 0.37234 0
47.8232 389.151 0.025641 0
47.8232 389.151 0.157895 0
74.4706 383.613 0.0114943 1
72.3239 469.203 0.148515 0
72.3239 469.203 0.0571429 0
72.3239 469.203 0.00438596 0
72.3239 469.203 0.326667 0
72.3239 469.203 0.210526 0
72.3239 469.203 0.0100503 0
72.3239 469.203 0.0166667 0
72.3239 469.203 0.148515 0
72.3239 469.203 0.326667 0
72.3239 469.203 0.032967 0
72.3239 469.203 0.210526 0
5.86105 13.3397 0.159664 1
57.131 636.389 0.0353982 0
3.88193 20.5296 0.321839 1
57.316 631.389 0.0377358 0
57.316 631.389 0.0121951 0
57.316 631.389 0.0645161 0
15.4672 6.19965 0.2 1
58.3212 624.188 0.0121951 0
58.3212 624.188 0.0645161 0
58.3212 624.188 0.0410959 0
58.3212 624.188 0.0421053 0
58.3212 624.188 0.0410959 0
10.4951 83.4061 0.148148 1
59.0434 596.165 0.137615 0
59.0434 596.165 0.00934579 0
59.0434 596.165 0.288462 0
59.0434 596.165 0.288462 0
39.0231 406.097 0.182292 0
39.0231 406.097 0.0277778 0
39.0231 406.097 0.182292 0
39.0231 406.097 0.0190476 0
19.0361 207.32 0.00884956 0
19.0361 207.32 0.0150376 0
19.0361 207.32 0.0402299 0
19.0361 207.32 0.0228311 0
19.0361 207.32 0.00714286 0
19.0361 207.32 0.027907 0
19.0361 207.32 0.00444444 0
19.0361 207.32 0.0272109 0
19.0361 207.32 0.00662252 0
19.0361 207.32 0.0520833 0
19.0361 207.32 0.00653595 0
19.0361 207.32 0.044586 0
19.0361 207.32 0.035461 0
19.0361 207.32 0.0118343 0
19.0361 207.32 0.00847458 0
19.0361 207.32 0.015873 0
19.0361 207.32 0.0520833 0
19.0361 207.32 0.0118343 0
19.0361 207.32 0.0140845 0
19.0361 207.32 0.0140845 0
19.0361 207.32 0.00617284 0
19.0361 207.32 0.0705882 0
19.0361 207.32 0.0322581 0
19.0361 207.32 0.00537634 0
19.0361 207.32 0.00699301 0
19.0361 207.32 0.0862069 0
19.0361 207.32 0.042735 0
19.0361 207.32 0.0980392 0
19.0361 207.32 0.0949721 0
19.0361 207.32 0.0409836 0
19.0361 207.32 0.0980392 0
19.0361 207.32 0.0611354 0
107.872 688.015 0.00406504 0
19.0361 207.32 0.0611354 0
92.1166 480.696 0.279793 0
19.0361 207.32 0.03125 0
19.0361 207.32 0.00512821 0
107.872 688.015 0.00406504 0
92.1166 480.696 0.279793 0
107.872 688.015 0.0734463 0
107.872 688.015 0.245283 0
78.2042 638.614 0.253456 0
107.872 688.015 0.00558659 0
107.872 688.015 0.350467 0
78.2042 638.614 0.0740741 0
30.9477 49.4012 0.0238095 0
30.9477 49.4012 0.204969 0
78.2042 638.614 0.253456 0
30.9477 49.4012 0.0184332 0
39.0231 406.097 0.0190476 0
39.0231 406.097 0.030303 0
39.0231 406.097 0.188482 0
39.0231 406.097 0.0277778 0
39.0231 406.097 0.030303 0
19.0361 207.32 0.261364 0
19.0361 207.32 0.00492611 0
19.0361 207.32 0.0142857 0
19.0361 207.32 0.00884956 0
19.0361 207.32 0.0150376 0
19.0361 207.32 0.0402299 0
19.0361 207.32 0.261364 0
19.0361 207.32 0.0142857 0
19.0361 207.32 0.100962 0
19.0361 207.32 0.100962 0
19.0361 207.32 0.0228311 0
19.0361 207.32 0.027907 0
19.0361 207.32 0.00444444 0
19.0361 207.32 0.0047619 0
19.0361 207.32 0.0047619 0
19.0361 207.32 0.160622 0
19.0361 207.32 0.0253807 0
19.0361 207.32 0.0272109 0
19.0361 207.32 0.00653595 0
19.0361 207.32 0.160622 0
19.0361 207.32 0.00714286 0
19.0361 207.32 0.00662252 0
19.0361 207.32 0.044586 0
19.0361 207.32 0.0253807 0
19.0361 207.32 0.035461 0
19.0361 207.32 0.00847458 0
19.0361 207.32 0.00617284 0
19.0361 207.32 0.015873 0
19.0361 207.32 0.0705882 0
19.0361 207.32 0.0322581 0
19.0361 207.32 0.00699301 0
19.0361 207.32 0.00537634 0
19.0361 207.32 0.0862069 0
19.0361 207.32 0.0949721 0
19.0361 207.32 0.042735 0
19.0361 207.32 0.0409836 0
19.0361 207.32 0.03125 0
107.872 688.015 0.0734463 0
107.872 688.015 0.00558659 0
30.9477 49.4012 0.0238095 0
30.9477 49.4012 0.0194805 0
30.9477 49.4012 0.015748 0
19.0361 207.32 0.00512821 0
107.872 688.015 0.245283 0
107.872 688.015 0.350467 0
30.9477 49.4012 0.204969 0
30.9477 49.4012 0.0184332 0
30.9477 49.4012 0.087963 0
30.9477 49.4012 0.021164 0
30.9477 49.4012 0.00617284 0
78.2042 638.614 0.0740741 0
30.9477 49.4012 0.087963 0
30.9477 49.4012 0.0194805 0
30.9477 49.4012 0.021164 0
39.0231 406.097 0.0413793 0
39.0231 406.097 0.188482 0
39.0231 406.097 0.0413793 0
39.0231 406.097 0.125683 0
19.0361 207.32 0.00763359 0
19.0361 207.32 0.151786 0
19.0361 207.32 0.0125786 0
19.0361 207.32 0.00694444 0
19.0361 207.32 0.00492611 0
30.9477 49.4012 0.0289855 0
30.9477 49.4012 0.015 0
30.9477 49.4012 0.0672269 0
30.9477 49.4012 0.0441989 0
30.9477 49.4012 0.015748 0
30.9477 49.4012 0.00617284 0
30.9477 49.4012 0.0289855 0
30.9477 49.4012 0.0672269 0
30.9477 49.4012 0.0529801 0
39.0231 406.097 0.125683 0
39.0231 406.097 0.26257 0
39.0231 406.097 0.0949367 0
41.56 613.417 0.00641026 0
39.0231 406.097 0.26257 0
19.0361 207.32 0.0214286 0
39.0231 406.097 0.0113636 0
19.0361 207.32 0.00763359 0
19.0361 207.32 0.151786 0
19.0361 207.32 0.0125786 0
19.0361 207.32 0.0214286 0
19.0361 207.32 0.117647 0
19.0361 207.32 0.00584795 0
19.0361 207.32 0.00694444 0
30.9477 49.4012 0.0529801 0
30.9477 49.4012 0.00469484 0
30.9477 49.4012 0.0375 0
30.9477 49.4012 0.015 0
30.9477 49.4012 0.0441989 0
30.9477 49.4012 0.00469484 0
39.0231 406.097 0.0113636 0
41.56 613.417 0.0326797 0
39.0231 406.097 0.0949367 0
19.0361 207.32 0.117647 0
19.0361 207.32 0.00584795 0
41.56 613.417 0.00641026 0
41.56 613.417 0.0326797 0
41.56 613.417 0.0180723 0
30.9477 49.4012 0.00414938 0
30.9477 49.4012 0.0366492 0
30.9477 49.4012 0.0375 0
30.9477 49.4012 0.00414938 0
41.56 613.417 0.00854701 0
41.56 613.417 0.0189873 0
41.56 613.417 0.0180723 0
41.56 613.417 0.075188 0
41.56 613.417 0.0114943 0
30.9477 49.4012 0.0264901 0
30.9477 49.4012 0.03125 0
30.9477 49.4012 0.0150376 0
30.9477 49.4012 0.0366492 0
30.9477 49.4012 0.0264901 0
30.9477 49.4012 0.0150376 0
30.9477 49.4012 0.0484848 0
30.9477 49.4012 0.151961 0
41.56 613.417 0.0892857 0
41.56 613.417 0.0653595 0
41.56 613.417 0.00854701 0
41.56 613.417 0.075188 0
41.56 613.417 0.0892857 0
41.56 613.417 0.0230769 0
41.56 613.417 0.0189873 0
41.56 613.417 0.0114943 0
41.56 613.417 0.0653595 0
41.56 613.417 0.00584795 0
30.9477 49.4012 0.0484848 0
30.9477 49.4012 0.0402299 0
30.9477 49.4012 0.07 0
30.9477 49.4012 0.151961 0
30.9477 49.4012 0.03125 0
30.9477 49.4012 0.0402299 0
30.9477 49.4012 0.0457516 0
41.56 613.417 0.0070922 0
41.56 613.417 0.0175439 0
41.56 613.417 0.0530303 0
41.56 613.417 0.0230769 0
41.56 613.417 0.00584795 0
41.56 613.417 0.0310559 0
41.56 613.417 0.0121212 0
30.9477 49.4012 0.0457516 0
30.9477 49.4012 0.126582 0
30.9477 49.4012 0.035533 0
30.9477 49.4012 0.0125 0
30.9477 49.4012 0.0326087 0
30.9477 49.4012 0.07 0
30.9477 49.4012 0.126582 0
30.9477 49.4012 0.0326087 0
30.9477 49.4012 0.0277778 0
30.9477 49.4012 0.035533 0
41.56 613.417 0.141732 0
41.56 613.417 0.0506329 0
41.56 613.417 0.0444444 0
41.56 613.417 0.00645161 0
41.56 613.417 0.169811 0
41.56 613.417 0.00840336 0
41.56 613.417 0.00819672 0
41.56 613.417 0.00917431 0
41.56 613.417 0.0070922 0
41.56 613.417 0.0175439 0
41.56 613.417 0.169811 0
41.56 613.417 0.0530303 0
41.56 613.417 0.0310559 0
41.56 613.417 0.0121212 0
30.9477 49.4012 0.0277778 0
30.9477 49.4012 0.0642202 0
30.9477 49.4012 0.00990099 0
30.9477 49.4012 0.0853659 0
30.9477 49.4012 0.0125 0
30.9477 49.4012 0.0642202 0
30.9477 49.4012 0.011236 0
30.9477 49.4012 0.00990099 0
41.56 613.417 0.00990099 0
41.56 613.417 0.00925926 0
41.56 613.417 0.0243902 0
41.56 613.417 0.0108696 0
41.56 613.417 0.0337079 0
41.56 613.417 0.211111 0
41.56 613.417 0.0229885 0
41.56 613.417 0.064 0
41.56 613.417 0.141732 0
41.56 613.417 0.0337079 0
41.56 613.417 0.0506329 0
41.56 613.417 0.0444444 0
41.56 613.417 0.00645161 0
41.56 613.417 0.00840336 0
41.56 613.417 0.00819672 0
41.56 613.417 0.00917431 0
30.9477 49.4012 0.011236 0
30.9477 49.4012 0.00694444 0
30.9477 49.4012 0.0853659 0
30.9477 49.4012 0.00694444 0
30.9477 49.4012 0.0242424 0
30.9477 49.4012 0.00478469 0
41.56 613.417 0.0183486 0
41.56 613.417 0.00990099 0
41.56 613.417 0.00925926 0
41.56 613.417 0.0243902 0
41.56 613.417 0.029703 0
41.56 613.417 0.0108696 0
41.56 613.417 0.211111 0
41.56 613.417 0.0229885 0
41.56 613.417 0.064 0
30.9477 49.4012 0.0242424 0
30.9477 49.4012 0.00478469 0
30.9477 49.4012 0.0541872 0
30.9477 49.4012 0.0541872 0
30.9477 49.4012 0.00966184 0
30.9477 49.4012 0.0164609 0
30.9477 49.4012 0.0034965 0
7.60658 18.5771 0.039604 0
7.60658 18.5771 0.258278 0
7.60658 18.5771 0.229814 0
7.60658 18.5771 0.0060241 0
41.56 613.417 0.00869565 0
41.56 613.417 0.0795455 0
41.56 613.417 0.0183486 0
41.56 613.417 0.029703 0
41.56 613.417 0.186916 0
41.56 613.417 0.0375 0
41.56 613.417 0.016129 0
41.56 613.417 0.125 0
41.56 613.417 0.0598291 0
41.56 613.417 0.0135135 0
41.56 613.417 0.0273224 0
41.56 613.417 0.00699301 0
30.9477 49.4012 0.00966184 0
30.9477 49.4012 0.0164609 0
30.9477 49.4012 0.0034965 0
30.9477 49.4012 0.273743 0
30.9477 49.4012 0.0308642 0
30.9477 49.4012 0.00617284 0
30.9477 49.4012 0.0205479 0
30.9477 49.4012 0.0155039 0
30.9477 49.4012 0.00628931 0
30.9477 49.4012 0.162162 0
30.9477 49.4012 0.0135135 0
30.9477 49.4012 0.14557 0
30.9477 49.4012 0.1625 0
7.60658 18.5771 0.017094 0
7.60658 18.5771 0.0392157 0
30.9477 49.4012 0.0924855 0
30.9477 49.4012 0.12 0
7.60658 18.5771 0.00757576 0
7.60658 18.5771 0.039604 0
7.60658 18.5771 0.258278 0
7.60658 18.5771 0.229814 0
7.60658 18.5771 0.0392157 0
7.60658 18.5771 0.0322581 0
25.6838 30.8242 0.0410959 0
7.60658 18.5771 0.0322581 0
7.60658 18.5771 0.174242 0
7.60658 18.5771 0.018018 0
7.60658 18.5771 0.0060241 0
41.56 613.417 0.00869565 0
41.56 613.417 0.186916 0
41.56 613.417 0.0795455 0
41.56 613.417 0.0375 0
41.56 613.417 0.016129 0
41.56 613.417 0.125 0
41.56 613.417 0.0598291 0
41.56 613.417 0.0135135 0
41.56 613.417 0.0416667 0
41.56 613.417 0.0273224 0
41.56 613.417 0.00699301 0
41.56 613.417 0.0172414 0
41.56 613.417 0.17284 0
41.56 613.417 0.0172414 0
41.56 613.417 0.0408163 0
41.56 613.417 0.0178571 0
41.56 613.417 0.0107527 0
41.56 613.417 0.050505 0
30.9477 49.4012 0.273743 0
30.9477 49.4012 0.0205479 0
30.9477 49.4012 0.0308642 0
30.9477 49.4012 0.0155039 0
30.9477 49.4012 0.00628931 0
30.9477 49.4012 0.162162 0
30.9477 49.4012 0.00617284 0
30.9477 49.4012 0.0135135 0
30.9477 49.4012 0.14557 0
30.9477 49.4012 0.0924855 0
25.6838 30.8242 0.00813008 0
25.6838 30.8242 0.10303 0
30.9477 49.4012 0.1625 0
30.9477 49.4012 0.12 0
25.6838 30.8242 0.0410959 0
25.6838 30.8242 0.12 0
25.6838 30.8242 0.125749 0
25.6838 30.8242 0.146667 0
25.6838 30.8242 0.00438596 0
7.60658 18.5771 0.017094 0
7.60658 18.5771 0.00757576 0
25.6838 30.8242 0.00813008 0
25.6838 30.8242 0.12 0
25.6838 30.8242 0.0526316 0
7.60658 18.5771 0.174242 0
7.60658 18.5771 0.018018 0
41.56 613.417 0.0416667 0
41.56 613.417 0.17284 0
41.56 613.417 0.0677966 0
41.56 613.417 0.00892857 0
41.56 613.417 0.0408163 0
41.56 613.417 0.0178571 0
41.56 613.417 0.0677966 0
41.56 613.417 0.0108696 0
41.56 613.417 0.0108696 0
41.56 613.417 0.0107527 0
41.56 613.417 0.050505 0
41.56 613.417 0.0947368 0
41.56 613.417 0.00769231 0
41.56 613.417 0.0104167 0
41.56 613.417 0.0947368 0
41.56 613.417 0.0175439 0
41.56 613.417 0.00641026 0
41.56 613.417 0.00769231 0
26.7884 143.907 0.0131004 0
25.6838 30.8242 0.0526316 0
25.6838 30.8242 0.0897436 0
25.6838 30.8242 0.0143885 0
25.6838 30.8242 0.10303 0
25.6838 30.8242 0.125749 0
25.6838 30.8242 0.0897436 0
25.6838 30.8242 0.0113636 0
25.6838 30.8242 0.0388889 0
25.6838 30.8242 0.146667 0
25.6838 30.8242 0.00438596 0
41.56 613.417 0.00892857 0
41.56 613.417 0.0175439 0
41.56 613.417 0.00641026 0
41.56 613.417 0.0291262 0
41.56 613.417 0.0104167 0
41.56 613.417 0.0291262 0
41.56 613.417 0.0813008 0
41.56 613.417 0.0859375 0
41.56 613.417 0.0171429 0
26.7884 143.907 0.00492611 0
26.7884 143.907 0.0285714 0
26.7884 143.907 0.010101 0
26.7884 143.907 0.0502793 0
26.7884 143.907 0.0596026 0
26.7884 143.907 0.0177515 0
26.7884 143.907 0.0131004 0
26.7884 143.907 0.00492611 0
26.7884 143.907 0.0502793 0
26.7884 143.907 0.0452261 0
26.7884 143.907 0.0344828 0
25.6838 30.8242 0.0113636 0
26.7884 143.907 0.0452261 0
25.6838 30.8242 0.00628931 0
26.7884 143.907 0.142857 0
26.7884 143.907 0.171674 0
25.6838 30.8242 0.0388889 0
26.7884 143.907 0.0344828 0
25.6838 30.8242 0.0245399 0
26.7884 143.907 0.11399 0
26.7884 143.907 0.28692 0
25.6838 30.8242 0.0143885 0
25.6838 30.8242 0.00628931 0
25.6838 30.8242 0.0245399 0
2.92546 113.082 0.00970874 0
2.92546 113.082 0.00431034 0
41.56 613.417 0.0813008 0
41.56 613.417 0.0859375 0
41.56 613.417 0.0171429 0
41.56 613.417 0.0245902 0
41.56 613.417 0.0245902 0
41.56 613.417 0.136691 0
41.56 613.417 0.165414 0
41.56 613.417 0.00694444 0
26.7884 143.907 0.0764706 0
26.7884 143.907 0.00537634 0
26.7884 143.907 0.0568182 0
26.7884 143.907 0.0100503 0
26.7884 143.907 0.0903614 0
26.7884 143.907 0.00549451 0
26.7884 143.907 0.0285714 0
26.7884 143.907 0.0596026 0
26.7884 143.907 0.0568182 0
26.7884 143.907 0.010101 0
26.7884 143.907 0.0100503 0
26.7884 143.907 0.0177515 0
26.7884 143.907 0.142857 0
26.7884 143.907 0.11399 0
26.7884 143.907 0.171674 0
26.7884 143.907 0.28692 0
2.92546 113.082 0.00970874 0
2.92546 113.082 0.00431034 0
2.92546 113.082 0.0352941 0
2.92546 113.082 0.136612 0
2.92546 113.082 0.0352113 0
2.92546 113.082 0.0352941 0
2.92546 113.082 0.136612 0
2.92546 113.082 0.28934 0
2.92546 113.082 0.0126582 0
41.56 613.417 0.136691 0
41.56 613.417 0.00694444 0
41.56 613.417 0.00684932 0
41.56 613.417 0.165414 0
41.56 613.417 0.00714286 0
41.56 613.417 0.0172414 0
41.56 613.417 0.00684932 0
41.56 613.417 0.00714286 0
26.7884 143.907 0.0102564 0
26.7884 143.907 0.142857 0
26.7884 143.907 0.0779221 0
26.7884 143.907 0.0764706 0
26.7884 143.907 0.0903614 0
26.7884 143.907 0.0102564 0
26.7884 143.907 0.00537634 0
26.7884 143.907 0.00549451 0
2.92546 113.082 0.025641 0
2.92546 113.082 0.28934 0
2.92546 113.082 0.0126582 0
2.92546 113.082 0.0961538 0
2.92546 113.082 0.113514 0
2.92546 113.082 0.0130719 0
2.92546 113.082 0.0352113 0
2.92546 113.082 0.0961538 0
41.56 613.417 0.0847458 0
41.56 613.417 0.0657895 0
41.56 613.417 0.0901639 0
41.56 613.417 0.26506 0
41.56 613.417 0.0172414 0
41.56 613.417 0.0847458 0
41.56 613.417 0.0657895 0
41.56 613.417 0.0901639 0
26.7884 143.907 0.0855263 0
26.7884 143.907 0.142857 0
26.7884 143.907 0.0779221 0
26.7884 143.907 0.0855263 0
26.7884 143.907 0.0222222 0
26.7884 143.907 0.0443038 0
26.7884 143.907 0.102273 0
26.7884 143.907 0.0103627 0
2.92546 113.082 0.0480349 0
2.92546 113.082 0.025641 0
2.92546 113.082 0.113514 0
2.92546 113.082 0.0480349 0
2.92546 113.082 0.0315789 0
2.92546 113.082 0.0130719 0
2.92546 113.082 0.00632911 0
2.92546 113.082 0.0202703 0
41.56 613.417 0.008 0
47.7671 390.183 0.0687023 0
41.56 613.417 0.26506 0
41.56 613.417 0.008 0
30.8818 223.235 0.0113636 0
30.8818 223.235 0.278846 0
30.8818 223.235 0.0813008 0
30.8818 223.235 0.0118343 0
26.7884 143.907 0.0222222 0
26.7884 143.907 0.0443038 0
26.7884 143.907 0.0101523 0
26.7884 143.907 0.102273 0
26.7884 143.907 0.0103627 0
26.7884 143.907 0.153488 0
26.7884 143.907 0.0101523 0
26.7884 143.907 0.153488 0
26.7884 143.907 0.026455 0
26.7884 143.907 0.146739 0
26.7884 143.907 0.0184049 0
26.7884 143.907 0.0253165 0
2.92546 113.082 0.00806452 0
2.92546 113.082 0.0315789 0
2.92546 113.082 0.00632911 0
2.92546 113.082 0.0202703 0
2.92546 113.082 0.0628931 0
2.92546 113.082 0.122172 0
2.92546 113.082 0.0382166 0
2.92546 113.082 0.00806452 0
2.92546 113.082 0.0628931 0
2.92546 113.082 0.0592105 0
2.92546 113.082 0.122172 0
2.92546 113.082 0.219626 0
2.92546 113.082 0.048913 0
47.7671 390.183 0.0628931 0
41.56 613.417 0.0211268 0
47.7671 390.183 0.246637 0
47.7671 390.183 0.0150376 0
47.7671 390.183 0.0687023 0
30.8818 223.235 0.0113636 0
30.8818 223.235 0.278846 0
47.7671 390.183 0.0628931 0
30.8818 223.235 0.272727 0
47.7671 390.183 0.013986 0
41.56 613.417 0.0211268 0
30.8818 223.235 0.272727 0
30.8818 223.235 0.0283688 0
30.8818 223.235 0.0813008 0
30.8818 223.235 0.0118343 0
30.8818 223.235 0.189474 0
30.8818 223.235 0.00578035 0
30.8818 223.235 0.114035 0
30.8818 223.235 0.189474 0
30.8818 223.235 0.102564 0
30.8818 223.235 0.00578035 0
26.7884 143.907 0.026455 0
26.7884 143.907 0.0184049 0
26.7884 143.907 0.146739 0
26.7884 143.907 0.0253165 0
26.7884 143.907 0.117073 0
26.7884 143.907 0.117073 0
26.7884 143.907 0.0938967 0
26.7884 143.907 0.0384615 0
2.92546 113.082 0.0141844 0
2.92546 113.082 0.0243902 0
2.92546 113.082 0.0363636 0
2.92546 113.082 0.0592105 0
2.92546 113.082 0.219626 0
2.92546 113.082 0.0466667 0
2.92546 113.082 0.0718232 0
2.92546 113.082 0.0163043 0
2.92546 113.082 0.048913 0
2.92546 113.082 0.00833333 0
2.92546 113.082 0.117188 0
2.92546 113.082 0.0264901 0
2.92546 113.082 0.0331126 0
2.92546 113.082 0.0382166 0
2.92546 113.082 0.0466667 0
2.92546 113.082 0.00833333 0
47.7671 390.183 0.013986 0
47.7671 390.183 0.0144928 0
47.7671 390.183 0.25 0
47.7671 390.183 0.0212766 0
47.7671 390.183 0.246637 0
30.8818 223.235 0.0283688 0
47.7671 390.183 0.0144928 0
47.7671 390.183 0.0150376 0
30.8818 223.235 0.102564 0
30.8818 223.235 0.123711 0
30.8818 223.235 0.1875 0
30.8818 223.235 0.0210526 0
30.8818 223.235 0.114035 0
30.8818 223.235 0.123711 0
30.8818 223.235 0.0263158 0
30.8818 223.235 0.00666667 0
30.8818 223.235 0.00803213 0
26.7884 143.907 0.0938967 0
26.7884 143.907 0.0384615 0
26.7884 143.907 0.027933 0
26.7884 143.907 0.027933 0
2.92546 113.082 0.0346821 0
26.7884 143.907 0.0443038 0
2.92546 113.082 0.0306748 0
18.5342 88.3214 0.0327869 0
2.92546 113.082 0.0147059 0
2.92546 113.082 0.015873 0
2.92546 113.082 0.0141844 0
2.92546 113.082 0.117188 0
2.92546 113.082 0.0346821 0
2.92546 113.082 0.0147059 0
2.92546 113.082 0.144737 0
19.5582 24.761 0.0843373 0
19.5582 24.761 0.1 0
2.92546 113.082 0.0243902 0
2.92546 113.082 0.0363636 0
2.92546 113.082 0.0718232 0
2.92546 113.082 0.0264901 0
19.5582 24.761 0.0163934 0
2.92546 113.082 0.0331126 0
19.5582 24.761 0.0382514 0
2.92546 113.082 0.0163043 0
19.5582 24.761 0.092511 0
47.7671 390.183 0.25 0
47.7671 390.183 0.142132 0
47.7671 390.183 0.0212766 0
47.7671 390.183 0.0165746 0
30.8818 223.235 0.117241 0
30.8818 223.235 0.1875 0
30.8818 223.235 0.117241 0
30.8818 223.235 0.136364 0
30.8818 223.235 0.27027 0
30.8818 223.235 0.00632911 0
30.8818 223.235 0.0104167 0
30.8818 223.235 0.0193548 0
30.8818 223.235 0.0263158 0
30.8818 223.235 0.00666667 0
30.8818 223.235 0.00803213 0
30.8818 223.235 0.136364 0
30.8818 223.235 0.111111 0
30.8818 223.235 0.0210526 0
30.8818 223.235 0.111111 0
30.8818 223.235 0.0636364 0
30.8818 223.235 0.0454545 0
30.8818 223.235 0.0159574 0
30.8818 223.235 0.00584795 0
30.8818 223.235 0.00395257 0
30.8818 223.235 0.012987 0
30.8818 223.235 0.0188679 0
44.9391 55.5852 0.00813008 0
44.9391 55.5852 0.0555556 0
44.9391 55.5852 0.0353982 0
44.9391 55.5852 0.0816327 0
44.9391 55.5852 0.0130719 0
44.9391 55.5852 0.00653595 0
44.9391 55.5852 0.0769231 0
26.7884 143.907 0.0443038 0
26.7884 143.907 0.0437956 0
25.6838 30.8242 0.0687023 0
44.9391 55.5852 0.0264901 0
44.9391 55.5852 0.00606061 0
44.9391 55.5852 0.401408 0
44.9391 55.5852 0.0268456 0
2.92546 113.082 0.144737 0
26.7884 143.907 0.0437956 0
2.92546 113.082 0.0915493 0
18.5342 88.3214 0.197531 0
18.5342 88.3214 0.00568182 0
18.5342 88.3214 0.0653595 0
18.5342 88.3214 0.075 0
2.92546 113.082 0.0306748 0
2.92546 113.082 0.015873 0
25.6838 30.8242 0.0687023 0
2.92546 113.082 0.0915493 0
19.5582 24.761 0.0128205 0
19.5582 24.761 0.00666667 0
19.5582 24.761 0.142857 0
18.5342 88.3214 0.0327869 0
19.5582 24.761 0.0843373 0
44.9391 55.5852 0.0264901 0
18.5342 88.3214 0.197531 0
19.5582 24.761 0.0128205 0
19.5582 24.761 0.1 0
19.5582 24.761 0.0163934 0
19.5582 24.761 0.0382514 0
19.5582 24.761 0.00666667 0
19.5582 24.761 0.188811 0
19.5582 24.761 0.188811 0
19.5582 24.761 0.023622 0
19.5582 24.761 0.0382166 0
19.5582 24.761 0.0437956 0
19.5582 24.761 0.153846 0
19.5582 24.761 0.0273973 0
19.5582 24.761 0.092511 0
19.5582 24.761 0.023622 0
47.7671 390.183 0.142132 0
47.7671 390.183 0.0165746 0
47.7671 390.183 0.0186916 0
47.7671 390.183 0.270936 0
47.7671 390.183 0.0268817 0
47.7671 390.183 0.0186916 0
30.8818 223.235 0.27027 0
30.8818 223.235 0.0636364 0
30.8818 223.235 0.00632911 0
30.8818 223.235 0.0104167 0
30.8818 223.235 0.0193548 0
30.8818 223.235 0.0454545 0
30.8818 223.235 0.0159574 0
30.8818 223.235 0.00584795 0
30.8818 223.235 0.012987 0
30.8818 223.235 0.00395257 0
30.8818 223.235 0.0188679 0
30.8818 223.235 0.0352941 0
30.8818 223.235 0.00632911 0
30.8818 223.235 0.0108696 0
30.8818 223.235 0.0352941 0
30.8818 223.235 0.0791367 0
30.8818 223.235 0.08125 0
30.8818 223.235 0.100629 0
30.8818 223.235 0.00724638 0
30.8818 223.235 0.0465116 0
30.8818 223.235 0.0324675 0
30.8818 223.235 0.00621118 0
30.8818 223.235 0.0153846 0
30.8818 223.235 0.0495868 0
30.8818 223.235 0.015625 0
30.8818 223.235 0.0235294 0
30.8818 223.235 0.0112994 0
30.8818 223.235 0.0441989 0
30.8818 223.235 0.00540541 0
44.9391 55.5852 0.036036 0
30.8818 223.235 0.0909091 0
30.8818 223.235 0.0884354 0
44.9391 55.5852 0.0630631 0
44.9391 55.5852 0.00813008 0
44.9391 55.5852 0.0353982 0
44.9391 55.5852 0.036036 0
20.8581 167.649 0.047619 0
44.9391 55.5852 0.0555556 0
44.9391 55.5852 0.0816327 0
44.9391 55.5852 0.0130719 0
44.9391 55.5852 0.027933 0
44.9391 55.5852 0.027933 0
44.9391 55.5852 0.0165746 0
44.9391 55.5852 0.00653595 0
44.9391 55.5852 0.00606061 0
18.5342 88.3214 0.00568182 0
44.9391 55.5852 0.0165746 0
44.9391 55.5852 0.0769231 0
44.9391 55.5852 0.401408 0
18.5342 88.3214 0.0653595 0
44.9391 55.5852 0.0268456 0
18.5342 88.3214 0.075 0
19.5582 24.761 0.142857 0
19.5582 24.761 0.0382166 0
19.5582 24.761 0.0437956 0
19.5582 24.761 0.153846 0
19.5582 24.761 0.0273973 0
47.7671 390.183 0.00925926 0
47.7671 390.183 0.270936 0
47.7671 390.183 0.0309278 0
47.7671 390.183 0.187215 0
47.7671 390.183 0.0268817 0
47.7671 390.183 0.10396 0
30.8818 223.235 0.0791367 0
30.8818 223.235 0.00787402 0
30.8818 223.235 0.00632911 0
30.8818 223.235 0.00787402 0
30.8818 223.235 0.0142857 0
30.8818 223.235 0.00632911 0
30.8818 223.235 0.0108696 0
30.8818 223.235 0.0120482 0
30.8818 223.235 0.048913 0
30.8818 223.235 0.0253165 0
30.8818 223.235 0.0107527 0
30.8818 223.235 0.00641026 0
30.8818 223.235 0.08125 0
30.8818 223.235 0.100629 0
30.8818 223.235 0.0253165 0
30.8818 223.235 0.10625 0
30.8818 223.235 0.00724638 0
30.8818 223.235 0.0153846 0
30.8818 223.235 0.057554 0
30.8818 223.235 0.0465116 0
30.8818 223.235 0.0324675 0
30.8818 223.235 0.0495868 0
30.8818 223.235 0.0235294 0
30.8818 223.235 0.0923077 0
30.8818 223.235 0.00621118 0
30.8818 223.235 0.015625 0
30.8818 223.235 0.0112994 0
30.8818 223.235 0.0441989 0
30.8818 223.235 0.0909091 0
20.8581 167.649 0.0819672 0
20.8581 167.649 0.0204082 0
30.8818 223.235 0.00540541 0
30.8818 223.235 0.0884354 0
20.8581 167.649 0.047619 0
20.8581 167.649 0.277778 0
20.8581 167.649 0.0196078 0
20.8581 167.649 0.0111732 0
44.9391 55.5852 0.0630631 0
20.8581 167.649 0.0819672 0
20.8581 167.649 0.277778 0
20.8581 167.649 0.028169 0
20.8581 167.649 0.0855263 0
47.7671 390.183 0.0309278 0
47.7671 390.183 0.0608108 0
47.7671 390.183 0.0294118 0
47.7671 390.183 0.187215 0
47.7671 390.183 0.10396 0
47.7671 390.183 0.104046 0
47.7671 390.183 0.00787402 0
47.7671 390.183 0.00990099 0
47.7671 390.183 0.00925926 0
47.7671 390.183 0.0608108 0
47.7671 390.183 0.104046 0
30.8818 223.235 0.0142857 0
30.8818 223.235 0.0120482 0
30.8818 223.235 0.00632911 0
30.8818 223.235 0.048913 0
30.8818 223.235 0.0107527 0
30.8818 223.235 0.00641026 0
30.8818 223.235 0.00632911 0
30.8818 223.235 0.10625 0
30.8818 223.235 0.057554 0
30.8818 223.235 0.0923077 0
30.8818 223.235 0.00632911 0
30.8818 223.235 0.0111732 0
20.8581 167.649 0.028169 0
20.8581 167.649 0.0254237 0
20.8581 167.649 0.0855263 0
20.8581 167.649 0.046875 0
20.8581 167.649 0.0195122 0
20.8581 167.649 0.0204082 0
20.8581 167.649 0.0196078 0
20.8581 167.649 0.0254237 0
20.8581 167.649 0.046875 0
20.8581 167.649 0.00934579 0
20.8581 167.649 0.0111732 0
20.8581 167.649 0.0195122 0
20.8581 167.649 0.0330578 0
47.7671 390.183 0.0294118 0
47.7671 390.183 0.00787402 0
47.7671 390.183 0.026087 0
47.7671 390.183 0.00990099 0
30.8818 223.235 0.0111732 0
20.8581 167.649 0.00934579 0
20.8581 167.649 0.0320856 0
20.8581 167.649 0.0330578 0
20.8581 167.649 0.0322581 0
20.8581 167.649 0.00636943 0
20.8581 167.649 0.0320856 0
20.8581 167.649 0.0322581 0
20.8581 167.649 0.00636943 0
20.8581 167.649 0.00636943 0
20.8581 167.649 0.0105263 0
20.8581 167.649 0.0662983 0
47.7671 390.183 0.026087 0
47.7671 390.183 0.0116959 0
47.7671 390.183 0.181818 0
47.7671 390.183 0.0116959 0
47.7671 390.183 0.0117647 0
20.8581 167.649 0.00636943 0
20.8581 167.649 0.0105263 0
20.8581 167.649 0.0662983 0
20.8581 167.649 0.00490196 0
47.7671 390.183 0.0117647 0
47.7671 390.183 0.1875 0
47.7671 390.183 0.205405 0
47.7671 390.183 0.181818 0
47.7671 390.183 0.1875 0
74.6907 428.515 0.038674 0
20.8581 167.649 0.00490196 0
20.8581 167.649 0.013245 0
74.6907 428.515 0.274419 0
74.6907 428.515 0.00904977 0
20.8581 167.649 0.013245 0
20.8581 167.649 0.111111 0
59.0434 596.165 0.015625 0
59.0434 596.165 0.0522388 0
59.0434 596.165 0.0390625 0
47.7671 390.183 0.205405 0
47.7671 390.183 0.0177515 0
47.7671 390.183 0.132948 0
47.7671 390.183 0.034188 0
74.6907 428.515 0.00617284 0
20.8581 167.649 0.111111 0
74.6907 428.515 0.125984 0
74.6907 428.515 0.0300752 0
74.6907 428.515 0.038674 0
74.6907 428.515 0.274419 0
59.0434 596.165 0.015625 0
74.6907 428.515 0.00617284 0
74.6907 428.515 0.125984 0
74.6907 428.515 0.118227 0
74.6907 428.515 0.00904977 0
59.0434 596.165 0.0522388 0
59.0434 596.165 0.0390625 0
74.6907 428.515 0.0300752 0
59.0434 596.165 0.00689655 0
59.0434 596.165 0.00689655 0
59.0434 596.165 0.0545455 0
59.0434 596.165 0.012987 0
59.0434 596.165 0.00487805 0
59.0434 596.165 0.0689655 0
59.0434 596.165 0.00485437 0
59.0434 596.165 0.0666667 0
47.7671 390.183 0.0177515 0
47.7671 390.183 0.132948 0
47.7671 390.183 0.034188 0
47.7671 390.183 0.126374 0
47.7671 390.183 0.00515464 0
47.7671 390.183 0.0574713 0
47.7671 390.183 0.025641 0
47.7671 390.183 0.126374 0
47.7671 390.183 0.0204082 0
47.7671 390.183 0.00515464 0
74.6907 428.515 0.0100503 0
74.6907 428.515 0.118227 0
74.6907 428.515 0.0764706 0
74.6907 428.515 0.108527 0
74.6907 428.515 0.0166667 0
74.6907 428.515 0.032967 0
74.6907 428.515 0.0764706 0
74.6907 428.515 0.0571429 0
74.6907 428.515 0.108527 0
74.6907 428.515 0.00438596 0
59.0434 596.165 0.0545455 0
59.0434 596.165 0.00485437 0
59.0434 596.165 0.012987 0
59.0434 596.165 0.00487805 0
59.0434 596.165 0.0689655 0
59.0434 596.165 0.0666667 0
59.0434 596.165 0.011976 0
59.0434 596.165 0.00564972 0
59.0434 596.165 0.011976 0
59.0434 596.165 0.00564972 0
59.0434 596.165 0.0353982 0
59.0434 596.165 0.0377358 0
59.0434 596.165 0.0421053 0
59.0434 596.165 0.137615 0
59.0434 596.165 0.00934579 0
47.7671 390.183 0.025 0
47.7671 390.183 0.0204082 0
47.7671 390.183 0.37234 0
47.7671 390.183 0.157895 0
47.7671 390.183 0.0574713 0
47.7671 390.183 0.025 0
47.7671 390.183 0.37234 0
47.7671 390.183 0.025641 0
47.7671 390.183 0.157895 0
74.6907 428.515 0.148515 0
74.6907 428.515 0.0571429 0
74.6907 428.515 0.00438596 0
74.6907 428.515 0.326667 0
74.6907 428.515 0.210526 0
74.6907 428.515 0.0100503 0
74.6907 428.515 0.0166667 0
74.6907 428.515 0.148515 0
74.6907 428.515 0.326667 0
74.6907 428.515 0.032967 0
74.6907 428.515 0.210526 0
59.0434 596.165 0.0353982 0
59.0434 596.165 0.0377358 0
59.0434 596.165 0.0121951 0
59.0434 596.165 0.0645161 0
59.0434 596.165 0.0121951 0
59.0434 596.165 0.0645161 0
59.0434 596.165 0.0410959 0
59.0434 596.165 0.0421053 0
59.0434 596.165 0.0410959 0
59.0434 596.165 0.137615 0
59.0434 596.165 0.00934579 0
59.0434 596.165 0.288462 0
59.0434 596.165 0.288462 0
