107.381 139.789 0.0930233 1
126.699 317.293 0.0833333 1
64.3423 455.459 0.169643 1
62.156 391.526 0.344828 1
72.5105 567.725 0.019802 1
106.778 602.879 0.285714 1
36.1913 629.52 0.0232558 1
76.4516 653.474 0.0588235 1
50.8791 617.514 0.0869565 1
53.4822 609.839 0.00719424 1
74.1013 664.365 0.345528 1
55.2685 603.494 0.0350877 1
5.61349 620.023 0.475728 1
43.2264 588.945 0.0638298 0
83.9636 629.078 0.0196078 1
36.2915 597.772 0.157895 0
36.2915 597.772 0.0638298 0
36.2915 597.772 0.157895 0
36.2915 597.772 0.265957 0
36.2915 597.772 0.0149254 0
36.2915 597.772 0.0289855 0
46.0597 3.63499 0.166667 1
23.2636 517.362 0.265957 0
44.6197 628.634 0.0708661 1
26.7537 503.205 0.0978261 0
30.4521 634.241 0.431818 1
28.0656 493.325 0.0769231 0
39.7287 632.951 0.08 0
38.5469 624.948 0.0542636 1
38.4979 633.481 0.0140845 1
36.9261 622.919 0.047619 0
85.5712 615.648 0.030303 1
4.92284 625.981 0.0111111 1
27.469 639.467 0.0928571 1
29.222 613.799 0.136691 1
101.336 10.3015 0.0344828 1
69.0686 303.027 0.432 1
6.97478 256.842 0.125 1
19.2169 614.9 0.0106383 1
23.576 532.416 0.0361446 0
56.3009 589.152 0.197183 1
80.4431 619.212 0.00714286 0
68.0631 598.108 0.0243902 0
23.0508 532.301 0.0909091 0
43.2156 588.827 0.0133333 0
68.0631 598.108 0.0243902 0
45.7945 65.807 0.188976 1
23.8396 100.196 0.141304 1
26.2529 62.9695 0.429487 1
13.0218 74.2059 0.19403 1
61.6795 509.236 0.0361446 0
61.6795 509.236 0.0909091 0
59.1094 106.589 0.0330578 1
53.2791 173.102 0.503704 1
96.9555 187.128 0.00961538 0
83.1329 167.399 0.0229885 0
76.0828 192.311 0.205607 0
96.9555 187.128 0.00961538 0
55.4771 5.20662 0.05 1
17.5266 133.494 0.139241 1
2.9438 161.56 0.323232 1
62.3595 145.006 0.0902256 1
63.8879 245.669 0.00617284 1
39.7669 331.086 0.315556 1
29.4944 313.885 0.120482 1
37.9109 300.771 0.227848 1
58.4443 307.895 0.00840336 1
57.0054 324.18 0.27673 1
24.9407 348.045 0.0240385 1
39.4238 359.499 0.0153846 1
75.2306 368.557 0.0138889 1
41.3554 375.578 0.287356 1
47.6756 389.756 0.0582011 1
89.1901 398.42 0.0172414 1
59.2772 435.397 0.0260417 1
108.131 460.987 0.00746269 1
94.0079 484.012 0.0661157 1
90.9418 505.628 0.025 1
102.764 537.008 0.0408163 1
86.9125 568.686 0.190083 1
34.1843 561.233 0.1 1
53.9077 553.346 0.015625 1
40.0668 562.655 0.0247934 1
18.0594 559.396 0.00515464 1
41.1319 553.588 0.00862069 1
54.4137 529.258 0.00819672 1
41.8738 543.716 0.0173913 1
32.725 501.861 0.0490196 1
25.224 536.444 0.0432099 1
50.6974 547.439 0.0313901 1
13.1342 536.156 0.205993 1
27.6336 526.607 0.0386266 1
20.4326 540.665 0.120623 1
29.0082 520.635 0.00373134 1
8.11025 518.561 0.0490566 1
18.4097 507.354 0.0357143 1
1.60019 512.23 0.00724638 1
25.9231 495.903 0.076 1
10.8264 483.098 0.0138249 1
54.3101 497.302 0.0060241 1
44.5789 502.561 0.0379747 1
47.3829 505.173 0.00434783 1
57.958 499.86 0.0472973 1
28.7173 513.065 0.00813008 1
50.2277 513.851 0.0231214 1
6.73914 1.26065 0.451852 1
57.0665 506.712 0.0471204 1
37.1838 514.912 0.00571429 1
58.5085 491.35 0.119048 1
9.38317 23.3221 0.392157 1
47.9561 436.488 0.0291971 1
43.0395 486.911 0.0736842 1
5.64748 511.054 0.201613 1
75.3758 576.497 0.266667 1
30.5911 543.946 0.0786517 1
73.9232 577.842 0.0434783 1
75.2086 616.739 0.0660377 1
65.4905 602.083 0.021978 1
26.482 470.144 0.0149254 0
26.482 470.144 0.0289855 0
26.482 470.144 0.0978261 0
26.482 470.144 0.0769231 0
82.2715 149.733 0.0306122 1
55.5223 302.642 0.0666667 1
65.1058 334.202 0.013986 1
18.89 315.177 0.328571 1
14.9992 290.76 0.123894 1
32.6824 298.346 0.109091 1
48.8335 314.703 0.08 0
48.8335 314.703 0.047619 0
48.8335 314.703 0.228261 0
44.1397 305.896 0.0113636 0
48.8335 314.703 0.228261 0
48.8335 314.703 0.0104167 0
54.4153 620.599 0.0121951 1
39.4504 635.757 0.0520833 1
72.5819 628.025 0.0114943 1
35.2653 602.056 0.0232558 1
12.4701 526.344 0.0306122 1
38.829 423.611 0.00775194 0
83.2004 632.119 0.0405405 0
76.4807 625.248 0.114286 0
38.829 423.611 0.00714286 0
38.829 423.611 0.00775194 0
53.2519 208.508 0.00460829 1
36.5639 235.97 0.272727 1
18.0822 236.465 0.25641 1
27.6988 219.408 0.0179372 1
53.91 405.109 0.0133333 0
66.6495 213.553 0.117647 1
86.8914 260.323 0.0229885 0
38.5279 505.106 0.0493827 0
86.8914 260.323 0.178218 0
40.0949 490.88 0.0857143 1
86.3266 260.129 0.205607 0
86.3266 260.129 0.0247934 0
38.0075 504.912 0.037037 0
86.3266 260.129 0.00645161 0
45.3775 468.604 0.12782 1
13.7339 508.102 0.0597015 1
18.2923 483.779 0.00877193 1
41.0133 502.071 0.027027 1
52.8817 508.333 0.0802469 1
50.6653 386.054 0.0628931 1
76.2541 516.484 0.00714286 1
69.5923 520.861 0.0194175 1
50.6629 511.671 0.270588 1
7.90501 505.304 0.239583 1
28.4198 511.276 0.0923077 1
45.8387 506.164 0.121795 1
15.2819 493.54 0.0151515 1
71.8175 503.668 0.026455 1
54.6339 501.026 0.232804 1
24.7156 507.101 0.0483092 1
29.9802 501.77 0.0128205 1
48.025 509.913 0.0136364 1
36.0188 506.714 0.338308 1
27.5246 512.902 0.0714286 1
24.1087 513.205 0.00518135 1
28.9077 509.797 0.0388889 1
34.8946 508.49 0.107143 1
41.0312 495.948 0.0819672 1
45.3307 493.247 0.0746888 1
82.6017 533.559 0.317647 1
39.4947 432.503 0.167939 1
92.7849 643.634 0.2 1
70.2298 554.528 0.0310078 1
7.22351 579.665 0.00826446 1
73.464 614.25 0.164835 1
45.5885 340.321 0.05 0
90.224 660.356 0.00438596 0
45.5885 340.321 0.05 0
48.3712 320.035 0.119792 1
18.8472 325.412 0.176829 1
22.1748 305.512 0.692308 1
55.0375 338.497 0.0104167 0
55.8667 310.673 0.106383 1
52.9671 326.001 0.0113636 0
52.9671 326.001 0.0625 0
27.8527 652.503 0.077381 1
52.5053 321.057 0.0603015 0
41.6082 654.678 0.0882353 1
41.1845 648.841 0.578947 1
12.9997 625.211 0.07 1
99.7831 650.44 0.0131579 0
99.7831 650.44 0.00826446 0
46.9924 403.702 0.0405405 0
60.3597 246.738 0.00480769 1
41.5455 295.233 0.365217 1
39.4847 298.071 0.0238095 1
27.1145 299.87 0.00956938 1
56.1782 360.044 0.114286 0
3.61229 282.088 0.0625 1
44.0108 490.133 0.0493827 0
44.0108 490.133 0.037037 0
60.6092 285.225 0.166667 1
102.567 189.384 0.0806452 0
69.8801 307.509 0.22963 1
76.2421 286.745 0.12987 1
126.089 322.861 0.0102041 0
107.052 308.57 0.00793651 0
96.1694 158.676 0.178218 0
96.1694 158.676 0.0247934 0
96.1694 158.676 0.00645161 0
96.1694 158.676 0.0208333 0
96.1694 158.676 0.0806452 0
96.1694 158.676 0.0208333 0
18.6272 477.036 0.00806452 1
59.4807 461.496 0.0119048 1
23.496 466.39 0.190751 1
17.3359 460.78 0.228571 1
41.8036 486.64 0.194737 1
50.4618 487.803 0.0257732 1
57.965 495.99 0.0432099 1
65.0959 501.54 0.186207 1
57.2412 500.56 0.0934579 1
26.4038 485.145 0.16763 1
47.5785 496.029 0.0262009 1
13.2792 494.986 0.032967 1
33.7816 483.389 0.035461 1
50.4352 491.024 0.107143 1
88.8791 491.683 0.0260417 1
68.1555 495.205 0.358289 1
10.8756 495.009 0.0239521 1
4.51216 493.327 0.125 1
4.23411 500.156 0.0412371 1
15.362 496.556 0.147208 1
22.0771 497.395 0.0330189 1
33.1738 499.809 0.00641026 1
35.742 497.016 0.243802 1
24.1969 497.32 0.03861 1
37.4894 487.552 0.0900474 1
89.869 508.102 0.0721649 1
55.1116 599.75 0.0110497 1
73.7635 619.644 0.261261 1
88.2607 677.971 0.0280374 1
40.4701 604.734 0.10219 1
4.82576 637.054 0.0277778 1
55.8375 338.046 0.047619 0
103.563 655.726 0.00819672 0
55.8375 338.046 0.00438596 0
55.8375 338.046 0.047619 0
51.0969 317.68 0.264249 1
29.6131 383.633 0.126582 1
16.3382 363.533 0.121429 1
52.4637 346.51 0.0564516 1
61.1553 301.833 0.0625 0
61.1553 301.833 0.0603015 0
61.1553 301.833 0.00826446 0
61.1553 301.833 0.00588235 0
61.1553 301.833 0.00826446 0
61.1553 301.833 0.0699301 0
51.5594 644.565 0.0857143 1
25.2219 668.398 0.048 1
60.475 299.437 0.00588235 0
60.475 299.437 0.00520833 0
5.49985 654.807 0.00520833 1
25.8023 626.515 0.00769231 1
51.8893 326.96 0.0131579 0
51.8893 326.96 0.00826446 0
51.8893 326.96 0.0142857 0
33.668 319.022 0.0660377 0
48.9859 333.488 0.361963 1
52.3522 341.09 0.0223464 1
32.9628 343.108 0.0895522 1
13.2292 301.043 0.0405405 1
48.5334 292.988 0.126214 1
61.5315 329.345 0.270968 1
128.98 336.296 0.266667 0
102.703 136.875 0.116505 0
44.5563 346.865 0.111111 0
66.1211 315.889 0.03125 0
128.98 336.296 0.0102041 0
128.98 336.296 0.266667 0
33.3045 473.172 0.201613 1
103.018 135.416 0.00793651 0
103.018 135.416 0.116505 0
74.1457 482.281 0.0247934 1
38.1383 452.283 0.141593 1
88.5562 442.27 0.09 1
44.4801 446.51 0.216867 1
26.6138 462.463 0.0495868 1
10.2783 419.041 0.0394737 1
9.07743 433.124 0.0228571 1
15.188 369.445 0.0718563 1
53.9055 492.868 0.229592 1
59.6692 495.919 0.284946 1
50.5409 498.045 0.0674157 1
55.7447 498.217 0.0198676 1
22.0615 487.54 0.150838 1
40.0324 466.09 0.104575 1
65.2756 485.496 0.0310078 1
76.4842 492.665 0.015544 1
81.5368 473.104 0.348 1
15.1629 494.54 0.00406504 1
25.5199 493.753 0.169697 1
16.9274 495.649 0.0276243 1
4.35825 478.577 0.00884956 1
27.6229 494.901 0.062201 1
40.4957 496.009 0.025 1
55.6456 494.304 0.0197368 1
17.5177 495.705 0.0304569 1
29.481 493.19 0.212454 1
39.0667 473.552 0.177515 1
67.4717 609.49 0.0309278 1
55.4417 590.615 0.0242424 1
69.7991 555.858 0.00657895 1
72.4415 642.119 0.00877193 1
8.27742 617.75 0.0151515 1
59.3368 305.627 0.0258065 0
59.3368 305.627 0.00819672 0
59.3368 305.627 0.0258065 0
59.3368 305.627 0.0290698 0
57.9595 379.711 0.025641 1
49.8917 388.125 0.0220994 1
31.3971 394.841 0.131783 1
13.2307 374.214 0.0785714 1
39.9464 367.646 0.0285714 1
63.0485 272.983 0.0699301 0
63.0485 272.983 0.00520833 0
42.2302 402.899 0.0207254 0
63.0485 272.983 0.0327869 0
63.0485 272.983 0.0327869 0
36.7926 675.882 0.310526 1
50.7076 634.734 0.0149254 1
4.3234 609.439 0.0420168 1
62.8315 268.118 0.0186916 0
53.1452 324.885 0.0142857 0
73.162 657.342 0.287879 1
53.0002 324.792 0.0243902 0
53.0002 324.792 0.0660377 0
53.0002 324.792 0.0224719 0
107.366 671.379 0.0526316 0
53.0002 324.792 0.0243902 0
53.0002 324.792 0.0224719 0
59.5952 346.587 0.0328947 1
55.2342 363.285 0.0138889 1
51.229 367.225 0.0218978 1
35.9806 367.078 0.104 1
34.843 305.469 0.0268456 1
15.5109 328.629 0.190217 1
56.0415 348.319 0.2 1
106.984 117.245 0.111111 0
106.984 117.245 0.037037 0
92.9875 487.322 0.150943 1
84.9667 493.932 0.39881 1
103.616 490.568 0.00862069 1
105.1 131.18 0.03125 0
94.5783 486.528 0.230366 1
80.6835 461.158 0.059322 1
96.4905 459.134 0.075 1
39.5166 505.472 0.107345 1
50.9525 517 0.030303 1
39.63 508.356 0.152672 1
58.9682 524.309 0.11399 1
61.3246 524.699 0.0364583 1
50.5476 524.74 0.206522 1
34.0736 507.136 0.0182927 1
85.2237 510.867 0.0209424 1
75.4004 518 0.00483092 1
69.387 501.546 0.0189873 1
97.0765 515.107 0.153846 1
13.063 522.32 0.244898 1
4.12977 524.307 0.0393258 1
22.4775 519.937 0.00558659 1
31.2052 520.751 0.0875912 1
42.3748 524.145 0.0373134 1
47.9969 528.707 0.154255 1
34.661 516.71 0.0166667 1
28.5577 515.238 0.0408163 1
38.8419 515.248 0.309735 1
79.2526 577.817 0.116129 1
77.6504 628.392 0.0833333 1
31.5452 614.698 0.134503 1
60.9778 640.368 0.0608108 1
80.4816 666.676 0.0920245 1
65.0824 282.693 0.0290698 0
115.243 677.089 0.0443038 0
52.8491 394.396 0.101449 1
50.4222 423.64 0.160584 1
31.0105 392.183 0.113772 1
5.17599 382.205 0.0985222 1
69.7764 274.839 0.0327869 0
69.7764 274.839 0.0104167 0
77.1881 377.751 0.038835 0
69.7764 274.839 0.0327869 0
69.7764 274.839 0.0186916 0
69.7764 274.839 0.0104167 0
77.1881 377.751 0.213592 0
69.7764 274.839 0.0207254 0
69.7764 274.839 0.0104167 0
69.7764 274.839 0.0104167 0
15.8635 652.589 0.00584795 1
85.8174 683.108 0.243243 1
71.754 645.208 0.291667 1
38.4428 635.29 0.0185185 1
79.9917 665.198 0.027027 0
59.7459 321.75 0.0526316 0
58.3572 371.592 0.196891 1
40.8228 380.121 0.0174419 1
30.5994 388.441 0.161677 1
23.7592 374.986 0.0163934 1
17.2868 364.071 0.0650888 1
47.502 361.955 0.0078125 1
111.501 141.87 0.037037 0
111.501 141.87 0.00980392 0
111.501 141.87 0.0328638 0
51.0937 348.212 0.0283688 0
45.2178 339.272 0.0128205 0
111.501 141.87 0.00980392 0
75.062 490.082 0.0969697 1
93.6943 481.684 0.255814 1
110.396 147.589 0.0328638 0
101.72 511.379 0.0264901 1
27.7683 477.737 0.0446927 1
9.54312 505.159 0.0285714 1
114.091 489.943 0.0989011 1
44.8962 542.384 0.0133333 1
59.3398 542.23 0.0874317 1
50.3101 539.993 0.0714286 1
57.4679 542.404 0.102151 1
39.8687 522.273 0.05 1
29.1756 509.361 0.0182927 1
56.1061 523.511 0.0574713 1
87.5061 532.597 0.0408163 1
89.1609 526.965 0.0745098 1
2.25772 538.782 0.0128205 1
26.6272 542.823 0.210227 1
18.2935 546.453 0.366516 1
5.84843 529.283 0.140741 1
37.6958 541.154 0.310078 1
52.5368 545.658 0.11 1
44.5804 544.604 0.106918 1
13.1489 536.281 0.00411523 1
2.41883 539.903 0.0174672 1
18.4387 533.467 0.188312 1
24.1441 520.33 0.0318471 1
65.0473 597.183 0.207101 1
72.5022 618.829 0.035461 1
83.9091 636.932 0.155039 1
25.6446 654.617 0.216867 0
70.8548 289.15 0.00606061 0
25.6446 654.617 0.112245 0
34.3803 407.419 0.0140845 1
48.9645 417.336 0.193798 1
35.712 416.922 0.266667 1
74.651 290.677 0.0443038 0
74.651 290.677 0.00606061 0
53.9776 363.94 0.036036 0
26.1449 371.978 0.190909 1
38.1238 411.262 0.0806452 1
16.8181 377.939 0.170213 1
75.6853 292.085 0.038835 0
75.6853 292.085 0.213592 0
26.9241 682.822 0.0294118 0
69.363 665.187 0.0892857 1
76.2599 293.092 0.008 0
26.418 683.829 0.019802 0
79.7955 678.461 0.0366972 0
12.9992 665.466 0.0236686 1
119.481 688.309 0.0217391 0
79.8544 676.374 0.244898 0
119.481 688.309 0.0769231 0
123.62 701.405 0.0252101 0
79.8544 676.374 0.027027 0
79.8544 676.374 0.0366972 0
79.8544 676.374 0.244898 0
79.8544 676.374 0.0111111 0
39.7779 11.9344 0.254237 1
17.1292 69.8207 0.05 1
59.1199 329.526 0.126582 1
57.6829 412.774 0.0174672 1
53.3693 422.783 0.0116279 1
46.3023 419.605 0.0656934 1
27.2185 419.555 0.103448 1
8.21179 399.623 0.0326797 1
115.75 120.75 0.0175439 0
115.75 120.75 0.00483092 0
63.3028 406.246 0.271318 1
60.3606 384.228 0.078125 1
113.75 112.156 0.0283688 0
113.75 112.156 0.0175439 0
113.75 112.156 0.0603448 0
22.5624 522.893 0.0560748 1
5.75166 505.669 0.0740741 1
113.784 110.771 0.0128205 0
113.784 110.771 0.00483092 0
113.784 110.771 0.00952381 0
113.784 110.771 0.0382775 0
60.4254 505.602 0.0900901 1
84.3618 508.069 0.117647 0
116.852 518.895 0.0192308 0
84.3618 508.069 0.0697674 0
116.852 518.895 0.00819672 0
54.7659 516.834 0.0173913 0
23.1102 511.297 0.0540541 1
84.3468 507.897 0.037037 0
54.749 516.663 0.0240964 0
39.6636 535.321 0.0140845 1
54.8524 516.018 0.0625 0
50.4561 538.465 0.1875 1
23.3467 520.8 0.161616 1
61.6006 537.262 0.0365854 1
24.5383 520.702 0.00689655 1
40.0877 508.593 0.0691824 1
78.7514 527.185 0.00502513 1
104.688 516.562 0.0280899 1
73.3828 518.676 0.133603 1
14.3323 533.658 0.00714286 1
8.92864 542.138 0.0445545 1
18.2453 530.217 0.2625 1
54.1629 547.032 0.161905 1
25.9396 529.494 0.0209424 1
6.98395 531.83 0.0923077 1
11.5655 535.715 0.0723404 1
4.78822 525.134 0.0258621 1
60.3175 612.921 0.026738 1
13.6658 516.13 0.117318 1
78.9825 681.563 0.00617284 1
76.8049 640.225 0.0152672 1
26.8401 656.349 0.0666667 0
26.8401 656.349 0.216867 0
26.8401 656.349 0.112245 0
55.2308 362.532 0.036036 0
26.8401 656.349 0.0666667 0
55.2308 362.532 0.0232558 0
26.8401 656.349 0.0333333 0
47.7026 19.8588 0.130952 1
33.9604 71.964 0.0566038 1
10.2598 279.745 0.0232558 0
10.2598 279.745 0.0120482 0
10.2598 279.745 0.0373832 0
47.4048 418.715 0.152778 1
44.4506 421.195 0.206349 1
27.533 408.442 0.132653 1
10.4616 341.861 0.04 1
80.9525 299.848 0.008 0
86.5874 384.705 0.0384615 1
80.2651 293.052 0.0409836 0
39.4075 392.109 0.47 1
32.3951 373.799 0.049505 0
79.5455 291.883 0.0294118 0
79.5455 291.883 0.019802 0
79.5455 291.883 0.132653 0
79.5455 291.883 0.00980392 0
32.3951 373.799 0.0649351 0
60.5322 378.977 0.0674157 0
79.5455 291.883 0.0409836 0
79.5455 291.883 0.132653 0
62.6173 665.682 0.0495868 1
21.6195 671.052 0.075188 1
69.3907 282.758 0.0111111 0
79.1138 290.683 0.00980392 0
69.3907 282.758 0.00840336 0
69.3907 282.758 0.00625 0
37.732 641.285 0.392157 1
107.059 691.979 0.0210526 0
69.8374 281.609 0.0217391 0
69.8374 281.609 0.0769231 0
69.8374 281.609 0.00840336 0
42.3466 410.37 0.03125 1
69.965 281.614 0.0252101 0
69.965 281.614 0.00625 0
53.0891 424.949 0.00529101 1
52.8282 428.582 0.0441176 1
49.0466 433.353 0.22 1
45.2481 427.547 0.00564972 1
37.1461 402.983 0.00934579 1
118.558 109.051 0.00952381 0
118.558 109.051 0.0162602 0
15.6198 357.691 0.0352113 1
46.6258 381.305 0.0300752 0
118.069 113.288 0.0603448 0
118.069 113.288 0.0382775 0
118.069 113.288 0.155738 0
46.6258 381.305 0.227273 0
34.3764 532.239 0.723077 1
30.1948 471.43 0.123711 1
118.226 112.183 0.0162602 0
118.226 112.183 0.155738 0
95.4674 493.488 0.0483871 1
83.9507 509.459 0.0153846 0
125.273 524.185 0.018018 0
83.9507 509.459 0.117647 0
83.9507 509.459 0.0697674 0
83.9507 509.459 0.037037 0
83.9507 509.459 0.0153846 0
32.9318 10.8264 0.307692 1
56.143 53.105 0.164948 1
80.5917 359.768 0.0533333 0
45.6676 164.417 0.0526316 1
33.1735 187.73 0.039604 1
30.0003 193.398 0.03 1
6.68943 215.357 0.0210526 1
94.4075 311.745 0.0192308 0
94.4075 311.745 0.00819672 0
94.4075 311.745 0.0173913 0
94.4075 311.745 0.0240964 0
94.4075 311.745 0.0625 0
94.4075 311.745 0.00877193 0
46.082 214.335 0.281481 1
84.7071 297.009 0.00877193 0
84.7071 297.009 0.0325203 0
84.7071 297.009 0.0140845 0
54.4566 541.563 0.0584416 1
48.7075 531.59 0.0280374 1
28.3364 504.887 0.0994152 1
56.882 517.495 0.356098 1
85.2698 527.345 0.0105263 1
65.6951 511.075 0.302885 1
91.1865 498.531 0.0886076 1
38.8484 527.722 0.0078125 1
2.69906 536.818 0.00497512 1
11.821 534.63 0.0428571 1
22.3225 532.948 0.102564 1
42.945 540.835 0.0952381 1
50.384 546.604 0.00606061 1
55.695 547.917 0.0378378 1
59.1907 547.652 0.0166667 1
51.0272 542.092 0.226415 1
5.16616 538.746 0.283784 1
20.4992 537.3 0.00990099 1
3.0028 536.143 0.0496183 1
94.7362 667.713 0.110294 1
85.1868 637.8 0.265537 1
68.1078 676.844 0.0163934 1
71.9264 611.378 0.0769231 1
70.7436 588.973 0.0333333 0
70.7436 588.973 0.0230769 0
12.1905 281.678 0.0120482 0
70.7436 588.973 0.0230769 0
12.1905 281.678 0.00769231 0
70.7436 588.973 0.0842105 0
12.1905 281.678 0.0373832 0
12.1905 281.678 0.0707071 0
30.5742 128.518 0.00763359 1
3.53046 97.1221 0.0194175 1
44.2552 120.089 0.0196078 0
8.76352 300.44 0.00769231 0
8.76352 300.44 0.0707071 0
47.5805 420.53 0.359712 1
42.0575 424.424 0.144828 1
36.8148 418.102 0.140845 1
83.9699 302.195 0.0196078 0
20.8168 418.358 0.0291971 1
43.2275 392.475 0.0484848 0
48.5654 400.521 0.0248447 0
84.6268 304.937 0.040404 0
48.5654 400.521 0.0253165 0
84.6268 304.937 0.049505 0
84.6268 304.937 0.0649351 0
84.6268 304.937 0.0196078 0
84.6268 304.937 0.040404 0
58.2632 697.412 0.0429448 1
43.9339 705.272 0.264151 1
73.5171 301.406 0.0306122 0
4.19982 693.469 0.0666667 1
57.3066 685.143 0.0674157 1
124.579 717.039 0.0239521 0
83.284 300.257 0.0674157 0
73.439 298.348 0.0210526 0
73.439 298.348 0.0306122 0
73.439 298.348 0.0645161 0
54.2384 418.692 0.0458716 1
47.9978 428.035 0.240964 1
56.3553 427.67 0.0882353 1
47.6886 410.416 0.047619 1
25.1292 390.287 0.0261438 1
30.1886 410.079 0.0434783 1
121.325 103.006 0.020979 0
37.9053 404.791 0.267717 1
93.152 427.123 0.00684932 0
120.741 100.879 0.0300752 0
120.741 100.879 0.227273 0
120.741 100.879 0.020979 0
28.7436 528.002 0.00729927 1
12.7695 520.153 0.0373134 1
84.4448 296.207 0.0533333 0
130.247 529.083 0.0263158 0
84.4448 296.207 0.018018 0
73.7352 216.953 0.125 1
42.6374 302.19 0.366013 1
39.676 303.178 0.00645161 1
13.7199 284.406 0.0234375 1
19.9323 291.477 0.025974 1
101.49 256.6 0.0325203 0
101.49 256.6 0.0140845 0
47.595 227.019 0.161538 1
3.04038 229.676 0.16 1
104.357 259.707 0.0291262 0
68.6674 276.003 0.0320513 1
98.5038 302.947 0.269663 0
131.51 318.77 0.0606061 0
15.9351 513.76 0.0521739 1
93.4296 210.576 0.0119048 0
43.4106 529.345 0.24 1
93.4949 210.437 0.00613497 0
50.2985 503.57 0.0111732 1
16.1912 527.806 0.147887 1
8.57537 520.297 0.00581395 1
22.3116 533.255 0.00769231 1
15.7785 500.331 0.0165746 1
32.2404 533.982 0.0211268 1
37.6222 526.544 0.012987 1
12.3344 495.748 0.0551724 1
47.7341 532.893 0.00534759 1
61.5611 538.564 0.0203252 1
60.2528 539.568 0.116022 1
42.584 527.602 0.0777778 1
10.517 535.841 0.00561798 1
13.8014 531.192 0.00420168 1
92.3245 677.948 0.0656934 1
19.0623 537.041 0.0212766 1
91.7244 596.171 0.0519481 1
110.795 722.627 0.00595238 0
87.3659 622.305 0.0842105 0
87.3659 622.305 0.0526316 0
110.795 722.627 0.0283019 0
90.8854 732.011 0.072 0
87.3659 622.305 0.0526316 0
24.328 100.322 0.364162 1
4.30923 129.866 0.182292 1
10.3225 294.764 0.013986 0
29.644 98.4127 0.260417 1
38.957 128.958 0.0666667 0
9.67667 288.757 0.0196078 0
9.67667 288.757 0.013986 0
9.67667 288.757 0.0105263 0
43.0462 417.715 0.120805 1
37.6242 413.093 0.0862069 1
12.2218 377.038 0.351145 1
86.1795 319.13 0.010101 0
32.8446 392.175 0.141593 1
86.2487 318.387 0.0484848 0
86.2487 318.387 0.010101 0
86.2487 318.387 0.0921986 0
33.6829 701.98 0.0944444 1
3.73368 701.407 0.0304878 1
27.302 718.854 0.0287081 1
85.8123 314.045 0.0248447 0
85.8123 314.045 0.0253165 0
85.8123 314.045 0.00729927 0
36.0668 694.038 0.00578035 1
30.722 676.134 0.0173913 1
77.1306 296.943 0.0645161 0
77.1306 296.943 0.08 0
77.1306 296.943 0.0239521 0
77.1306 296.943 0.08 0
77.1306 296.943 0.00653595 0
77.1306 296.943 0.00980392 0
53.099 438.577 0.219251 1
44.7008 441.949 0.00628931 1
38.0576 438.731 0.0186916 1
35.4302 401.329 0.168142 1
9.24999 393.899 0.00666667 1
48.932 399.01 0.0873786 1
123.36 94.927 0.00684932 0
123.36 94.927 0.0245902 0
43.5939 501.92 0.566929 1
108.083 476.838 0.0102041 0
94.068 204.69 0.00934579 0
123.265 94.9722 0.0420168 0
108.083 476.838 0.0947368 0
94.068 204.69 0.00934579 0
49.2567 277.575 0.0422535 1
27.1985 284.955 0.235294 1
49.064 337.414 0.197674 1
97.7462 183.035 0.0263158 0
33.4725 347.166 0.234177 1
37.7383 335.507 0.204724 1
26.6712 334.71 0.0181818 1
34.5624 308.984 0.035503 1
105.207 202.14 0.0238095 0
67.5839 314.557 0.0292398 1
100.921 182.072 0.0291262 0
100.921 182.072 0.269663 0
100.921 182.072 0.0238095 0
100.921 182.072 0.0521739 0
100.921 182.072 0.0119048 0
100.921 182.072 0.00613497 0
100.921 182.072 0.0521739 0
100.921 182.072 0.056 0
58.561 342.359 0.0145985 1
112.884 343.38 0.00578035 0
124.144 343.432 0.00478469 0
99.4943 177.767 0.0606061 0
99.4943 177.767 0.056 0
99.4943 177.767 0.0125786 0
19.4709 521.147 0.0307692 1
30.8142 520.665 0.0120482 1
7.84987 512.063 0.0220994 1
17.3908 520.373 0.0425532 1
28.0088 520.107 0.189781 1
41.5808 526.748 0.011236 1
49.976 527.633 0.0666667 1
14.3746 483.254 0.037594 1
20.9409 518.711 0.189781 1
49.3709 523.067 0.137681 1
59.0448 531.379 0.00671141 1
64.6117 533.14 0.181818 1
62.2299 534.845 0.0223464 1
60.5524 533.505 0.00454545 1
52.8603 531.997 0.0914286 1
4.86139 515.667 0.164948 1
4.90144 523.558 0.0121457 1
37.637 691.186 0.0358974 1
18.3515 663.382 0.0070922 1
39.8313 656.172 0.127517 1
91.905 601.165 0.00595238 0
91.905 601.165 0.0283019 0
91.905 601.165 0.0318471 0
35.1274 116.846 0.15748 1
28.7564 170.966 0.0176991 1
96.462 556.008 0.072 0
10.842 244.719 0.0105263 0
10.842 244.719 0.0196078 0
10.842 244.719 0.0666667 0
10.842 244.719 0.0196078 0
25.3033 397.379 0.0523256 0
34.5752 410.231 0.108108 1
23.9438 410.415 0.0377358 1
6.80965 391.595 0.024 1
87.7741 315.386 0.0921986 0
87.7741 315.386 0.00729927 0
87.7741 315.386 0.0842105 0
87.7741 315.386 0.0842105 0
87.7741 315.386 0.00680272 0
23.903 627.488 0.0606061 1
70.6054 686.717 0.0288462 1
44.2388 645.305 0.0461538 1
58.7069 694.83 0.0315789 1
80.0792 294.941 0.00653595 0
131.83 720.577 0.00833333 0
80.0792 294.941 0.00980392 0
80.0792 294.941 0.036036 0
131.83 720.577 0.130435 0
125.516 724.498 0.0166667 0
80.0792 294.941 0.036036 0
80.0792 294.941 0.0104167 0
53.8093 425.635 0.214286 1
46.9334 430.509 0.321951 1
45.0919 437.711 0.037037 1
38.8115 433.683 0.246445 1
10.4033 371.799 0.0243902 1
28.9073 407.297 0.285714 1
40.4751 379.704 0.0769231 0
127.064 89.7072 0.0245902 0
127.064 89.7072 0.0420168 0
127.064 89.7072 0.155963 0
26.9032 81.9913 0.0240964 0
40.4751 379.704 0.188119 0
105.449 429.482 0.0493827 0
38.7882 429.378 0.0172414 0
127.064 89.7072 0.155963 0
101.565 171.699 0.113636 0
101.565 171.699 0.0352941 0
107.885 469.411 0.0283019 1
21.6118 526.211 0.162791 1
165.298 525.931 0.0247934 0
137.908 527.174 0.00840336 0
26.9032 81.9913 0.0240964 0
101.193 178.544 0.113636 0
101.193 178.544 0.025 0
101.193 178.544 0.0333333 0
65.4057 347.386 0.347368 1
34.4602 369.674 0.182796 1
104.646 160.1 0.0102041 0
104.646 160.1 0.0947368 0
104.646 160.1 0.0352941 0
40.0457 374.363 0.0884354 1
33.1974 369.618 0.0458716 1
49.3727 341.081 0.0661157 1
55.5197 374.666 0.0133333 1
6.63615 345.996 0.0316456 1
21.6596 342.871 0.00689655 1
110.61 158.159 0.00704225 0
43.9761 356.457 0.046875 1
75.6423 362.125 0.218391 1
108.411 147.796 0.0125786 0
108.411 147.796 0.00966184 0
108.411 147.796 0.00578035 0
108.411 147.796 0.00704225 0
108.411 147.796 0.00966184 0
108.411 147.796 0.0162602 0
13.0341 504.868 0.262411 1
108.42 147.35 0.00478469 0
108.42 147.35 0.0188679 0
107.391 507.619 0.0194175 1
42.3875 507.056 0.147826 1
15.2208 523.603 0.25 1
28.2152 528.075 0.00847458 1
51.5688 534.572 0.0322581 1
20.5882 518.136 0.559322 1
101.331 472.346 0.0381679 1
5.64459 503.897 0.00757576 1
55.3573 534.766 0.00862069 1
63.4391 541.672 0.224299 1
62.3349 542.008 0.0324324 1
47.8378 530.289 0.174825 1
22.9535 521.56 0.0428571 1
6.44949 525.163 0.128049 1
72.2821 699.804 0.226744 1
60.2015 690.237 0.3125 1
99.7093 646.914 0.0368098 1
97.3154 567.506 0.0102041 0
97.3154 567.506 0.0318471 0
97.3154 567.506 0.0289855 0
108.644 725.264 0.0148148 0
97.3154 567.506 0.0102041 0
97.3154 567.506 0.0289855 0
97.3154 567.506 0.0504202 0
11.3343 157.758 0.12381 1
17.687 171.524 0.0130719 1
17.606 148.13 0.179104 1
13.099 245.172 0.0523256 0
30.2673 132.744 0.0377358 1
11.7046 243.493 0.0182927 0
12.5963 149.969 0.272727 1
59.736 72.2107 0.025974 1
8.12319 184.137 0.0148148 0
8.12319 184.137 0.0182927 0
8.12319 184.137 0.0148148 0
8.12319 184.137 0.0461538 0
88.6618 326.884 0.00680272 0
8.12319 184.137 0.0214286 0
80.2197 372.521 0.0129032 0
42.6823 359.158 0.0196078 0
48.9511 324.737 0.00561798 0
80.2197 372.521 0.0247934 0
42.6823 359.158 0.092437 0
48.9511 324.737 0.00694444 0
9.60042 699.405 0.0142857 1
54.505 681.724 0.137681 1
50.3084 646.844 0.337423 1
45.4351 711.844 0.00917431 0
45.4351 711.844 0.0617284 0
27.1956 715.347 0.0392157 0
27.1956 715.347 0.0546875 0
81.0376 302.822 0.0104167 0
81.0376 302.822 0.0133333 0
81.0376 302.822 0.00995025 0
27.1956 715.347 0.0566038 0
71.9313 721.704 0.314917 1
81.8091 303.444 0.00833333 0
81.8091 303.444 0.130435 0
81.8091 303.444 0.0133333 0
81.8091 303.444 0.0166667 0
81.8091 303.444 0.00995025 0
81.8091 303.444 0.00515464 0
119.138 339.797 0.0121951 0
42.5636 407.178 0.246445 1
46.489 438.931 0.102703 1
38.4111 432.192 0.0315789 1
28.6609 418.343 0.0463576 1
5.65203 376.745 0.00833333 1
129.864 103.155 0.00826446 0
129.864 103.155 0.0769231 0
129.864 103.155 0.188119 0
109.073 150.071 0.025 0
129.864 103.155 0.00826446 0
109.073 150.071 0.0176991 0
129.864 103.155 0.0423729 0
33.6681 473.21 0.136842 1
164.196 529.725 0.02 0
129.786 102.965 0.0493827 0
108.994 149.882 0.0333333 0
21.7573 46.9163 0.0172414 0
108.994 149.882 0.0247934 0
108.994 149.882 0.0176991 0
55.6757 379.843 0.121739 1
62.3596 390.606 0.045045 1
35.1458 388.823 0.0167598 1
114.199 149.808 0.00840336 0
36.9371 388.436 0.0515464 1
31.4971 377.623 0.0463576 1
50.7166 380.728 0.145161 1
26.5594 352.921 0.0625 1
19.493 365.883 0.046875 1
50.8617 383.957 0.0215827 1
61.6913 382.1 0.0070922 1
116.295 140.233 0.0162602 0
116.295 140.233 0.0188679 0
116.295 140.233 0.27907 0
83.8565 361.136 0.00952381 0
66.081 362.134 0.0408163 0
116.295 140.233 0.27907 0
57.1722 502.367 0.0344828 1
87.9727 512.147 0.0186916 1
72.6626 510.541 0.375 1
22.4164 502.64 0.218182 1
28.6572 516.205 0.0425532 1
53.6571 532.153 0.301435 1
34.3036 523.072 0.0962567 1
124.519 464.093 0.0185185 1
83.8658 520.272 0.075 1
26.4253 542.997 0.00746269 1
59.4305 563.249 0.257732 1
65.5919 565.753 0.390698 1
57.2131 564.939 0.19337 1
10.8901 554.811 0.0126582 1
3.25304 554.54 0.042654 1
96.0065 682.435 0.0507246 1
25.676 710.162 0.260465 1
15.3616 638.089 0.0516129 1
97.2346 516.563 0.0504202 0
97.2346 516.563 0.0172414 0
97.2346 516.563 0.0148148 0
97.2346 516.563 0.0172414 0
97.2346 516.563 0.0416667 0
28.8545 228.381 0.181034 1
9.77706 224.654 0.0387097 1
4.45854 211.766 0.026455 1
30.5487 156.963 0.0118343 1
9.00323 191.959 0.0461538 0
9.00323 191.959 0.0214286 0
161.06 201.12 0.0888889 0
98.2771 524.385 0.0888889 0
97.8225 204.559 0.0964912 1
157.942 262.57 0.0888889 0
69.6264 725.505 0.152381 1
95.4057 462.994 0.0952381 0
80.0971 742.082 0.23 1
90.5766 333.372 0.0129032 0
90.5766 333.372 0.0247934 0
96.1079 463.881 0.0888889 0
96.1079 463.881 0.0137931 0
96.1079 463.881 0.131783 0
32.8423 651.146 0.0859375 1
90.6842 332.786 0.0196078 0
90.6842 332.786 0.092437 0
47.6463 723.402 0.0769231 0
65.1168 731.726 0.0387597 0
90.6842 332.786 0.00561798 0
90.6842 332.786 0.00694444 0
47.6463 723.402 0.0140845 0
65.1168 731.726 0.0194805 0
47.6463 723.402 0.00917431 0
47.6463 723.402 0.0617284 0
47.6463 723.402 0.0769231 0
47.6463 723.402 0.0140845 0
33.5361 3.50254 0.12844 1
45.3377 67.0298 0.59 1
57.4881 144.636 0.0516129 1
28.5449 172.751 0.0645161 1
55.3898 551.615 0.0392157 0
55.3898 551.615 0.0546875 0
55.3898 551.615 0.0566038 0
55.3898 551.615 0.0723684 0
86.8876 102.561 0.057377 0
28.3938 184.843 0.151515 1
86.2336 318.706 0.00515464 0
53.405 545.015 0.0723684 0
42.8854 654.176 0.326389 1
86.3806 318.454 0.0157068 0
53.5131 544.764 0.0165289 0
40.0066 715.789 0.00757576 1
86.2562 317.948 0.0121951 0
53.404 544.257 0.057377 0
86.2562 317.948 0.0807453 0
53.404 544.257 0.10989 0
86.2562 317.948 0.0157068 0
86.2562 317.948 0.0807453 0
86.2562 317.948 0.0201342 0
25.5779 402.655 0.0266667 1
11.4456 397.727 0.00666667 1
41.2391 423.156 0.0514019 1
29.7689 404.099 0.025641 1
130.762 127.829 0.0423729 0
47.6279 375.032 0.219512 1
46.7482 347.676 0.0310078 0
15.9517 384.702 0.047619 0
116.156 163.166 0.0824742 0
116.156 163.166 0.0107527 0
97.5163 473.966 0.0377358 1
113.873 516.198 0.0819672 1
115.617 169.02 0.02 0
115.617 169.02 0.0824742 0
115.617 169.02 0.030303 0
37.5609 398.681 0.0125786 1
116.672 171.13 0.0107527 0
116.672 171.13 0.016129 0
39.3124 396.656 0.00909091 1
39.8958 395.667 0.00549451 1
32.2979 389.936 0.0234742 1
27.452 389.815 0.00769231 1
24.3654 364.662 0.00495049 1
19.522 353.696 0.34375 1
64.0657 338.027 0.495146 1
64.2803 374.349 0.00970874 1
87.2255 358.898 0.0469799 0
87.2255 358.898 0.00952381 0
87.2255 358.898 0.0469799 0
34.5665 530.156 0.4 1
17.6953 518.301 0.346939 1
93.0435 563.824 0.012987 1
118.473 172.615 0.0408163 0
95.9257 562.582 0.0346821 1
65.7915 544.908 0.0693069 1
84.1656 533.887 0.0265487 1
41.0857 541.504 0.436782 1
44.0764 559.128 0.236641 1
39.0487 553.859 0.0696203 1
15.3665 506.813 0.0322581 1
23.2783 492.211 0.00917431 1
77.3498 547.007 0.0149254 1
50.2907 559.548 0.0442478 1
66.133 569.198 0.159341 1
7.92613 563.841 0.0211864 1
6.45792 562.669 0.0744681 1
14.3656 552.248 0.0409357 1
106.748 742.875 0.155172 1
62.0794 725.432 0.165605 1
88.9635 689.313 0.00581395 1
97.6626 483.758 0.0416667 0
97.6626 483.758 0.00909091 0
128.406 764.821 0.0373134 0
97.6626 483.758 0.00909091 0
33.3139 281.063 0.266234 1
35.2406 284.458 0.0176471 1
24.3595 285.201 0.0860927 1
68.253 246.079 0.0138889 1
100.424 456.086 0.0137931 0
100.424 456.086 0.00714286 0
100.424 456.086 0.0952381 0
100.424 456.086 0.131783 0
100.424 456.086 0.0403226 0
155.867 282.098 0.0319149 0
116.092 255.703 0.0549451 0
100.424 456.086 0.00714286 0
100.424 456.086 0.0403226 0
100.424 456.086 0.00806452 0
60.3223 738.184 0.245455 1
23.5335 711.761 0.0841122 1
58.3406 744.169 0.111111 1
78.8052 760.263 0.0178571 0
55.162 564.734 0.0387597 0
55.162 564.734 0.0194805 0
25.2447 195.529 0.365217 1
39.6924 200.112 0.0463576 1
41.598 174.09 0.0166667 1
64.7265 246.607 0.026087 1
64.5145 474.119 0.0165289 0
64.5145 474.119 0.10989 0
64.5145 474.119 0.113924 0
37.9005 254.379 0.0254237 0
88.997 338.817 0.0201342 0
64.5145 474.119 0.113924 0
64.5145 474.119 0.0540541 0
60.9264 728.498 0.496124 1
124.444 723.44 0.02 0
88.4352 338.58 0.0153846 0
36.5657 384.86 0.0594059 1
2.42431 387.539 0.131868 1
26.0002 387.501 0.0277778 1
130.019 136.335 0.0697674 0
91.8452 290.353 0.016 0
130.019 136.335 0.122807 0
91.8452 290.353 0.00909091 0
130.019 136.335 0.0310078 0
130.019 136.335 0.0697674 0
130.019 136.335 0.122807 0
38.2916 426.688 0.0431034 1
13.7205 514.078 0.145161 1
129.923 137.051 0.047619 0
118.228 173.869 0.030303 0
118.228 173.869 0.016129 0
166.754 544.024 0.111111 0
49.1202 370.156 0.00833333 1
37.5449 397.481 0.333333 1
42.5708 399.812 0.0211268 1
38.4227 398.812 0.0348837 1
31.143 394.14 0.185 1
27.1167 390.186 0.0459184 1
12.359 384.666 0.125 1
58.0297 326.415 0.0869565 1
5.71572 356.473 0.150602 1
82.6397 381.955 0.424051 1
88.2082 389.797 0.0479042 1
119.17 158.143 0.00666667 0
89.019 558.519 0.0136986 1
90.7553 557.901 0.251773 1
59.8187 547.917 0.0136986 1
31.2037 539.557 0.282051 1
92.8337 557.314 0.0168539 1
4.82711 544.978 0.106796 1
50.4854 564.959 0.307692 1
16.1556 527.371 0.00763359 1
41.8448 535.43 0.0422535 1
5.71238 528.038 0.0826446 1
63.8333 571.736 0.0141844 1
41.3939 550.744 0.0990099 1
15.7745 560.54 0.258373 1
2.24349 565.059 0.381148 1
4.16642 552.06 0.15261 1
92.2305 754.01 0.1875 1
35.7928 688.704 0.00645161 1
101.951 457.022 0.025641 0
101.951 457.022 0.0174419 0
104.978 719.741 0.317881 1
101.073 469.504 0.0373134 0
101.073 469.504 0.025641 0
33.8463 314.437 0.00574713 1
102.664 464.52 0.0174419 0
16.6124 292.314 0.0603448 1
14.3517 257.561 0.145985 1
102.12 469.485 0.00806452 0
102.12 469.485 0.0212766 0
102.12 469.485 0.010989 0
102.12 469.485 0.0319149 0
102.12 469.485 0.0212766 0
102.12 469.485 0.0344828 0
32.5107 756.02 0.037037 1
21.6417 746.198 0.0266667 1
101.87 467.572 0.0549451 0
101.87 467.572 0.010989 0
87.4528 749.694 0.0114943 0
87.4528 749.694 0.0943396 0
64.2114 486.368 0.0178571 0
23.7629 263.326 0.0642202 1
39.517 286.781 0.00649351 1
43.9147 274.151 0.113043 1
29.3359 300.569 0.0429448 1
68.9531 476.215 0.0540541 0
68.9531 476.215 0.0133333 0
57.4564 265.09 0.106195 1
66.4639 462.405 0.0254237 0
89.6845 353.363 0.0153846 0
66.4639 462.405 0.0133333 0
89.6845 353.363 0.057554 0
66.4639 462.405 0.00561798 0
66.4639 462.405 0.0381679 0
44.3868 747.492 0.0816327 1
148.13 406.715 0.00970874 0
122.578 297.673 0.136842 0
64.935 759.74 0.441441 1
18.2511 741.324 0.0900901 1
90.2779 351.348 0.02 0
90.2779 351.348 0.057554 0
90.2779 351.348 0.00970874 0
26.0696 109.043 0.00980392 0
90.2779 351.348 0.0508475 0
90.2779 351.348 0.0677966 0
129.241 136.772 0.031746 0
77.6411 353.186 0.0592593 0
135.928 417.435 0.00571429 0
129.241 136.772 0.00990099 0
90.2779 351.348 0.0185185 0
136.085 385.797 0.0314961 0
77.6411 353.186 0.0454545 0
135.928 417.435 0.00666667 0
129.241 136.772 0.016 0
129.241 136.772 0.00909091 0
129.241 136.772 0.031746 0
129.241 136.772 0.00990099 0
14.8519 522.569 0.231884 1
54.1525 489.256 0.371901 1
15.1282 553.759 0.15528 1
13.4441 524.511 0.129944 1
118.417 155.758 0.0413223 0
174.081 536.266 0.0176991 0
118.417 155.758 0.111111 0
118.417 155.758 0.0413223 0
118.417 155.758 0.0224719 0
59.1494 380.507 0.0283019 1
40.2462 423.095 0.0596026 1
44.3979 425.133 0.0314961 1
35.5084 418.381 0.0114286 1
28.3847 424.81 0.183099 1
31.2854 418.523 0.027027 1
9.65984 417.441 0.562189 1
6.73642 411.345 0.0209424 1
5.14775 399.758 0.0229885 1
31.4951 382.814 0.1125 1
122.009 158.678 0.013986 0
72.4179 390.127 0.0727273 1
120.567 152.335 0.00666667 0
120.567 152.335 0.0131579 0
120.567 152.335 0.00413223 0
120.567 152.335 0.013986 0
120.567 152.335 0.0131579 0
120.567 152.335 0.037037 0
89.7144 546.356 0.0677966 1
92.5527 564.119 0.0778443 1
95.5812 560.621 0.0512821 1
119.69 154.899 0.00413223 0
36.8623 493.034 0.00625 1
59.1612 539.995 0.164706 1
43.2011 562.297 0.0514286 1
47.9872 565.155 0.175355 1
48.7525 556.092 0.019802 1
62.605 572.026 0.137143 1
60.833 569.406 0.16875 1
38.2625 560.128 0.0283688 1
8.88379 556.32 0.00961538 1
53.2267 702.752 0.217391 1
2.96003 599.223 0.056338 1
25.9764 629.816 0.103448 1
47.8489 745.708 0.0206897 1
17.4659 718.589 0.469388 1
94.3679 727.306 0.139241 0
102.893 463.244 0.00819672 0
13.5399 264.061 0.0776699 1
24.819 297.689 0.15625 1
103.793 465.307 0.0344828 0
103.793 465.307 0.0467836 0
2.83492 251.45 0.270833 1
90.3312 290.061 0.0267857 0
110.088 255.422 0.0390625 0
103.85 468.576 0.0467836 0
17.3097 758.636 0.444444 1
8.93233 720.949 0.170068 1
112.359 742.658 0.0413223 0
67.2225 454.049 0.0117647 0
112.729 767.35 0.00826446 0
67.2225 454.049 0.0153846 0
112.359 742.658 0.196721 0
119.97 768.14 0.00625 0
67.2225 454.049 0.0114943 0
67.2225 454.049 0.0943396 0
67.2225 454.049 0.0117647 0
46.3706 313.301 0.0294118 1
45.0816 287.903 0.0526316 1
72.335 447.455 0.00826446 0
48.955 320.685 0.236967 1
37.8376 312.147 0.0306748 1
81.1707 441.979 0.0153846 0
18.8388 260.361 0.484127 1
80.3335 444.084 0.00561798 0
80.3335 444.084 0.00636943 0
44.065 314.351 0.348101 1
44.8667 321.275 0.0551724 1
77.6046 436.309 0.0381679 0
77.6046 436.309 0.136842 0
14.8502 91.3031 0.00980392 0
77.6046 436.309 0.0545455 0
90.5483 345.006 0.0508475 0
77.6046 436.309 0.00636943 0
77.6046 436.309 0.0545455 0
77.6046 436.309 0.015748 0
31.5434 727.766 0.00675676 1
90.3931 344.018 0.0677966 0
90.3931 344.018 0.0185185 0
40.0995 208.724 0.0896552 1
89.686 690.39 0.0228571 1
28.07 653.254 0.265432 1
116.796 278.623 0.0314961 0
81.6135 643.021 0.00729927 1
36.3818 705.942 0.142857 1
116.72 278.732 0.0592593 0
116.72 278.732 0.0454545 0
116.72 278.732 0.00571429 0
116.72 278.732 0.00666667 0
28.5837 690.703 0.0913979 1
108.279 296.032 0.0224719 0
108.279 296.032 0.0470588 0
143.398 677.65 0.0142857 0
68.4412 649.389 0.0142857 0
108.279 296.032 0.0176991 0
108.279 296.032 0.0470588 0
108.279 296.032 0.0230769 0
43.1654 381.618 0.132353 1
40.8494 353.999 0.0882353 1
48.2303 414.694 0.0542636 1
39.5246 413.6 0.119403 1
23.2866 414.522 0.0214286 1
25.4178 414.188 0.00543478 1
19.281 403.96 0.0406504 1
10.3325 406.968 0.0246914 1
8.14425 397.74 0.00495049 1
12.0521 382.317 0.01875 1
109.673 302.768 0.037037 0
87.9614 379.052 0.245509 1
68.3235 384.483 0.0559006 1
108.411 293.285 0.032967 0
108.411 293.285 0.0470588 0
49.4978 674.07 0.23 1
84.4789 704.244 0.115044 1
81.8125 703.401 0.265683 1
118.357 614.201 0.117647 1
44.8336 682.521 0.0121951 1
68.8706 664.881 0.125 1
7.21368 655.596 0.120879 1
70.9322 656.281 0.0243902 1
49.9247 701.009 0.368421 1
65.3805 714.187 0.0808081 1
71.6876 715.144 0.0681818 1
78.8612 716.855 0.117347 1
76.6791 717.481 0.206452 1
69.1781 715.687 0.130435 1
62.5683 708.972 0.106383 1
37.4126 707.272 0.291339 1
17.2097 703.538 0.00840336 1
121.449 585.39 0.150376 1
43.5441 673.776 0.196532 1
116.317 667.515 0.0428571 1
130.338 405.709 0.0333333 0
130.338 405.709 0.00819672 0
130.338 405.709 0.0727273 0
130.338 405.709 0.0267857 0
137.452 697.471 0.0737705 1
118.507 671.878 0.026087 1
129.835 414.727 0.139241 0
129.835 414.727 0.0333333 0
129.835 414.727 0.0727273 0
129.835 414.727 0.0625 0
86.2439 221.132 0.0196078 0
129.835 414.727 0.0267857 0
129.835 414.727 0.00653595 0
86.2439 221.132 0.00628931 0
129.835 414.727 0.0185185 0
129.835 414.727 0.00833333 0
129.835 414.727 0.0136986 0
86.2439 221.132 0.0592105 0
155.807 239.935 0.0546875 0
129.835 414.727 0.0267857 0
129.835 414.727 0.0185185 0
102.955 386.49 0.00574713 0
32.7477 654.662 0.0576923 1
39.4758 706.431 0.213178 1
68.8829 682.199 0.0235294 0
129.788 414.301 0.0390625 0
129.788 414.301 0.00833333 0
102.908 386.064 0.0413223 0
102.908 386.064 0.196721 0
102.908 386.064 0.00574713 0
51.0771 340.32 0.0116279 1
104.632 380.094 0.00625 0
38.0202 339.42 0.0748663 1
25.1485 333.9 0.12766 1
8.16957 287.103 0.0300752 1
24.275 320.205 0.121429 1
39.6747 324.647 0.0125 1
107.895 393.821 0.015748 0
107.895 393.821 0.0429448 0
43.0862 316.073 0.05 0
100.071 709.894 0.012987 1
78.9245 705.523 0.34715 1
117.553 644.242 0.20354 1
11.1798 682.74 0.0650888 1
107.558 395.274 0.0429448 0
49.3289 710.958 0.0222222 1
50.4362 669.718 0.0352113 1
107.678 310.936 0.021978 0
107.678 310.936 0.0230769 0
107.678 310.936 0.04 0
107.678 310.936 0.09 0
110.729 700.519 0.0412371 0
158.54 718.356 0.00641026 0
107.678 310.936 0.0142857 0
107.678 310.936 0.04 0
19.3047 389.583 0.314286 1
52.6731 407.13 0.106383 1
42.8821 414.62 0.0188679 1
108.753 309.731 0.0142857 0
108.753 309.731 0.021978 0
108.753 309.731 0.09 0
108.753 309.731 0.0188679 0
46.8737 418.774 0.0695652 1
47.294 418.628 0.0152672 1
47.6114 420.344 0.0194805 1
44.1179 421.128 0.00621118 1
41.684 418.744 0.031746 1
35.0379 409.854 0.0173913 1
17.7359 391.448 0.0434783 1
19.9841 391.62 0.0318471 1
51.7465 376.553 0.154639 1
112.221 307.552 0.032967 0
112.221 307.552 0.0763359 0
112.221 307.552 0.0470588 0
112.221 307.552 0.072 0
57.8354 404.35 0.030303 0
112.221 307.552 0.0763359 0
112.221 307.552 0.072 0
112.221 307.552 0.0335196 0
112.221 307.552 0.0252101 0
62.5416 711.902 0.377193 1
89.9822 725.024 0.124088 1
83.9862 725.213 0.143396 1
78.326 716.091 0.0272727 1
12.4597 693.576 0.0606061 1
44.1179 675.211 0.0294118 1
35.2016 699.38 0.00990099 1
81.6953 689.117 0.119718 1
72.9956 728.573 0.0841584 1
77.3107 731.744 0.00505051 1
75.0458 731.963 0.0227273 1
56.7954 722.177 0.153846 1
24.7697 712.227 0.525 1
19.3489 661.796 0.0743802 1
24.3196 683.744 0.00746269 1
122.487 710.516 0.0408163 1
13.3617 653.206 0.0248447 1
129.138 417.553 0.0625 0
129.138 417.553 0.00653595 0
129.138 417.553 0.0136986 0
47.3349 638.685 0.111111 1
82.409 655.852 0.428571 1
103.155 634.739 0.0454545 1
128.905 417.861 0.0196078 0
128.905 417.861 0.00628931 0
128.905 417.861 0.0592105 0
50.2951 720.413 0.0137931 1
129.002 417.672 0.0546875 0
54.6396 713.279 0.04 1
68.0238 685.639 0.0757576 0
124.803 681.522 0.016 0
68.0238 685.639 0.0235294 0
68.0238 685.639 0.0757576 0
39.07 288.378 0.0731707 1
106.745 396.636 0.0178571 0
27.5578 284.885 0.216216 1
40.6676 330.623 0.0298507 1
47.9814 333.999 0.0263158 1
48.1251 352.514 0.00884956 1
37.3543 348.694 0.0150376 1
16.7163 340.424 0.0309278 1
39.3804 322.686 0.0210526 0
39.3804 322.686 0.0252101 0
113.035 371.699 0.05 0
77.3644 694.385 0.12963 1
93.4966 704.842 0.342105 1
12.9032 674.105 0.0258621 1
36.9983 691.935 0.00636943 1
50.5955 712.907 0.00934579 1
34.0775 667.866 0.0735294 1
20.0925 672.639 0.0596026 1
111.766 309.295 0.0188679 0
111.766 309.295 0.00970874 0
158.328 721.218 0.0322581 0
111.766 309.295 0.0412371 0
111.766 309.295 0.00970874 0
111.766 309.295 0.0120482 0
50.1279 411.536 0.0107527 1
112.285 309.169 0.00641026 0
112.285 309.169 0.00704225 0
47.3379 412.049 0.0229885 1
30.2825 412.889 0.239264 1
36.9099 420.167 0.0645161 1
39.6219 421.427 0.0608696 1
40.7019 422.113 0.135294 1
37.2184 419.328 0.195652 1
23.9996 380.052 0.033557 1
27.1619 396.421 0.121212 1
7.90228 395.329 0.148438 1
115.064 315.991 0.0335196 0
115.064 315.991 0.0457516 0
46.6673 379.005 0.135802 1
35.8532 385.107 0.0569106 1
114.747 313.69 0.0252101 0
114.747 313.69 0.030303 0
114.747 313.69 0.0457516 0
86.223 726.91 0.00625 1
80.1743 720.311 0.0934579 1
51.3179 689.605 0.0432099 1
52.4493 725.851 0.0597015 1
31.5186 716.92 0.00826446 1
10.2306 704.837 0.0442478 1
58.2636 669.499 0.0246914 1
63.1414 718.495 0.223776 1
80.1405 732.225 0.104651 1
72.6171 732.272 0.037037 1
64.5543 729.676 0.00884956 1
60.2262 696.805 0.00657895 1
30.4877 667.478 0.0243902 1
71.3914 703.326 0.36019 1
103.08 562.339 0.298969 1
12.2766 668.892 0.0322581 1
131.62 721.96 0.00490196 1
127.626 716.62 0.341549 1
47.3516 642.837 0.00598802 1
116.462 633.837 0.0983607 1
34.3169 698.707 0.0178571 1
29.7062 701.195 0.0530303 1
112 384.211 0.0178571 0
47.7181 719.053 0.128492 1
111.895 384.2 0.016 0
111.895 384.2 0.0581395 0
41.7015 340.443 0.271429 1
32.6428 359.156 0.0277778 1
39.7565 362.851 0.0357143 1
14.8185 332.653 0.0357143 1
35.8989 345.982 0.0813008 1
16.4763 326.958 0.016129 1
114.859 382.834 0.0694444 0
114.859 382.834 0.0210526 0
114.859 382.834 0.0252101 0
114.859 382.834 0.0694444 0
114.859 382.834 0.223404 0
42.0289 704.482 0.205479 0
89.543 713.206 0.0179641 1
114.638 383.743 0.0144928 0
41.8217 705.391 0.00854701 0
41.8217 705.391 0.0864198 0
30.4224 683.163 0.0660377 1
24.5813 659.53 0.284211 1
64.6393 677.095 0.0653595 1
113.282 326.998 0.013245 0
79.9932 664.679 0.00621118 1
113.083 327.394 0.0120482 0
113.083 327.394 0.00704225 0
39.4923 409.055 0.240437 1
113.47 327.927 0.0322581 0
113.47 327.927 0.013245 0
43.5027 417.148 0.0833333 1
40.2045 415.383 0.122807 1
18.0715 399.252 0.19469 1
35.7926 415.737 0.0981595 1
37.5552 415.632 0.0425532 1
36.7705 414.671 0.00507614 1
36.6416 393.009 0.0052356 1
48.8626 379.422 0.458333 1
12.397 368.277 0.0496454 1
56.7476 391.366 0.0483871 0
81.8661 370.884 0.19 1
56.2947 394.665 0.0705882 0
64.9751 403.302 0.0114943 0
50.8403 411.298 0.0598291 0
56.2947 394.665 0.0483871 0
56.2947 394.665 0.0705882 0
70.5789 722.668 0.00534759 1
114.399 328.042 0.0847458 0
57.9284 731.344 0.479167 1
82.5646 739.347 0.143678 1
69.4775 729.207 0.0124224 1
82.565 740.144 0.0656934 1
17.3687 699.402 0.00740741 1
45.9408 727.948 0.5 1
9.60872 725.229 0.01875 1
41.3847 733.576 0.0807453 1
24.979 731.75 0.0685714 1
12.0332 739.039 0.0162162 1
80.0319 740.349 0.0807453 1
75.3502 743.268 0.064 1
51.6674 726.326 0.138889 1
49.6388 684.167 0.00714286 1
66.4973 715.02 0.0136986 1
117.431 667.57 0.18254 1
40.2324 692.301 0.015748 1
112.914 724.449 0.26087 1
137.632 731.187 0.0974359 1
32.988 698.715 0.011811 1
118.232 658.457 0.031746 1
31.8698 690.382 0.070922 1
31.8451 711.695 0.0141844 1
54.7979 702.587 0.0186916 0
113.413 386.472 0.0581395 0
54.7979 702.587 0.0786517 0
40.6996 354.549 0.210884 1
31.0121 356.967 0.247423 1
60.7283 315.501 0.109589 1
34.2023 361.07 0.199052 1
24.1074 327.507 0.261905 1
31.3287 322.051 0.548872 1
49.226 309.862 0.0147059 1
114.957 383.305 0.223404 0
114.957 383.305 0.0144928 0
75.1171 324.816 0.0449438 1
114.355 378.054 0.00546448 0
114.355 378.054 0.205479 0
114.355 378.054 0.00854701 0
114.355 378.054 0.0864198 0
114.355 378.054 0.0308642 0
52.5623 343.91 0.0291262 0
114.355 378.054 0.00546448 0
114.355 378.054 0.0308642 0
114.355 378.054 0.00518135 0
72.0943 721.964 0.497462 1
16.4071 716.286 0.0263158 1
36.305 718.909 0.00490196 1
75.2542 672.029 0.103825 1
54.9056 715.267 0.0116959 1
9.17695 660.389 0.12766 1
42.3332 412.438 0.0122699 1
42.2117 401.834 0.0918367 1
40.7781 415.284 0.2 1
36.9075 416.722 0.0564516 1
28.0633 410.671 0.215686 1
32.2848 406.803 0.125 1
32.5942 413.337 0.087963 1
36.4501 357.898 0.00598802 1
28.3232 386.753 0.0366492 1
62.8362 392.03 0.027027 1
30.0197 360.852 0.391304 1
107.968 372.271 0.008 0
115.017 331.502 0.0847458 0
115.017 331.502 0.0166667 0
107.968 372.271 0.0363636 0
115.017 331.502 0.0114943 0
115.017 331.502 0.0166667 0
7.48792 703.774 0.0882353 1
48.1586 711.497 0.247788 1
75.9278 691.201 0.132353 1
114.886 331.294 0.0598291 0
75.5921 730.83 0.375566 1
28.2694 673.406 0.0245902 1
53.7415 704.68 0.0190476 1
8.07049 724.422 0.0357143 1
16.2387 733.547 0.0652174 1
15.0886 734.896 0.0114286 1
55.7601 734.143 0.237762 1
69.4801 740.644 0.0655738 1
64.6537 739.961 0.0544218 1
23.4867 699.722 0.136364 1
42.1368 709.058 0.0357143 1
61.454 705.708 0.253333 1
23.017 643.855 0.232 1
38.2214 674.159 0.0769231 1
128.096 702.325 0.00480769 1
117.426 731.85 0.228155 1
21.5211 671.401 0.0543478 1
65.5708 665.689 0.407643 1
53.8021 725.32 0.251748 1
18.1315 686.007 0.134454 1
113.828 380.193 0.0186916 0
113.828 380.193 0.0786517 0
76.2672 331.788 0.10084 0
39.4788 351.885 0.0652174 1
40.0499 369.069 0.182292 1
23.4542 351.793 0.111111 1
26.5232 359.283 0.109948 1
34.3557 333.952 0.158879 1
116.428 380.236 0.00518135 0
116.428 380.236 0.0298507 0
116.428 380.236 0.0291262 0
116.428 380.236 0.0298507 0
25.0962 707.691 0.0769231 1
21.5089 715.798 0.0214286 1
83.9309 730.306 0.0531915 1
33.6261 679.842 0.0149254 1
4.08153 630.102 0.0416667 1
45.888 726.803 0.22561 1
48.218 664.118 0.010929 1
114.388 332.96 0.0136986 0
79.7477 708.182 0.2 1
43.1074 410.304 0.127119 1
114.99 333.996 0.0136986 0
114.99 333.996 0.0267857 0
114.99 333.996 0.254237 0
40.802 415.669 0.0686275 1
39.1324 415.969 0.0229008 1
40.1388 414.509 0.169014 1
2.2975 387.085 0.0886076 1
30.0362 407.262 0.115207 1
17.8042 374.38 0.335766 1
21.4606 375.421 0.131579 1
115.846 335.853 0.00892857 0
91.988 400.904 0.0412371 1
70.3805 398.83 0.135922 1
114.618 329.594 0.0215827 0
114.618 329.594 0.008 0
114.618 329.594 0.0363636 0
114.618 329.594 0.00892857 0
114.618 329.594 0.0215827 0
114.618 329.594 0.018018 0
34.23 725.795 0.0526316 1
49.2232 732.599 0.0506329 1
15.5891 731.498 0.116667 1
7.20917 731.319 0.0145985 1
18.314 729.656 0.136612 1
65.857 705.267 0.0144928 1
87.9826 655.791 0.0182927 1
33.1198 731.365 0.0172414 1
54.5799 731.577 0.0113636 1
64.1782 742.886 0.0172414 1
53.6161 733.549 0.212121 1
54.7026 736.476 0.013245 1
74.1227 732.519 0.0136986 1
67.264 721.857 0.0480769 1
12.0358 620.011 0.0824742 1
41.4877 720.318 0.111111 1
58.5542 685.545 0.0306122 1
123.429 711.904 0.301754 1
24.8573 692.363 0.00552486 1
32.1682 671 0.0320513 1
80.4038 671.451 0.0625 1
41.1457 711.511 0.0225989 1
53.0398 720.364 0.0503597 1
47.1338 692.311 0.054878 1
115.722 379.263 0.10084 0
115.722 379.263 0.0228571 0
146.524 726.407 0.0186335 0
115.722 379.263 0.0228571 0
115.722 379.263 0.0215054 0
31.4778 347.144 0.119403 1
35.2519 367.19 0.13615 1
12.7737 344.053 0.00763359 1
54.2803 345.243 0.354839 1
73.366 347.652 0.018018 1
115.507 371.75 0.0224719 0
115.507 371.75 0.252336 0
68.0497 707.448 0.010989 1
42.7986 717.182 0.00934579 1
115.43 371.729 0.00769231 0
8.13593 724.873 0.089172 1
21.6355 716.518 0.0454545 1
51.6083 720.425 0.0621762 1
114.042 328.871 0.0267857 0
114.042 328.871 0.030303 0
135.378 669.216 0.164062 1
22.2943 680.225 0.0526316 1
113.766 338.366 0.254237 0
113.766 338.366 0.030303 0
113.766 338.366 0.0169492 0
113.766 338.366 0.0117647 0
40.6778 414.315 0.238462 1
37.475 417.757 0.0424242 1
35.7739 418.798 0.00628931 1
35.1028 418.525 0.0320513 1
36.4358 415.257 0.149351 1
17.5918 367.983 0.0078125 1
22.8774 395.368 0.119171 1
12.7439 390.509 0.0642202 1
49.4773 382.161 0.0275229 1
115.475 342.197 0.018018 0
124.441 398.963 0.0267857 0
108.75 400.552 0.0425532 0
108.75 400.552 0.00680272 0
61.1004 754.945 0.0561798 1
10.3861 741.118 0.25 1
7.37987 742.396 0.048 1
50.7162 742.881 0.308642 1
68.6887 749.281 0.00990099 1
60.8714 740.496 0.0215827 1
13.2809 741.783 0.00854701 1
27.8425 721.124 0.152941 1
111.13 708.73 0.010101 1
31.0596 711.048 0.115152 1
36.3833 724.991 0.101852 1
8.9986 719.562 0.0173913 1
16.7817 717.997 0.0123457 1
62.1816 743.565 0.010101 1
67.689 743.961 0.00636943 1
53.6822 725.204 0.0680851 1
78.3104 736.82 0.0392157 1
109.337 667.554 0.153846 1
78.4154 589.016 0.0560748 1
98.8136 732.246 0.0224719 1
115.417 737.008 0.0304878 1
88.1567 676.235 0.0952381 1
119.783 690.65 0.00598802 1
28.7244 722.696 0.104 1
63.0441 747.861 0.0136054 1
114.464 383.514 0.0215054 0
114.464 383.514 0.0174419 0
50.5668 737.056 0.0511628 1
78.7791 707.318 0.0517241 1
114.301 383.608 0.0186335 0
114.301 383.608 0.0174419 0
32.668 373.792 0.0666667 1
115.088 385.15 0.0409836 0
25.2983 345.526 0.168831 1
11.8916 336.853 0.0387097 1
29.7349 363.856 0.106742 1
115.687 388.123 0.0248756 0
16.8863 319.201 0.213675 1
115.621 388.793 0.0224719 0
73.7899 352.462 0.2 1
71.6919 356.287 0.00714286 0
115.096 385.714 0.252336 0
115.096 385.714 0.00769231 0
71.6919 356.287 0.0316456 0
50.2547 742.001 0.119718 1
37.658 752.499 0.0110497 1
122.172 693.988 0.0595238 1
82.1245 695.033 0.0687023 1
39.0586 723.318 0.0194805 1
72.3326 728.629 0.0178571 1
91.2504 675.97 0.00561798 1
113.942 349.066 0.0169492 0
84.9499 681.785 0.1125 1
113.916 349.136 0.0117647 0
113.916 349.136 0.0215054 0
113.916 349.136 0.0215054 0
113.916 349.136 0.141304 0
31.7212 407.317 0.285714 1
33.4246 412.445 0.315068 1
32.4166 413.472 0.0458716 1
32.9973 407.283 0.122093 1
12.7579 341.266 0.118056 1
32.7044 394.475 0.00840336 1
70.1286 365.545 0.0165289 1
114.425 349.551 0.0128205 0
90.1156 386.471 0.0333333 1
114.018 347.646 0.0267857 0
114.018 347.646 0.0425532 0
114.018 347.646 0.00680272 0
114.018 347.646 0.0128205 0
114.018 347.646 0.0466667 0
3.82103 741.348 0.143617 1
11.7726 751.807 0.309524 1
41.6806 728.245 0.037594 1
45.1173 710.692 0.0167598 1
16.9837 738.838 0.239796 1
28.1137 704.163 0.0426829 1
44.7701 737.736 0.230089 1
51.5312 731.144 0.0116279 1
70.4596 743.059 0.00571429 1
43.1014 734.393 0.254717 1
60.1135 753.195 0.015444 1
73.4379 741.345 0.0816327 1
50.5812 729.572 0.0829876 1
35.4664 697.464 0.0442478 1
25.86 684.822 0.00641026 1
119.116 739.151 0.0344828 1
117.204 756.424 0.0318471 1
74.3942 732.995 0.0128205 1
59.1467 695.564 0.0232558 1
25.3309 696.06 0.015748 1
16.5606 731.373 0.0070922 1
85.0275 751.037 0.0588235 1
40.0208 748.552 0.141975 1
56.2229 732.976 0.126316 1
113.366 388.528 0.0409836 0
113.366 388.528 0.0248756 0
113.366 388.528 0.0630631 0
113.366 388.528 0.0630631 0
25.084 355.35 0.030303 1
8.29036 347.081 0.015625 1
17.3246 341.026 0.0373832 1
113.638 393.973 0.00729927 0
113.638 393.973 0.00757576 0
76.2925 345.862 0.0512821 0
76.2925 345.862 0.0886076 0
88.7795 360.689 0.0689655 0
113.638 393.973 0.00714286 0
113.638 393.973 0.0316456 0
113.638 393.973 0.00757576 0
40.3085 739.836 0.1875 1
27.1563 754.578 0.111842 1
50.8033 715.289 0.030303 1
75.4196 751.68 0.0152672 1
139.42 737.077 0.0238095 0
34.6158 731.176 0.102041 1
79.2423 740.395 0.0194175 0
42.4318 738.25 0.00980392 0
73.1276 719.688 0.103774 1
42.2518 738.331 0.00892857 0
112.506 346.806 0.141304 0
112.506 346.806 0.045977 0
112.506 346.806 0.045977 0
23.7168 394.981 0.342105 1
30.8234 411.341 0.00909091 1
23.9222 384.672 0.00543478 1
13.0847 387.257 0.653226 1
25.8129 384.878 0.653061 1
28.4685 402.886 0.184211 1
15.2426 378.408 0.0744681 1
22.8712 369.765 0.141304 1
109.335 316.131 0.0841122 1
112.371 340.161 0.0466667 0
116.313 402.855 0.00598802 0
4.12813 743.016 0.195122 1
13.1757 744.017 0.384615 1
31.8681 739.399 0.0887574 1
112.429 338.939 0.0301205 0
77.5568 670.137 0.0540541 1
10.3099 700.336 0.125984 1
140.504 701.897 0.318182 1
92.4521 695.526 0.142857 1
132.567 710.273 0.025641 1
22.5433 740.944 0.00546448 1
66.4461 754.213 0.0763359 1
78.8416 745.818 0.0506329 1
54.9171 760.734 0.0530973 1
82.3443 759.836 0.0567376 1
56.3 748.879 0.0262009 1
43.53 756.691 0.00641026 1
67.8274 737.533 0.0493827 1
47.4769 680.005 0.0514706 1
18.2702 677.242 0.359813 1
110.315 763.546 0.00465116 1
46.9958 744.68 0.0217391 1
101.536 738.395 0.0483092 1
35.4377 734.752 0.0618557 1
43.0254 677.632 0.0118343 1
60.2618 756.553 0.00657895 1
31.882 749.227 0.0526316 1
75.583 755.536 0.295181 1
112.171 405.014 0.00729927 0
32.0133 751.106 0.0855615 1
67.6881 730.711 0.0952381 1
112.091 404.633 0.191176 0
112.091 404.633 0.0309278 0
112.091 404.633 0.0194175 0
112.091 404.633 0.0526316 0
71.1767 362.074 0.0377358 0
83.9228 362.145 0.0441176 0
112.091 404.633 0.0512821 0
112.091 404.633 0.0886076 0
112.091 404.633 0.0194175 0
31.542 766.778 0.0162602 1
53.8905 750.373 0.146789 1
36.4067 758.903 0.0196078 1
111.946 404.067 0.0689655 0
63.8504 762.255 0.0110497 1
137.776 747.331 0.0277778 0
103.904 735.977 0.00666667 0
77.0118 727.703 0.0656934 0
137.776 747.331 0.0238095 0
137.776 747.331 0.0277778 0
36.9215 11.3543 0.0490196 1
31.3058 30.4548 0.0786517 1
28.5501 121.033 0.0609756 1
41.0802 748.569 0.0638298 0
106.118 628.275 0.0172414 0
106.118 628.275 0.0485437 0
100.369 757.462 0.0361446 0
77.6657 750.715 0.0194175 0
39.6766 2.14551 0.139535 1
50.2793 37.0868 0.0326087 1
1.61563 196.383 0.202532 1
45.5991 189.933 0.149123 1
85.2498 554.798 0.00980392 0
85.2498 554.798 0.00892857 0
85.2498 554.798 0.0638298 0
43.6838 209.73 0.0612245 1
68.7659 750.537 0.143443 1
83.2816 547.771 0.0493274 0
83.2816 547.771 0.0251572 0
55.3979 756.983 0.0103093 1
102.086 755.537 0.0604027 1
83.2186 547.826 0.0283688 0
110.802 350.385 0.0442478 0
110.802 350.385 0.0882353 0
10.9151 372.22 0.0352941 1
27.2336 413.304 0.120968 1
20.3095 410.199 0.0852713 1
21.644 323.482 0.170455 1
70.5654 376.513 0.0150376 0
136.798 402.236 0.0106383 0
111.092 351.218 0.0301205 0
111.092 351.218 0.0880503 0
136.798 402.236 0.0217391 0
145.022 412.318 0.114583 0
111.092 351.218 0.00598802 0
111.092 351.218 0.0880503 0
36.197 763.536 0.0254777 1
49.0805 756.145 0.0193237 1
63.5504 769.018 0.0297872 1
51.7357 761.966 0.0989011 1
9.0725 765.531 0.00387597 1
6.37205 756.88 0.147541 1
12.9781 752.136 0.025641 1
37.1157 763.437 0.151961 1
44.7172 741.378 0.030303 1
60.6461 762.854 0.0171674 1
30.0711 746.145 0.017094 1
51.698 760.152 0.0597015 1
69.1613 762.1 0.102564 1
64.22 765.541 0.146853 1
43.5347 749.251 0.146739 1
52.2812 760.132 0.0622837 1
64.7743 735.968 0.0362319 1
67.6491 742.844 0.173333 1
6.95913 736.217 0.125683 1
105.681 754.097 0.283784 1
76.984 745.581 0.0153846 1
89.3362 762.534 0.00651466 1
105.22 646.153 0.0163934 1
33.5519 718.718 0.0070922 1
58.9248 732.74 0.0328947 1
48.8603 748.758 0.00666667 1
60.8286 756.445 0.075 1
40.0167 755.614 0.00833333 1
46.6238 765.306 0.00675676 1
40.9285 767.63 0.0917874 1
34.2668 766.772 0.0765306 1
110.845 402.824 0.191176 0
110.845 402.824 0.0309278 0
110.845 402.824 0.0526316 0
110.845 402.824 0.0377358 0
53.0612 761.768 0.173913 1
39.0461 765.664 0.0205128 1
110.753 402.504 0.0441176 0
44.6192 760.52 0.037234 1
82.2764 546.228 0.0146341 0
60.8582 748.374 0.0546448 1
82.1772 546.07 0.00666667 0
82.1772 546.07 0.0172414 0
82.1772 546.07 0.0275862 0
28.2171 218.835 0.130719 1
32.9007 211.331 0.0705882 1
18.5596 205.913 0.00497512 1
93.0908 567.494 0.0656934 0
93.0908 567.494 0.0485437 0
93.0908 567.494 0.0146341 0
93.0908 567.494 0.030303 0
93.0908 567.494 0.0361446 0
93.0908 567.494 0.0493274 0
41.2725 185.961 0.00729927 1
51.8311 198.105 0.0588235 1
52.8276 204.716 0.0569106 1
88.9214 549.988 0.0251572 0
88.9214 549.988 0.0283688 0
88.9214 549.988 0.0879121 0
39.707 209.485 0.00746269 0
110.026 349.463 0.0442478 0
88.9214 549.988 0.0879121 0
88.9214 549.988 0.106383 0
77.7793 759.472 0.112426 1
67.3579 757.473 0.0825243 1
109.81 349.517 0.0882353 0
109.81 349.517 0.0141844 0
109.81 349.517 0.0955056 0
28.9309 402.985 0.285714 1
8.83072 400.846 0.00990099 1
23.7873 386.305 0.0125 1
70.9386 373.989 0.092437 0
62.5525 405.709 0.162162 0
70.9386 373.989 0.0150376 0
70.9386 373.989 0.092437 0
74.6533 25.7235 0.072 1
89.7489 211.418 0.030303 0
34.123 194.291 0.218487 1
23.2836 137.992 0.0232558 1
88.0933 173.458 0.0106383 0
88.0933 173.458 0.0217391 0
24.8594 525.499 0.3 1
60.7795 744.89 0.0165289 1
40.9 729.752 0.0479452 1
59.7158 760.909 0.0223881 1
110.189 351.3 0.114583 0
72.8288 769.078 0.225806 1
68.6609 771.559 0.155251 1
60.4035 765.61 0.119617 1
24.1176 753.128 0.0567376 1
6.2459 761.658 0.0169492 1
28.3915 756.062 0.0299145 1
54.692 739.065 0.0227273 1
36.339 741.96 0.00645161 1
64.8884 754.888 0.13806 1
47.4372 762.141 0.0260417 1
57.5152 764.218 0.015873 1
70.6517 748.717 0.0459184 1
60.0473 755.133 0.00869565 1
61.0114 736.173 0.307692 1
37.0491 705.289 0.162562 1
31.7869 731.769 0.282353 1
99.2241 739.133 0.367021 1
70.8021 748.779 0.0189873 1
98.3951 735.453 0.10241 1
99.0875 643.295 0.0119048 1
51.7614 750.966 0.1 1
30.2355 737.68 0.00505051 1
24.0083 736.192 0.0604027 1
70.8285 739.497 0.0650888 1
25.3961 757.484 0.0163043 1
50.5182 758.283 0.05 1
24.8001 761.999 0.275449 1
31.1126 766.186 0.0562771 1
39.1321 766.818 0.0909091 1
28.3499 753.261 0.0909091 1
87.8679 547.377 0.0275862 0
87.8679 547.377 0.030303 0
61.0515 742.652 0.252632 1
87.8394 547.325 0.0485437 0
35.1742 219.804 0.366013 1
16.6088 215.79 0.00571429 1
10.0701 209.332 0.0649351 1
12.8353 186.072 0.133333 1
13.8165 178.605 0.0483092 1
39.4546 191.778 0.17931 1
89.636 562.974 0.106383 0
89.636 562.974 0.0145985 0
89.636 562.974 0.0632184 0
39.5345 187.617 0.13 1
41.9106 188.987 0.025 0
85.5652 556.468 0.00746269 0
109.297 349.324 0.0141844 0
85.5652 556.468 0.0145985 0
85.5652 556.468 0.0114286 0
59.2967 745.455 0.0340426 1
71.6953 752.979 0.0801887 1
109.118 349.144 0.0955056 0
85.3912 556.288 0.0632184 0
65.89 399.184 0.00537634 0
109.118 349.144 0.030303 0
109.118 349.144 0.0185185 0
65.89 399.184 0.0583942 0
77.8802 410.366 0.0446429 0
84.846 400.225 0.0106383 0
109.118 349.144 0.162162 0
109.118 349.144 0.0185185 0
35.6894 759.51 0.174242 1
27.879 749.18 0.0877193 1
33.9468 729.068 0.215686 1
51.8068 751.509 0.16 1
85.0846 768.272 0.0119048 1
90.4699 764.684 0.103774 1
80.8897 771.167 0.028777 1
75.6736 769.968 0.0130719 1
34.32 751.614 0.0316456 1
20.0656 762.257 0.138249 1
16.7766 761.434 0.208531 1
12.0755 755.613 0.0769231 1
54.8005 759.554 0.0821256 1
50.9088 763.479 0.0336134 1
37.9011 746.364 0.104651 1
61.787 718.857 0.12973 1
32.1109 738.042 0.181818 1
46.5017 759.35 0.252874 1
42.4607 745.465 0.00738007 1
55.5543 709.129 0.152893 1
1.98682 712.267 0.131707 1
79.0744 745.129 0.13964 1
64.5088 749.955 0.0133333 1
90.0291 729.89 0.189427 1
22.3579 687.333 0.0350877 1
64.9244 640.784 0.0980392 1
56.1584 724.867 0.0223881 1
42.4365 733.193 0.221519 1
15.7349 718.387 0.134228 1
41.4183 753.94 0.0186335 1
45.9448 744.305 0.0128755 1
38.9644 760.616 0.209945 1
32.6095 763.347 0.0574713 1
44.7024 758.706 0.0900474 1
35.0413 750.132 0.17029 1
84.8809 553.423 0.0485437 0
86.5853 752.846 0.315789 0
39.3487 191.313 0.146667 1
24.321 221.286 0.0242424 1
15.6305 216.07 0.269841 1
18.5488 183.594 0.00636943 1
27.1373 167.361 0.00724638 1
3.73291 176.177 0.0379747 1
89.4105 551.318 0.0114286 0
89.4105 551.318 0.0252525 0
89.4105 551.318 0.00571429 0
64.7047 170.289 0.0442478 1
87.0855 505.933 0.025 0
87.0855 505.933 0.0252525 0
49.9888 745.463 0.0441767 1
87.0238 505.748 0.0231214 0
31.3919 737.815 0.037234 1
6.81464 727.988 0.0218579 1
64.3004 742.185 0.0083682 1
86.9581 505.255 0.00571429 0
86.9581 505.255 0.0133333 0
108.462 345.601 0.00537634 0
108.462 345.601 0.0583942 0
3.32524 711.452 0.0517241 1
22.6433 743.936 0.0239234 1
56.6984 738.602 0.180451 1
42.3774 718.061 0.00465116 1
63.2428 733.713 0.00884956 1
108.501 344.757 0.0446429 0
108.501 344.757 0.0106383 0
19.8319 721.566 0.184932 1
63.1632 745.487 0.0183486 1
77.3906 761.133 0.265823 1
85.5611 766.285 0.175439 1
68.0112 758.225 0.00714286 1
31.5043 753.334 0.0142857 1
8.50151 758.232 0.00943396 1
43.9521 751.162 0.0265957 1
38.4522 738.614 0.00558659 1
42.1166 748.779 0.0308642 1
61.9978 752.964 0.227273 1
44.7958 750.469 0.040724 1
38.8208 733.08 0.0482759 1
53.6646 733.802 0.199219 1
26.2811 723.709 0.0133333 1
53.4277 720.345 0.0564516 1
22.3632 705.904 0.354582 1
12.3908 718.24 0.00609756 1
54.4409 744.435 0.0240964 1
90.8563 745.254 0.454545 1
79.8714 750.317 0.0468085 1
79.2836 730.919 0.0654206 1
47.1884 718.809 0.00574713 1
93.8431 707.711 0.185185 1
65.6382 733.757 0.00769231 1
32.3712 711.749 0.0416667 1
14.4408 739.423 0.0368098 1
31.3748 754.353 0.300885 1
28.2121 750.945 0.175573 1
24.5237 753.81 0.0247525 1
30.2096 745.138 0.0105263 1
53.4018 748.285 0.0896552 1
85.8605 748.89 0.315789 0
85.8605 748.89 0.0666667 0
28.9655 6.72772 0.121951 1
86.3864 501.977 0.00740741 0
21.0189 213.077 0.0851064 1
23.4403 240.493 0.183099 1
27.2773 255.315 0.0402299 1
20.0485 256.115 0.434066 1
11.7257 250.026 0.163366 1
15.769 235.09 0.0114943 1
31.5247 202.502 0.411215 1
90.5537 517.386 0.0231214 0
90.5537 517.386 0.0133333 0
90.5537 517.386 0.00970874 0
118.619 202.738 0.283951 0
145.433 228.452 0.0344828 0
90.5537 517.386 0.00970874 0
36.6456 720.124 0.0208333 1
61.0211 745.795 0.328244 1
43.6698 678.682 0.0956522 1
48.8282 677.617 0.0549451 1
58.3589 693.073 0.0405405 1
15.9216 729.698 0.00873362 1
5.3081 699.141 0.0153846 1
32.4088 722.034 0.133333 1
27.6013 730.286 0.0216216 1
55.9236 736.06 0.0307692 1
88.8577 759.068 0.0493827 1
86.4907 759.261 0.0896552 1
76.0239 759.151 0.217391 1
63.1945 749.233 0.258621 1
21.7312 754.976 0.520492 1
17.8373 745.74 0.0663265 1
51.4805 746.617 0.00555556 1
28.7138 739.855 0.0963855 1
60.6629 743.209 0.127451 1
54.5903 740.371 0.025974 1
20.5862 739.514 0.0297872 1
58.0783 755.036 0.0227273 1
46.3212 740.843 0.184932 1
18.2442 695.294 0.0289855 1
37.9582 701.71 0.361314 1
4.67536 687.903 0.0265487 1
71.3881 606.04 0.0432692 1
68.0724 736.399 0.00724638 1
87.0878 744.743 0.141343 1
68.215 699.795 0.00595238 1
35.9901 672.819 0.0452261 1
82.1411 648.117 0.381356 1
43.75 716.409 0.0220588 1
65.4088 742.674 0.0122699 1
20.9876 717.617 0.0827338 1
36.1042 733.382 0.045 1
39.0426 737.614 0.228814 1
37.2494 749.374 0.224138 1
26.9045 735.327 0.0217391 1
50.6981 721.01 0.134615 1
90.3898 513.757 0.0666667 0
90.3898 513.757 0.00740741 0
90.3898 513.757 0.146667 0
90.3898 513.757 0.0162602 0
90.3898 513.757 0.146667 0
90.3898 513.757 0.205882 0
43.3271 222.95 0.173077 1
91.5711 496.727 0.0162602 0
25.6293 257.034 0.214286 1
14.0589 252.347 0.0820513 1
22.554 246.327 0.0229885 1
12.396 207.435 0.0133333 1
94.5552 508.333 0.0121951 0
58.6769 221.813 0.0789474 1
84.0044 218.026 0.135338 1
90.2722 439.622 0.283951 0
90.2722 439.622 0.0121951 0
90.2722 439.622 0.08 0
29.5995 600.482 0.0126582 1
90.2446 439.407 0.0344828 0
90.2446 439.407 0.0125 0
66.0937 723.99 0.0178571 1
90.3443 439.438 0.0625 0
18.8659 700.119 0.168142 1
75.6543 743.978 0.0648148 1
52.6077 676.369 0.0612245 1
48.048 593.035 0.153153 1
79.1169 707.247 0.0571429 1
41.4665 709.636 0.0454545 1
92.7227 756.398 0.176471 1
90.3394 759.99 0.1625 1
83.4384 759.731 0.18705 1
73.6951 739.723 0.084507 1
29.7367 734.191 0.00877193 1
42.9795 699.935 0.0227273 1
43.242 721.971 0.00505051 1
25.9873 713.624 0.05 1
41.5019 721.818 0.231076 1
28.1399 740.684 0.00746269 1
35.7683 720.085 0.110429 1
51.2218 743.032 0.00408163 1
47.4332 730.534 0.0357143 1
91.4688 438.749 0.205882 0
91.4688 438.749 0.127907 0
91.4688 438.749 0.127907 0
31.1436 303.552 0.182692 1
28.7937 303.582 0.00917431 1
93.5771 439.829 0.0273973 0
93.5771 439.829 0.08 0
93.5771 439.829 0.0125 0
93.5771 439.829 0.0625 0
93.5771 439.829 0.161538 0
93.5771 439.829 0.0273973 0
93.5771 439.829 0.161538 0
42.5391 706.16 0.0127389 1
107.428 335.534 0.0638298 0
107.428 335.534 0.157895 0
107.428 335.534 0.0638298 0
107.428 335.534 0.157895 0
107.428 335.534 0.265957 0
107.428 335.534 0.0149254 0
107.428 335.534 0.0289855 0
107.428 335.534 0.265957 0
107.428 335.534 0.0978261 0
107.428 335.534 0.0769231 0
107.428 335.534 0.08 0
107.428 335.534 0.047619 0
104.373 324.143 0.0361446 0
104.373 324.143 0.00714286 0
104.373 324.143 0.0243902 0
104.373 324.143 0.0909091 0
104.373 324.143 0.0133333 0
104.373 324.143 0.0243902 0
104.373 324.143 0.0361446 0
104.373 324.143 0.0909091 0
104.373 324.143 0.00961538 0
104.373 324.143 0.0229885 0
104.373 324.143 0.205607 0
104.373 324.143 0.00961538 0
107.428 335.534 0.0149254 0
107.428 335.534 0.0289855 0
107.428 335.534 0.0978261 0
107.428 335.534 0.0769231 0
107.428 335.534 0.08 0
107.428 335.534 0.047619 0
107.428 335.534 0.228261 0
107.428 335.534 0.0113636 0
107.428 335.534 0.228261 0
107.428 335.534 0.0104167 0
104.373 324.143 0.00775194 0
104.373 324.143 0.0405405 0
104.373 324.143 0.114286 0
104.373 324.143 0.00714286 0
104.373 324.143 0.00775194 0
104.373 324.143 0.0133333 0
104.373 324.143 0.0229885 0
104.373 324.143 0.0493827 0
104.373 324.143 0.178218 0
104.373 324.143 0.205607 0
104.373 324.143 0.0247934 0
104.373 324.143 0.037037 0
104.373 324.143 0.00645161 0
107.428 335.534 0.05 0
107.428 335.534 0.00438596 0
107.428 335.534 0.05 0
107.428 335.534 0.0104167 0
107.428 335.534 0.0113636 0
107.428 335.534 0.0625 0
107.428 335.534 0.0603015 0
104.373 324.143 0.0131579 0
104.373 324.143 0.00826446 0
104.373 324.143 0.0405405 0
104.373 324.143 0.114286 0
104.373 324.143 0.0493827 0
104.373 324.143 0.037037 0
104.373 324.143 0.0806452 0
104.373 324.143 0.0102041 0
104.373 324.143 0.00793651 0
104.373 324.143 0.178218 0
104.373 324.143 0.0247934 0
104.373 324.143 0.00645161 0
104.373 324.143 0.0208333 0
104.373 324.143 0.0806452 0
104.373 324.143 0.0208333 0
107.428 335.534 0.047619 0
107.428 335.534 0.00819672 0
107.428 335.534 0.00438596 0
107.428 335.534 0.047619 0
107.428 335.534 0.0625 0
107.428 335.534 0.0603015 0
107.428 335.534 0.00826446 0
107.428 335.534 0.00588235 0
107.428 335.534 0.00826446 0
107.428 335.534 0.0699301 0
107.428 335.534 0.00588235 0
107.428 335.534 0.00520833 0
104.373 324.143 0.0131579 0
104.373 324.143 0.00826446 0
104.373 324.143 0.0142857 0
104.373 324.143 0.0660377 0
104.373 324.143 0.266667 0
104.373 324.143 0.116505 0
104.373 324.143 0.111111 0
104.373 324.143 0.03125 0
104.373 324.143 0.0102041 0
104.373 324.143 0.266667 0
104.373 324.143 0.00793651 0
104.373 324.143 0.116505 0
107.428 335.534 0.0258065 0
107.428 335.534 0.00819672 0
107.428 335.534 0.0258065 0
107.428 335.534 0.0290698 0
107.428 335.534 0.0699301 0
107.428 335.534 0.00520833 0
107.428 335.534 0.0207254 0
107.428 335.534 0.0327869 0
107.428 335.534 0.0327869 0
107.428 335.534 0.0186916 0
104.373 324.143 0.0142857 0
104.373 324.143 0.0243902 0
104.373 324.143 0.0660377 0
104.373 324.143 0.0224719 0
104.373 324.143 0.0526316 0
104.373 324.143 0.0243902 0
104.373 324.143 0.0224719 0
104.373 324.143 0.111111 0
104.373 324.143 0.037037 0
104.373 324.143 0.03125 0
107.428 335.534 0.0290698 0
107.428 335.534 0.0443038 0
107.428 335.534 0.0327869 0
107.428 335.534 0.0104167 0
107.428 335.534 0.038835 0
107.428 335.534 0.0327869 0
107.428 335.534 0.0186916 0
107.428 335.534 0.0104167 0
107.428 335.534 0.213592 0
107.428 335.534 0.0207254 0
107.428 335.534 0.0104167 0
107.428 335.534 0.0104167 0
104.373 324.143 0.027027 0
104.373 324.143 0.0526316 0
104.373 324.143 0.037037 0
104.373 324.143 0.00980392 0
104.373 324.143 0.0328638 0
104.373 324.143 0.0283688 0
104.373 324.143 0.0128205 0
104.373 324.143 0.00980392 0
104.373 324.143 0.0328638 0
117.661 443.683 0.216867 0
107.428 335.534 0.00606061 0
117.661 443.683 0.112245 0
107.428 335.534 0.0443038 0
107.428 335.534 0.00606061 0
10.2676 108.148 0.036036 0
107.428 335.534 0.038835 0
107.428 335.534 0.213592 0
107.428 335.534 0.0294118 0
107.428 335.534 0.008 0
107.428 335.534 0.019802 0
104.373 324.143 0.0366972 0
104.373 324.143 0.0217391 0
104.373 324.143 0.244898 0
104.373 324.143 0.0769231 0
104.373 324.143 0.0252101 0
104.373 324.143 0.027027 0
104.373 324.143 0.0366972 0
104.373 324.143 0.244898 0
104.373 324.143 0.0111111 0
104.373 324.143 0.0175439 0
104.373 324.143 0.00483092 0
104.373 324.143 0.0283688 0
104.373 324.143 0.0175439 0
104.373 324.143 0.0603448 0
104.373 324.143 0.0128205 0
104.373 324.143 0.00483092 0
104.373 324.143 0.00952381 0
104.373 324.143 0.0382775 0
108.97 337.734 0.117647 0
108.97 337.734 0.0192308 0
108.97 337.734 0.0697674 0
108.97 337.734 0.00819672 0
108.97 337.734 0.0173913 0
108.97 337.734 0.037037 0
108.97 337.734 0.0240964 0
108.97 337.734 0.0625 0
117.661 443.683 0.0666667 0
117.661 443.683 0.216867 0
117.661 443.683 0.112245 0
10.2676 108.148 0.036036 0
117.661 443.683 0.0666667 0
10.2676 108.148 0.0232558 0
117.661 443.683 0.0333333 0
10.2676 108.148 0.0232558 0
10.2676 108.148 0.0120482 0
10.2676 108.148 0.0373832 0
107.428 335.534 0.008 0
107.428 335.534 0.0409836 0
107.428 335.534 0.049505 0
107.428 335.534 0.0294118 0
107.428 335.534 0.019802 0
107.428 335.534 0.132653 0
107.428 335.534 0.00980392 0
107.428 335.534 0.0649351 0
107.428 335.534 0.0674157 0
107.428 335.534 0.0409836 0
107.428 335.534 0.132653 0
104.373 324.143 0.0111111 0
107.428 335.534 0.00980392 0
104.373 324.143 0.00840336 0
104.373 324.143 0.00625 0
104.373 324.143 0.0210526 0
104.373 324.143 0.0217391 0
104.373 324.143 0.0769231 0
104.373 324.143 0.00840336 0
104.373 324.143 0.0252101 0
104.373 324.143 0.00625 0
104.373 324.143 0.00952381 0
104.373 324.143 0.0162602 0
104.373 324.143 0.0300752 0
104.373 324.143 0.0603448 0
104.373 324.143 0.0382775 0
104.373 324.143 0.155738 0
104.373 324.143 0.227273 0
104.373 324.143 0.0162602 0
104.373 324.143 0.155738 0
108.97 337.734 0.0153846 0
108.97 337.734 0.018018 0
108.97 337.734 0.117647 0
108.97 337.734 0.0697674 0
108.97 337.734 0.037037 0
108.97 337.734 0.0153846 0
108.97 337.734 0.0533333 0
108.97 337.734 0.0192308 0
108.97 337.734 0.00819672 0
108.97 337.734 0.0173913 0
108.97 337.734 0.0240964 0
108.97 337.734 0.0625 0
108.97 337.734 0.00877193 0
108.97 337.734 0.00877193 0
108.97 337.734 0.0325203 0
108.97 337.734 0.0140845 0
117.661 443.683 0.0333333 0
117.661 443.683 0.0230769 0
10.2676 108.148 0.0120482 0
117.661 443.683 0.0230769 0
10.2676 108.148 0.00769231 0
117.661 443.683 0.0842105 0
10.2676 108.148 0.0373832 0
10.2676 108.148 0.0707071 0
10.2676 108.148 0.0196078 0
10.2676 108.148 0.00769231 0
10.2676 108.148 0.0707071 0
107.428 335.534 0.0196078 0
107.428 335.534 0.0484848 0
107.428 335.534 0.0248447 0
107.428 335.534 0.040404 0
107.428 335.534 0.0253165 0
107.428 335.534 0.049505 0
107.428 335.534 0.0649351 0
107.428 335.534 0.0196078 0
107.428 335.534 0.040404 0
104.373 324.143 0.0306122 0
104.373 324.143 0.0239521 0
107.428 335.534 0.0674157 0
104.373 324.143 0.0210526 0
104.373 324.143 0.0306122 0
104.373 324.143 0.0645161 0
104.373 324.143 0.020979 0
104.373 324.143 0.00684932 0
104.373 324.143 0.0300752 0
104.373 324.143 0.227273 0
104.373 324.143 0.020979 0
108.97 337.734 0.0533333 0
108.97 337.734 0.0263158 0
108.97 337.734 0.018018 0
108.97 337.734 0.0325203 0
108.97 337.734 0.0140845 0
108.97 337.734 0.0291262 0
108.97 337.734 0.269663 0
108.97 337.734 0.0606061 0
108.97 337.734 0.0119048 0
108.97 337.734 0.00613497 0
117.661 443.683 0.00595238 0
117.661 443.683 0.0842105 0
117.661 443.683 0.0526316 0
117.661 443.683 0.0283019 0
117.661 443.683 0.072 0
117.661 443.683 0.0526316 0
10.2676 108.148 0.013986 0
10.2676 108.148 0.0666667 0
10.2676 108.148 0.0196078 0
10.2676 108.148 0.013986 0
10.2676 108.148 0.0105263 0
107.428 335.534 0.010101 0
107.428 335.534 0.0484848 0
107.428 335.534 0.010101 0
107.428 335.534 0.0921986 0
107.428 335.534 0.0248447 0
107.428 335.534 0.0253165 0
107.428 335.534 0.00729927 0
104.373 324.143 0.0645161 0
104.373 324.143 0.08 0
104.373 324.143 0.0239521 0
104.373 324.143 0.08 0
104.373 324.143 0.00653595 0
104.373 324.143 0.00980392 0
104.373 324.143 0.00684932 0
104.373 324.143 0.0245902 0
108.97 337.734 0.0102041 0
108.97 337.734 0.00934579 0
104.373 324.143 0.0420168 0
108.97 337.734 0.0947368 0
108.97 337.734 0.00934579 0
108.97 337.734 0.0263158 0
108.97 337.734 0.0238095 0
108.97 337.734 0.0291262 0
108.97 337.734 0.269663 0
108.97 337.734 0.0238095 0
108.97 337.734 0.0521739 0
108.97 337.734 0.0119048 0
108.97 337.734 0.00613497 0
108.97 337.734 0.0521739 0
108.97 337.734 0.056 0
108.97 337.734 0.00578035 0
108.97 337.734 0.00478469 0
108.97 337.734 0.0606061 0
108.97 337.734 0.056 0
108.97 337.734 0.0125786 0
117.661 443.683 0.00595238 0
117.661 443.683 0.0283019 0
117.661 443.683 0.0318471 0
117.661 443.683 0.072 0
10.2676 108.148 0.0105263 0
10.2676 108.148 0.0196078 0
10.2676 108.148 0.0666667 0
10.2676 108.148 0.0196078 0
10.2676 108.148 0.0523256 0
107.428 335.534 0.0921986 0
107.428 335.534 0.00729927 0
107.428 335.534 0.0842105 0
107.428 335.534 0.0842105 0
107.428 335.534 0.00680272 0
104.373 324.143 0.00653595 0
104.373 324.143 0.00833333 0
104.373 324.143 0.00980392 0
104.373 324.143 0.036036 0
104.373 324.143 0.130435 0
104.373 324.143 0.0166667 0
104.373 324.143 0.036036 0
104.373 324.143 0.0104167 0
104.373 324.143 0.0769231 0
104.373 324.143 0.0245902 0
104.373 324.143 0.0420168 0
104.373 324.143 0.155963 0
5.12931 13.5914 0.0240964 0
104.373 324.143 0.188119 0
104.373 324.143 0.0493827 0
5.12931 13.5914 0.0172414 0
104.373 324.143 0.155963 0
108.97 337.734 0.113636 0
108.97 337.734 0.0352941 0
108.97 337.734 0.0247934 0
108.97 337.734 0.00840336 0
5.12931 13.5914 0.0240964 0
108.97 337.734 0.113636 0
108.97 337.734 0.025 0
108.97 337.734 0.0333333 0
108.97 337.734 0.0102041 0
108.97 337.734 0.0947368 0
108.97 337.734 0.0352941 0
108.97 337.734 0.00704225 0
108.97 337.734 0.0125786 0
108.97 337.734 0.00966184 0
108.97 337.734 0.00578035 0
108.97 337.734 0.00704225 0
108.97 337.734 0.00966184 0
108.97 337.734 0.0162602 0
108.97 337.734 0.00478469 0
108.97 337.734 0.0188679 0
117.661 443.683 0.0102041 0
117.661 443.683 0.0318471 0
117.661 443.683 0.0289855 0
117.661 443.683 0.0148148 0
117.661 443.683 0.0102041 0
117.661 443.683 0.0289855 0
117.661 443.683 0.0504202 0
10.2676 108.148 0.0523256 0
10.2676 108.148 0.0182927 0
10.2676 108.148 0.0148148 0
10.2676 108.148 0.0182927 0
10.2676 108.148 0.0148148 0
10.2676 108.148 0.0461538 0
107.428 335.534 0.00680272 0
10.2676 108.148 0.0214286 0
107.428 335.534 0.0129032 0
107.428 335.534 0.0196078 0
107.428 335.534 0.00561798 0
107.428 335.534 0.0247934 0
107.428 335.534 0.092437 0
107.428 335.534 0.00694444 0
109.157 387.938 0.00917431 0
109.157 387.938 0.0617284 0
109.157 387.938 0.0392157 0
109.157 387.938 0.0546875 0
104.373 324.143 0.0104167 0
104.373 324.143 0.0133333 0
104.373 324.143 0.00995025 0
109.157 387.938 0.0566038 0
104.373 324.143 0.00833333 0
104.373 324.143 0.130435 0
104.373 324.143 0.0133333 0
104.373 324.143 0.0166667 0
104.373 324.143 0.00995025 0
104.373 324.143 0.00515464 0
104.373 324.143 0.0121951 0
104.373 324.143 0.00826446 0
104.373 324.143 0.0769231 0
104.373 324.143 0.188119 0
108.97 337.734 0.025 0
104.373 324.143 0.00826446 0
108.97 337.734 0.0176991 0
104.373 324.143 0.0423729 0
108.97 337.734 0.02 0
104.373 324.143 0.0493827 0
108.97 337.734 0.0333333 0
5.12931 13.5914 0.0172414 0
108.97 337.734 0.0247934 0
108.97 337.734 0.0176991 0
108.97 337.734 0.00840336 0
108.97 337.734 0.0162602 0
108.97 337.734 0.0188679 0
108.97 337.734 0.27907 0
108.97 337.734 0.00952381 0
108.97 337.734 0.0408163 0
108.97 337.734 0.27907 0
117.661 443.683 0.0504202 0
117.661 443.683 0.0172414 0
117.661 443.683 0.0148148 0
117.661 443.683 0.0172414 0
117.661 443.683 0.0416667 0
10.2676 108.148 0.0461538 0
10.2676 108.148 0.0214286 0
117.661 443.683 0.0888889 0
117.661 443.683 0.0888889 0
117.661 443.683 0.0888889 0
117.661 443.683 0.0952381 0
107.428 335.534 0.0129032 0
107.428 335.534 0.0247934 0
117.661 443.683 0.0888889 0
117.661 443.683 0.0137931 0
117.661 443.683 0.131783 0
107.428 335.534 0.0196078 0
107.428 335.534 0.092437 0
109.157 387.938 0.0769231 0
109.157 387.938 0.0387597 0
107.428 335.534 0.00561798 0
107.428 335.534 0.00694444 0
109.157 387.938 0.0140845 0
109.157 387.938 0.0194805 0
109.157 387.938 0.00917431 0
109.157 387.938 0.0617284 0
109.157 387.938 0.0769231 0
109.157 387.938 0.0140845 0
109.157 387.938 0.0392157 0
109.157 387.938 0.0546875 0
109.157 387.938 0.0566038 0
109.157 387.938 0.0723684 0
109.157 387.938 0.057377 0
104.373 324.143 0.00515464 0
109.157 387.938 0.0723684 0
104.373 324.143 0.0157068 0
109.157 387.938 0.0165289 0
104.373 324.143 0.0121951 0
109.157 387.938 0.057377 0
104.373 324.143 0.0807453 0
109.157 387.938 0.10989 0
104.373 324.143 0.0157068 0
104.373 324.143 0.0807453 0
104.373 324.143 0.0201342 0
104.373 324.143 0.0423729 0
104.373 324.143 0.0310078 0
104.373 324.143 0.047619 0
108.97 337.734 0.0824742 0
108.97 337.734 0.0107527 0
108.97 337.734 0.02 0
108.97 337.734 0.0824742 0
108.97 337.734 0.030303 0
108.97 337.734 0.0107527 0
108.97 337.734 0.016129 0
108.97 337.734 0.0469799 0
108.97 337.734 0.00952381 0
108.97 337.734 0.0469799 0
108.97 337.734 0.0408163 0
117.661 443.683 0.0416667 0
117.661 443.683 0.00909091 0
117.661 443.683 0.0373134 0
117.661 443.683 0.00909091 0
117.661 443.683 0.0137931 0
117.661 443.683 0.00714286 0
117.661 443.683 0.0952381 0
117.661 443.683 0.131783 0
117.661 443.683 0.0403226 0
117.661 443.683 0.0319149 0
117.661 443.683 0.0549451 0
117.661 443.683 0.00714286 0
117.661 443.683 0.0403226 0
117.661 443.683 0.00806452 0
109.157 387.938 0.0178571 0
109.157 387.938 0.0387597 0
109.157 387.938 0.0194805 0
109.157 387.938 0.0165289 0
109.157 387.938 0.10989 0
109.157 387.938 0.113924 0
109.157 387.938 0.0254237 0
104.373 324.143 0.0201342 0
109.157 387.938 0.113924 0
109.157 387.938 0.0540541 0
104.373 324.143 0.02 0
104.373 324.143 0.0153846 0
104.373 324.143 0.0697674 0
104.373 324.143 0.016 0
104.373 324.143 0.122807 0
104.373 324.143 0.00909091 0
104.373 324.143 0.0310078 0
104.373 324.143 0.0697674 0
104.373 324.143 0.122807 0
104.373 324.143 0.047619 0
108.97 337.734 0.030303 0
108.97 337.734 0.016129 0
108.97 337.734 0.111111 0
108.97 337.734 0.00666667 0
117.661 443.683 0.025641 0
117.661 443.683 0.0174419 0
117.661 443.683 0.0373134 0
117.661 443.683 0.025641 0
117.661 443.683 0.0174419 0
117.661 443.683 0.00806452 0
117.661 443.683 0.0212766 0
117.661 443.683 0.010989 0
117.661 443.683 0.0319149 0
117.661 443.683 0.0212766 0
117.661 443.683 0.0344828 0
117.661 443.683 0.0549451 0
117.661 443.683 0.010989 0
109.157 387.938 0.0114943 0
109.157 387.938 0.0943396 0
109.157 387.938 0.0178571 0
109.157 387.938 0.0540541 0
109.157 387.938 0.0133333 0
109.157 387.938 0.0254237 0
104.373 324.143 0.0153846 0
109.157 387.938 0.0133333 0
104.373 324.143 0.057554 0
109.157 387.938 0.00561798 0
109.157 387.938 0.0381679 0
104.373 324.143 0.00970874 0
109.157 387.938 0.136842 0
104.373 324.143 0.02 0
104.373 324.143 0.057554 0
104.373 324.143 0.00970874 0
5.69234 63.795 0.00980392 0
104.373 324.143 0.0508475 0
104.373 324.143 0.0677966 0
104.373 324.143 0.031746 0
104.373 324.143 0.0592593 0
104.373 324.143 0.00571429 0
104.373 324.143 0.00990099 0
104.373 324.143 0.0185185 0
104.373 324.143 0.0314961 0
104.373 324.143 0.0454545 0
104.373 324.143 0.00666667 0
104.373 324.143 0.016 0
104.373 324.143 0.00909091 0
104.373 324.143 0.031746 0
104.373 324.143 0.00990099 0
108.97 337.734 0.0413223 0
108.97 337.734 0.0176991 0
108.97 337.734 0.111111 0
108.97 337.734 0.0413223 0
108.97 337.734 0.0224719 0
108.97 337.734 0.013986 0
108.97 337.734 0.00666667 0
108.97 337.734 0.0131579 0
108.97 337.734 0.00413223 0
108.97 337.734 0.013986 0
108.97 337.734 0.0131579 0
108.97 337.734 0.037037 0
108.97 337.734 0.00413223 0
117.661 443.683 0.139241 0
117.661 443.683 0.00819672 0
117.661 443.683 0.0344828 0
117.661 443.683 0.0467836 0
117.661 443.683 0.0267857 0
117.661 443.683 0.0390625 0
117.661 443.683 0.0467836 0
109.157 387.938 0.0413223 0
109.157 387.938 0.0117647 0
109.157 387.938 0.00826446 0
109.157 387.938 0.0153846 0
109.157 387.938 0.196721 0
109.157 387.938 0.00625 0
109.157 387.938 0.0114943 0
109.157 387.938 0.0943396 0
109.157 387.938 0.0117647 0
109.157 387.938 0.00826446 0
109.157 387.938 0.0153846 0
109.157 387.938 0.00561798 0
109.157 387.938 0.00636943 0
109.157 387.938 0.0381679 0
109.157 387.938 0.136842 0
5.69234 63.795 0.00980392 0
109.157 387.938 0.0545455 0
104.373 324.143 0.0508475 0
109.157 387.938 0.00636943 0
109.157 387.938 0.0545455 0
109.157 387.938 0.015748 0
104.373 324.143 0.0677966 0
104.373 324.143 0.0185185 0
104.373 324.143 0.0314961 0
104.373 324.143 0.0592593 0
104.373 324.143 0.0454545 0
104.373 324.143 0.00571429 0
104.373 324.143 0.00666667 0
108.97 337.734 0.0224719 0
108.97 337.734 0.0470588 0
108.97 337.734 0.0142857 0
108.97 337.734 0.0142857 0
108.97 337.734 0.0176991 0
108.97 337.734 0.0470588 0
108.97 337.734 0.0230769 0
108.97 337.734 0.037037 0
108.97 337.734 0.032967 0
108.97 337.734 0.0470588 0
117.661 443.683 0.0333333 0
117.661 443.683 0.00819672 0
117.661 443.683 0.0727273 0
117.661 443.683 0.0267857 0
117.661 443.683 0.139241 0
117.661 443.683 0.0333333 0
117.661 443.683 0.0727273 0
117.661 443.683 0.0625 0
117.661 443.683 0.0196078 0
117.661 443.683 0.0267857 0
117.661 443.683 0.00653595 0
117.661 443.683 0.00628931 0
117.661 443.683 0.0185185 0
117.661 443.683 0.00833333 0
117.661 443.683 0.0136986 0
117.661 443.683 0.0592105 0
117.661 443.683 0.0546875 0
117.661 443.683 0.0267857 0
117.661 443.683 0.0185185 0
109.157 387.938 0.00574713 0
109.157 387.938 0.0235294 0
117.661 443.683 0.0390625 0
117.661 443.683 0.00833333 0
109.157 387.938 0.0413223 0
109.157 387.938 0.196721 0
109.157 387.938 0.00574713 0
109.157 387.938 0.00625 0
109.157 387.938 0.015748 0
109.157 387.938 0.0429448 0
109.157 387.938 0.05 0
109.157 387.938 0.0429448 0
108.97 337.734 0.021978 0
108.97 337.734 0.0230769 0
108.97 337.734 0.04 0
108.97 337.734 0.09 0
108.97 337.734 0.0412371 0
108.97 337.734 0.00641026 0
108.97 337.734 0.0142857 0
108.97 337.734 0.04 0
108.97 337.734 0.0142857 0
108.97 337.734 0.021978 0
108.97 337.734 0.09 0
108.97 337.734 0.0188679 0
108.97 337.734 0.032967 0
108.97 337.734 0.0763359 0
108.97 337.734 0.0470588 0
108.97 337.734 0.072 0
108.97 337.734 0.030303 0
108.97 337.734 0.0763359 0
108.97 337.734 0.072 0
108.97 337.734 0.0335196 0
108.97 337.734 0.0252101 0
117.661 443.683 0.0625 0
117.661 443.683 0.00653595 0
117.661 443.683 0.0136986 0
117.661 443.683 0.0196078 0
117.661 443.683 0.00628931 0
117.661 443.683 0.0592105 0
117.661 443.683 0.0546875 0
109.157 387.938 0.0757576 0
109.157 387.938 0.016 0
109.157 387.938 0.0235294 0
109.157 387.938 0.0757576 0
109.157 387.938 0.0178571 0
109.157 387.938 0.0210526 0
109.157 387.938 0.0252101 0
109.157 387.938 0.05 0
108.97 337.734 0.0188679 0
108.97 337.734 0.00970874 0
108.97 337.734 0.0322581 0
108.97 337.734 0.0412371 0
108.97 337.734 0.00970874 0
108.97 337.734 0.0120482 0
108.97 337.734 0.00641026 0
108.97 337.734 0.00704225 0
108.97 337.734 0.0335196 0
108.97 337.734 0.0457516 0
108.97 337.734 0.0252101 0
108.97 337.734 0.030303 0
108.97 337.734 0.0457516 0
109.157 387.938 0.0178571 0
109.157 387.938 0.016 0
109.157 387.938 0.0581395 0
109.157 387.938 0.0694444 0
109.157 387.938 0.0210526 0
109.157 387.938 0.0252101 0
109.157 387.938 0.0694444 0
109.157 387.938 0.223404 0
109.157 387.938 0.205479 0
109.157 387.938 0.0144928 0
109.157 387.938 0.00854701 0
109.157 387.938 0.0864198 0
108.97 337.734 0.013245 0
108.97 337.734 0.0120482 0
108.97 337.734 0.00704225 0
108.97 337.734 0.0322581 0
108.97 337.734 0.013245 0
108.97 337.734 0.0483871 0
108.97 337.734 0.0705882 0
108.97 337.734 0.0114943 0
108.97 337.734 0.0598291 0
108.97 337.734 0.0483871 0
108.97 337.734 0.0705882 0
108.97 337.734 0.0847458 0
109.157 387.938 0.0186916 0
109.157 387.938 0.0581395 0
109.157 387.938 0.0786517 0
109.157 387.938 0.223404 0
109.157 387.938 0.0144928 0
109.157 387.938 0.00546448 0
109.157 387.938 0.205479 0
109.157 387.938 0.00854701 0
109.157 387.938 0.0864198 0
109.157 387.938 0.0308642 0
109.157 387.938 0.0291262 0
109.157 387.938 0.00546448 0
109.157 387.938 0.0308642 0
109.157 387.938 0.00518135 0
108.97 337.734 0.008 0
108.97 337.734 0.0847458 0
108.97 337.734 0.0166667 0
108.97 337.734 0.0363636 0
108.97 337.734 0.0114943 0
108.97 337.734 0.0166667 0
108.97 337.734 0.0598291 0
109.157 387.938 0.0186916 0
109.157 387.938 0.0786517 0
109.157 387.938 0.10084 0
109.157 387.938 0.00518135 0
109.157 387.938 0.0298507 0
109.157 387.938 0.0291262 0
109.157 387.938 0.0298507 0
108.97 337.734 0.0136986 0
108.97 337.734 0.0136986 0
108.97 337.734 0.0267857 0
108.97 337.734 0.254237 0
108.97 337.734 0.00892857 0
108.97 337.734 0.0215827 0
108.97 337.734 0.008 0
108.97 337.734 0.0363636 0
108.97 337.734 0.00892857 0
108.97 337.734 0.0215827 0
108.97 337.734 0.018018 0
109.157 387.938 0.10084 0
109.157 387.938 0.0228571 0
109.157 387.938 0.0186335 0
109.157 387.938 0.0228571 0
109.157 387.938 0.0215054 0
109.157 387.938 0.0224719 0
109.157 387.938 0.252336 0
109.157 387.938 0.00769231 0
108.97 337.734 0.0267857 0
108.97 337.734 0.030303 0
108.97 337.734 0.254237 0
108.97 337.734 0.030303 0
108.97 337.734 0.0169492 0
108.97 337.734 0.0117647 0
108.97 337.734 0.018018 0
108.97 337.734 0.0267857 0
108.97 337.734 0.0425532 0
108.97 337.734 0.00680272 0
109.157 387.938 0.0215054 0
109.157 387.938 0.0174419 0
109.157 387.938 0.0186335 0
109.157 387.938 0.0174419 0
109.157 387.938 0.0409836 0
109.157 387.938 0.0248756 0
109.157 387.938 0.0224719 0
109.157 387.938 0.00714286 0
109.157 387.938 0.252336 0
109.157 387.938 0.00769231 0
109.157 387.938 0.0316456 0
108.97 337.734 0.0169492 0
108.97 337.734 0.0117647 0
108.97 337.734 0.0215054 0
108.97 337.734 0.0215054 0
108.97 337.734 0.141304 0
108.97 337.734 0.0128205 0
108.97 337.734 0.0267857 0
108.97 337.734 0.0425532 0
108.97 337.734 0.00680272 0
108.97 337.734 0.0128205 0
108.97 337.734 0.0466667 0
109.157 387.938 0.0409836 0
109.157 387.938 0.0248756 0
109.157 387.938 0.0630631 0
109.157 387.938 0.0630631 0
109.157 387.938 0.00729927 0
109.157 387.938 0.00757576 0
109.157 387.938 0.0512821 0
109.157 387.938 0.0886076 0
109.157 387.938 0.0689655 0
109.157 387.938 0.00714286 0
109.157 387.938 0.0316456 0
109.157 387.938 0.00757576 0
93.6162 439.742 0.0238095 0
93.6162 439.742 0.0194175 0
93.6162 439.742 0.00980392 0
93.6162 439.742 0.00892857 0
108.97 337.734 0.141304 0
108.97 337.734 0.045977 0
108.97 337.734 0.045977 0
108.97 337.734 0.0466667 0
108.97 337.734 0.00598802 0
108.97 337.734 0.0301205 0
109.157 387.938 0.00729927 0
109.157 387.938 0.191176 0
109.157 387.938 0.0309278 0
109.157 387.938 0.0194175 0
109.157 387.938 0.0526316 0
109.157 387.938 0.0377358 0
109.157 387.938 0.0441176 0
109.157 387.938 0.0512821 0
109.157 387.938 0.0886076 0
109.157 387.938 0.0194175 0
109.157 387.938 0.0689655 0
93.6162 439.742 0.0277778 0
93.6162 439.742 0.00666667 0
93.6162 439.742 0.0656934 0
93.6162 439.742 0.0238095 0
93.6162 439.742 0.0277778 0
93.6162 439.742 0.0638298 0
93.6162 439.742 0.0172414 0
93.6162 439.742 0.0485437 0
93.6162 439.742 0.0361446 0
93.6162 439.742 0.0194175 0
93.6162 439.742 0.00980392 0
93.6162 439.742 0.00892857 0
93.6162 439.742 0.0638298 0
93.6162 439.742 0.0493274 0
93.6162 439.742 0.0251572 0
93.6162 439.742 0.0283688 0
108.97 337.734 0.0442478 0
108.97 337.734 0.0882353 0
108.97 337.734 0.0150376 0
108.97 337.734 0.0106383 0
108.97 337.734 0.0301205 0
108.97 337.734 0.0880503 0
108.97 337.734 0.0217391 0
108.97 337.734 0.114583 0
108.97 337.734 0.00598802 0
108.97 337.734 0.0880503 0
109.157 387.938 0.191176 0
109.157 387.938 0.0309278 0
109.157 387.938 0.0526316 0
109.157 387.938 0.0377358 0
109.157 387.938 0.0441176 0
93.6162 439.742 0.0146341 0
93.6162 439.742 0.00666667 0
93.6162 439.742 0.0172414 0
93.6162 439.742 0.0275862 0
93.6162 439.742 0.0656934 0
93.6162 439.742 0.0485437 0
93.6162 439.742 0.0146341 0
93.6162 439.742 0.030303 0
93.6162 439.742 0.0361446 0
93.6162 439.742 0.0493274 0
93.6162 439.742 0.0251572 0
93.6162 439.742 0.0283688 0
93.6162 439.742 0.0879121 0
93.6162 439.742 0.00746269 0
108.97 337.734 0.0442478 0
93.6162 439.742 0.0879121 0
93.6162 439.742 0.106383 0
108.97 337.734 0.0882353 0
108.97 337.734 0.0141844 0
108.97 337.734 0.0955056 0
108.97 337.734 0.092437 0
108.97 337.734 0.162162 0
108.97 337.734 0.0150376 0
108.97 337.734 0.092437 0
108.97 337.734 0.030303 0
108.97 337.734 0.0106383 0
108.97 337.734 0.0217391 0
108.97 337.734 0.114583 0
93.6162 439.742 0.0275862 0
93.6162 439.742 0.030303 0
93.6162 439.742 0.0485437 0
93.6162 439.742 0.106383 0
93.6162 439.742 0.0145985 0
93.6162 439.742 0.0632184 0
93.6162 439.742 0.025 0
93.6162 439.742 0.00746269 0
108.97 337.734 0.0141844 0
93.6162 439.742 0.0145985 0
93.6162 439.742 0.0114286 0
108.97 337.734 0.0955056 0
93.6162 439.742 0.0632184 0
108.97 337.734 0.00537634 0
108.97 337.734 0.030303 0
108.97 337.734 0.0185185 0
108.97 337.734 0.0583942 0
108.97 337.734 0.0446429 0
108.97 337.734 0.0106383 0
108.97 337.734 0.162162 0
108.97 337.734 0.0185185 0
93.6162 439.742 0.0485437 0
93.6162 439.742 0.315789 0
93.6162 439.742 0.0114286 0
93.6162 439.742 0.0252525 0
93.6162 439.742 0.00571429 0
93.6162 439.742 0.025 0
93.6162 439.742 0.0252525 0
93.6162 439.742 0.0231214 0
93.6162 439.742 0.00571429 0
93.6162 439.742 0.0133333 0
108.97 337.734 0.00537634 0
108.97 337.734 0.0583942 0
108.97 337.734 0.0446429 0
108.97 337.734 0.0106383 0
93.6162 439.742 0.315789 0
93.6162 439.742 0.0666667 0
93.6162 439.742 0.00740741 0
93.6162 439.742 0.0231214 0
93.6162 439.742 0.0133333 0
93.6162 439.742 0.00970874 0
93.6162 439.742 0.283951 0
93.6162 439.742 0.0344828 0
93.6162 439.742 0.00970874 0
93.6162 439.742 0.0666667 0
93.6162 439.742 0.00740741 0
93.6162 439.742 0.146667 0
93.6162 439.742 0.0162602 0
93.6162 439.742 0.146667 0
93.6162 439.742 0.205882 0
93.6162 439.742 0.0162602 0
93.6162 439.742 0.0121951 0
93.6162 439.742 0.283951 0
93.6162 439.742 0.0121951 0
93.6162 439.742 0.08 0
93.6162 439.742 0.0344828 0
93.6162 439.742 0.0125 0
93.6162 439.742 0.0625 0
93.6162 439.742 0.205882 0
93.6162 439.742 0.127907 0
93.6162 439.742 0.127907 0
93.6162 439.742 0.0273973 0
93.6162 439.742 0.08 0
93.6162 439.742 0.0125 0
93.6162 439.742 0.0625 0
93.6162 439.742 0.161538 0
93.6162 439.742 0.0273973 0
93.6162 439.742 0.161538 0
