0.0815277 0.0777823 0.0930233 1
2.63495 0.112803 0.221053 1
1.5294 1.65633 0.0683761 1
1.72771 1.88538 0.155556 1
1.11351 0.746869 0.136364 1
1.17026 2.1043 0.154286 1
9.8533 114.384 0.275 0
37.291 159.363 0.335714 1
24.6897 120.678 0.0792683 1
60.9496 457.977 0.236641 1
56.6195 757.235 0.105263 1
37.0009 1166.7 0.0691489 1
14.5502 1159.77 0.0871795 1
29.7711 949.556 0.00606061 1
47.7025 919.53 0.154412 1
1.98474 960.552 0.0264901 1
53.8041 975.702 0.00961538 1
38.1117 815.396 0.28866 1
15.3434 1059.7 0.166667 1
42.754 1131.58 0.0178571 1
21.4763 1114.52 0.0666667 1
34.3366 1123.87 0.0218978 1
40.6471 1155.71 0.0449438 1
11.8976 933.203 0.0981595 1
32.1333 1140.61 0.00487805 1
0.975441 1068.27 0.142857 1
11.2795 1045.35 0.0402299 1
4.74286 1023.09 0.00757576 1
25.1973 1011.02 0.0740741 1
90.3963 833.451 0.0333333 1
12.7976 990.616 0.05 1
22.8427 958.246 0.0103093 1
13.9009 983.928 0.0103093 1
63.4227 882.27 0.148936 1
21.7829 818.406 0.0965909 1
9.13513 1029.14 0.0194175 1
16.0017 809.42 0.0457143 1
56.7689 833.003 0.364865 1
80.5712 96.6222 0.119718 1
5.7737 1059.43 0.0459184 1
53.6149 850.266 0.0322581 1
15.4678 920.005 0.306878 1
16.4478 1105.07 0.0112994 1
25.8708 1071.48 0.0271739 1
25.0915 1044.95 0.333333 1
44.504 922.058 0.109948 1
10.0615 1073.78 0.368687 1
22.0369 920.251 0.0290698 1
33.8798 928.09 0.0115607 1
1.63074 1053.34 0.0465116 1
46.8813 515.203 0.27957 1
16.7687 1004.62 0.0331754 1
42.4798 939.32 0.0418848 1
16.0049 953.767 0.0144928 1
15.6678 660.102 0.013986 1
39.8675 1080.04 0.00552486 1
17.9515 1010.8 0.00917431 1
34.0175 1031.69 0.00485437 1
46.61 913.917 0.215686 1
6.18906 1046.72 0.0215054 1
26.8347 994.327 0.0151515 1
32.4511 928.715 0.0437956 1
9.96567 1007.6 0.0329218 1
1.60523 273.2 0.0913979 1
35.3734 1030.48 0.108434 1
26.0533 907.534 0.0357143 1
30.8343 893.988 0.0882353 1
27.4964 980.212 0.202073 1
18.8148 882.449 0.0939597 1
34.5465 998.761 0.14881 1
9.30915 1007.17 0.142857 1
34.859 1025.89 0.215385 1
9.67853 946.057 0.0583333 1
35.3276 1040.56 0.132159 1
62.7852 668.57 0.0434783 1
42.3587 1066.6 0.0131579 1
27.3909 1002.12 0.0819672 1
40.3177 875.743 0.0113636 1
1.56738 1014.71 0.0052356 1
21.7495 1016.35 0.020979 1
34.1724 994.391 0.117021 1
67.0626 762.816 0.0808081 1
12.9396 892.799 0.160622 1
59.1632 525.831 0.0167598 1
24.9128 994.195 0.0702703 1
1.85941 759.098 0.0485437 1
124.27 13.2225 0.00694444 1
86.3414 1000.17 0.0679012 1
30.6063 1154.74 0.10582 1
25.345 1042.78 0.0298507 1
11.4799 842.267 0.0945946 1
28.8912 193.167 0.405983 1
3.10211 2.264 0.22314 1
1.50722 3.26358 0.151685 1
0.439651 2.34213 0.31982 1
93.0874 1217.25 0.275 0
93.0874 1217.25 0.044586 0
78.4268 1149.14 0.0114943 1
30.8225 1166.42 0.0409836 1
20.1503 1185.04 0.333333 1
58.0351 1116.57 0.0222222 1
20.7293 1181.39 0.0304569 1
35.7704 1234.97 0.0115607 1
34.2723 1232.61 0.185567 1
31.6789 1220 0.00495049 1
21.3343 973.552 0.307018 1
35.0157 1223.88 0.0437158 1
23.8413 1113.7 0.122581 1
33.1806 1219.08 0.0392157 1
34.5957 1009.21 0.027972 1
31.203 1158.04 0.0542169 1
6.86143 1119.06 0.00584795 1
2.01139 1092.91 0.0504587 1
25.281 1147.34 0.297674 1
47.6263 800.352 0.115385 1
33.3618 1180.88 0.00689655 1
54.662 863.492 0.104895 1
48.353 894.85 0.115183 1
6.80817 1039.11 0.206478 1
70.083 993.174 0.113333 1
26.5667 1144.68 0.027972 1
24.7748 1116.51 0.121827 1
26.6113 1029.1 0.0809717 1
21.0409 925.514 0.0214592 1
53.6016 416.333 0.0127389 1
4.01263 1064.74 0.0289256 1
67.6942 704.373 0.0116959 1
29.4866 1175.76 0.00625 1
2.12948 1165.46 0.0562249 1
79.7619 697.868 0.0990099 1
35.0079 1217.8 0.0806452 1
2.87783 1078.21 0.528846 1
34.618 1210.63 0.0301205 1
3.4371 1116.69 0.0188679 1
36.7293 1202.74 0.0320856 1
23.86 1132.45 0.0135135 1
135.248 669.683 0.211765 1
11.2126 1151.32 0.137615 1
53.2626 726.025 0.05 1
25.0842 1095.83 0.142857 1
68.9199 385.296 0.0174419 1
3.84802 2.91572 0.1 1
2.45003 3.78844 0.0460526 1
1.28023 2.52677 0.101382 1
94.6266 1278.29 0.044586 0
94.6266 1278.29 0.0958904 0
94.6266 1278.29 0.00505051 0
94.6266 1278.29 0.0285714 0
94.6266 1278.29 0.0958904 0
94.6266 1278.29 0.0320513 0
68.9097 1200.96 0.0632911 1
86.1921 1196.67 0.18 1
94.3214 1296.12 0.00505051 0
9.11179 1080.62 0.145946 1
37.1589 1210.74 0.0573248 1
94.0602 1289.5 0.0285714 0
93.3974 1219.18 0.0538462 1
16.732 1282.53 0.0128205 1
22.6471 1253.71 0.0503145 1
10.4901 1271.33 0.00512821 1
0.291931 1279.01 0.00492611 1
17.9171 1249.28 0.0794393 1
46.7544 939.486 0.0212766 1
23.1398 1203.96 0.137931 1
1.13095 1205.55 0.28 1
87.5801 1100.81 0.0357143 0
50.7925 1063.79 0.140845 1
87.3217 1108.46 0.0296296 0
87.3217 1108.46 0.013986 0
22.6978 1242.17 0.254237 1
28.2712 1230.63 0.00480769 1
32.9996 1259.49 0.0757576 1
18.3424 1222.1 0.079096 1
29.4002 1133.34 0.0680272 1
31.7805 1221.33 0.0365854 1
8.20321 1206.44 0.0101523 1
22.2282 1169.98 0.035 1
51.8103 1150.92 0.153226 1
9.96449 1158.1 0.220513 1
33.55 1239.47 0.00571429 1
9.31017 1098.33 0.321429 1
22.4353 1193.62 0.336066 1
27.7864 1164.42 0.135135 1
21.0408 963.878 0.341085 1
48.1058 695.212 0.0192308 1
10.0881 1150.62 0.21 1
7.10732 1166.55 0.0363636 1
33.2145 1221.52 0.0638298 1
33.8509 1223.05 0.176471 1
57.2839 569.538 0.00892857 1
35.2438 1233.55 0.154762 1
81.4424 927.616 0.103774 1
1.99523 1158.64 0.0106383 1
47.5853 1023.04 0.0988372 1
24.4749 1153.39 0.015625 1
3.15015 1164.43 0.008 1
34.5892 1209.21 0.0168539 1
0.333504 688.838 0.129707 1
4.24213 1.91625 0.301282 1
3.56705 1.65411 0.0846561 1
95.6785 1227.91 0.0320513 0
95.6785 1227.91 0.0188679 0
1.65811 29.613 0.0842697 1
3.32324 1.62054 0.00505051 1
95.9181 1226.55 0.0188679 0
35.0447 1149.02 0.295775 1
95.8482 1226.7 0.277228 0
95.8482 1226.7 0.0661157 0
95.8482 1226.7 0.0138889 0
95.8482 1226.7 0.00645161 0
95.8482 1226.7 0.0114286 0
7.66524 1169.31 0.272222 1
58.0603 1168.58 0.14557 1
95.6665 1229.41 0.013986 0
22.3265 1162.02 0.0392157 1
95.5407 1225.66 0.00787402 0
9.00672 1136.14 0.316327 1
19.0278 1133.16 0.180851 1
15.905 1193.35 0.03125 1
22.7402 1146.79 0.0705882 1
6.68756 1037.19 0.0552764 1
70.3481 835.202 0.0694444 1
88.1247 1023.18 0.00793651 0
9.70213 997.199 0.01875 1
88.077 1018.74 0.0357143 0
88.077 1018.74 0.0296296 0
88.077 1018.74 0.013986 0
88.077 1018.74 0.00793651 0
88.077 1018.74 0.288136 0
75.1862 65.645 0.0117647 1
126.021 427.505 0.0163934 0
68.1615 757.575 0.125984 0
80.4641 1363.11 0.01 0
126.021 427.505 0.288136 0
57.8599 330.07 0.089172 1
45.2772 950.14 0.0153846 1
0.155922 1045.02 0.103659 1
40.9132 1007.15 0.0144231 0
3.8987 1109.42 0.00495049 1
40.8914 1001.05 0.00485437 0
6.65984 1098.59 0.00440529 1
40.9344 994.249 0.0862944 0
39.8014 897.275 0.0909091 1
88.5448 768.391 0.00649351 1
18.6075 1108.51 0.0324324 1
27.8279 1189.54 0.0461538 1
17.4304 1179.26 0.0321101 1
13.1799 1086.3 0.015544 1
31.5816 1097.35 0.0465116 1
52.9099 831.696 0.00636943 1
12.2903 1090.53 0.014218 1
4.58889 1109.72 0.0212766 1
12.0378 1190.92 0.0186047 1
13.9206 969.169 0.119497 1
33.4417 1121.11 0.0714286 1
27.8878 1160.65 0.0673575 1
36.2704 1196.93 0.171875 1
31.8445 1187.57 0.0394089 1
75.8023 685.614 0.0121212 1
31.7825 1070.32 0.0364372 1
15.6212 1029.67 0.0126582 1
50.778 832.181 0.0186916 1
26.3681 1120.68 0.163793 1
77.0984 667.815 0.0291971 1
7.81346 1134.11 0.0213904 1
31.8338 1103.49 0.25 1
41.7315 78.6376 0.0176991 0
16.3387 44.1558 0.0854701 0
3.10417 7.56652 0.0290698 1
41.8496 77.9971 0.0176991 0
41.8496 77.9971 0.0263158 0
25.3929 34.4817 0.478261 1
11.8231 50.9092 0.162791 1
32.5021 233.481 0.0990099 0
32.5021 233.481 0.0263158 0
32.5021 233.481 0.0347826 0
0.0171661 10.3423 0.147727 1
3.20905 5.46534 0.0259067 1
95.8979 1204.63 0.133333 0
95.8979 1204.63 0.00909091 0
63.2013 971.753 0.115385 1
95.6697 1215.49 0.0442478 0
95.6697 1215.49 0.277228 0
95.6697 1215.49 0.0138889 0
95.6697 1215.49 0.00645161 0
95.6697 1215.49 0.00787402 0
95.6697 1215.49 0.133333 0
95.6697 1215.49 0.0661157 0
95.6697 1215.49 0.0114286 0
95.6697 1215.49 0.013986 0
95.6697 1215.49 0.00909091 0
4.57422 15.0975 0.0307692 1
18.2817 42.5255 0.0324675 1
95.091 1205.2 0.226277 0
40.4851 1140.95 0.150794 0
95.091 1205.2 0.0426829 0
40.4851 1140.95 0.0849673 0
40.4851 1140.95 0.0160428 0
8.29118 1192.21 0.199153 1
25.3966 1205.14 0.00558659 1
52.7148 1071.94 0.287879 1
25.2453 1201.93 0.0112994 1
29.7673 1177.03 0.195531 1
5.6899 1004.58 0.035533 1
126.567 426.465 0.0272109 0
126.567 426.465 0.0272109 0
126.567 426.465 0.0168067 0
126.567 426.465 0.016129 0
51.094 1612.52 0.17 1
54.5076 827.968 0.30303 1
156.004 25.7754 0.0163934 0
156.004 25.7754 0.0168067 0
156.004 25.7754 0.0661765 0
117.907 1027.48 0.0223881 0
156.004 25.7754 0.125984 0
156.004 25.7754 0.016129 0
156.004 25.7754 0.255319 0
176.359 1190.71 0.0197368 0
117.907 1027.48 0.0143885 0
156.004 25.7754 0.01 0
156.004 25.7754 0.00877193 0
117.907 1027.48 0.169643 0
104.733 1047.56 0.0458716 0
76.665 1013.16 0.056 0
41.8737 995.402 0.0756757 0
117.907 1027.48 0.0422535 0
104.733 1047.56 0.028777 0
76.665 1013.16 0.0580645 0
41.8737 995.402 0.0144231 0
41.8737 995.402 0.00485437 0
41.8737 995.402 0.0862944 0
41.8737 995.402 0.0756757 0
41.8737 995.402 0.171875 0
41.8737 995.402 0.00456621 0
62.8589 52.1538 0.184211 1
13.9622 875.914 0.440476 1
98.8952 836.478 0.0359281 0
77.2809 751.894 0.0121951 0
66.8332 355.758 0.171875 0
66.8332 355.758 0.037037 0
32.062 1192.24 0.0186335 1
10.2944 1106.84 0.00632911 1
67.0176 351.925 0.00456621 0
30.6574 1169.21 0.0169492 1
7.70816 1143.4 0.0703518 1
59.8362 906.207 0.0735294 1
13.0313 1129.29 0.00561798 1
13.2989 1068.47 0.0373832 1
30.2879 1163.26 0.0487805 1
33.9954 1174.23 0.00961538 1
5.95299 1086.53 0.0325581 1
18.0093 1118.24 0.0144231 1
59.7638 843.158 0.263158 1
34.221 1159.18 0.00714286 1
39.3717 421.276 0.0268456 1
24.4737 1160.24 0.0643564 1
21.5906 1120.03 0.00497512 1
33.926 1186.98 0.21 1
2.24934 969.065 0.0434783 1
39.4815 1180.68 0.0751445 1
30.7272 1147.95 0.015873 1
22.332 1044.83 0.330097 1
33.9002 1170.07 0.0926829 1
2.11359 1121.51 0.156522 1
26.9745 1139.2 0.0157068 1
18.8839 1001.91 0.0878049 1
14.1932 1099.39 0.00448431 1
96.8919 1155.85 0.0854701 0
96.8919 1155.85 0.0571429 0
102.612 1168.71 0.160494 0
102.157 1172.8 0.00826446 0
96.8919 1155.85 0.0347826 0
96.8919 1155.85 0.0490196 0
96.8919 1155.85 0.0857143 0
96.8919 1155.85 0.00819672 0
96.8919 1155.85 0.0990099 0
96.8919 1155.85 0.0571429 0
96.8919 1155.85 0.0490196 0
5.72037 12.8693 0.0808824 1
5.12881 17.4119 0.113636 1
4.29202 18.931 0.103093 1
3.7321 18.8351 0.00483092 1
97.778 1155.54 0.0442478 0
97.778 1155.54 0.0857143 0
97.778 1155.54 0.00819672 0
2.46982 11.0117 0.0526316 1
25.4309 1.64759 0.13 1
97.3414 1146.1 0.226277 0
97.3414 1146.1 0.0426829 0
55.0555 54.4973 0.0656934 1
96.3728 1092.75 0.150794 0
96.3728 1092.75 0.0849673 0
96.3728 1092.75 0.0160428 0
69.4464 47.6352 0.0952381 0
68.4894 14.2146 0.0965517 0
27.8834 1106.96 0.0773196 1
13.8169 1160.19 0.0776256 1
14.3687 1123.57 0.185185 1
16.0418 1131.73 0.0047619 1
30.6964 1031.56 0.131387 1
3.81178 1065.78 0.00649351 1
64.7462 937.661 0.0070922 0
64.7462 937.661 0.0188679 0
28.9035 1064.64 0.0597015 0
64.7462 937.661 0.0070922 0
64.7462 937.661 0.0188679 0
92.4188 1019.31 0.0737705 1
139.187 1947.02 0.0124224 0
116.595 1959.71 0.327381 1
88.7302 3601.99 0.168605 1
69.8624 4297.41 0.101563 1
14.7852 3885.72 0.166667 1
123.6 2978.06 0.0661765 0
123.6 2978.06 0.255319 0
123.6 2978.06 0.00877193 0
123.6 2978.06 0.0197368 0
4.53197 3949.67 0.096 1
16.1841 3671.9 0.187919 1
124.537 2514.77 0.0223881 0
124.537 2514.77 0.0143885 0
124.537 2514.77 0.169643 0
124.537 2514.77 0.0422535 0
56.543 2814.66 0.201835 1
89.0524 3076.04 0.0533333 1
87.4609 3636.52 0.0070922 0
113.211 2561.88 0.0458716 0
113.211 2561.88 0.028777 0
87.4609 3636.52 0.00724638 0
133.121 3666.85 0.00917431 0
120.038 3634.76 0.00757576 0
113.211 2561.88 0.056 0
113.211 2561.88 0.0580645 0
113.211 2561.88 0.037037 0
113.211 2561.88 0.00729927 0
87.4609 3636.52 0.00649351 0
133.121 3666.85 0.024 0
120.038 3634.76 0.0337838 0
113.211 2561.88 0.0359281 0
113.211 2561.88 0.00729927 0
19.91 1104.97 0.387097 1
6.78526 1071.4 0.115646 1
64.043 954.797 0.00645161 1
16.5608 1028.02 0.077381 1
112.985 2559.07 0.0121951 0
29.6911 1062.36 0.0683761 1
14.2978 1073.2 0.220339 1
6.77804 1000.36 0.0336134 1
1.81921 1015.82 0.137931 1
20.1616 1048.02 0.010582 1
79.7998 464.428 0.013986 1
14.9498 1042.84 0.00473934 1
2.72803 1087.56 0.0309735 1
33.6688 1130.85 0.0192308 1
29.5853 1074.42 0.108108 1
31.8145 1119.53 0.0745614 1
19.0462 1105.94 0.131148 1
7.27734 1008.65 0.133758 1
73.1439 536.845 0.160377 1
8.42178 1048.12 0.0133333 1
51.2507 621.688 0.0238095 1
12.2542 1014.32 0.0119048 1
36.2559 1125.6 0.042654 1
34.0577 1119.37 0.00458716 1
39.5451 752.317 0.0802139 1
22.2833 781.846 0.00961538 1
96.3347 1057.88 0.160494 0
6.96204 81.4386 0.0384615 1
96.6289 1059.36 0.00826446 0
6.31741 80.0495 0.0535714 1
6.1804 78.6908 0.138298 1
5.02332 77.1459 0.108491 1
16.2617 51.3829 0.175258 1
40.8667 44.3686 0.21875 0
69.9803 45.4473 0.0952381 0
26.8883 1105.52 0.0322581 1
55.9472 1103.66 0.0795455 1
3.89593 1112.07 0.0510204 1
35.408 1116.18 0.032967 1
96.6072 1059.91 0.0965517 0
1.25467 1121.52 0.0496894 1
38.38 1057.75 0.0115607 0
1.10516 1042.93 0.0545455 1
38.3834 1054.54 0.502994 0
64.4991 1085.84 0.225166 0
6.34873 1030.61 0.07 1
64.4763 1082.27 0.0258065 0
86.9181 658.968 0.154472 1
24.1047 1090.02 0.0104712 1
113.275 2582.66 0.0124224 0
113.275 2582.66 0.0597015 0
113.275 2582.66 0.0257732 0
106.511 3630.36 0.348416 0
33.3113 3569.81 0.0176471 1
111.752 2467.9 0.0151515 0
104.988 3515.61 0.124444 0
11.0343 2979.26 0.171429 1
42.7602 3343.84 0.0909091 1
20.5879 3268.93 0.0140845 1
86.8841 3196.48 0.0181818 0
86.8841 3196.48 0.0070922 0
86.8841 3196.48 0.00724638 0
86.8841 3196.48 0.00649351 0
86.8841 3196.48 0.0181818 0
25.8137 1053.86 0.0283688 1
112.622 2143.77 0.0291971 0
59.7959 1027.4 0.319444 0
3.02523 1078.95 0.4625 1
112.614 2146.62 0.00917431 0
112.614 2146.62 0.024 0
19.438 1101.31 0.0236686 1
112.698 2149.76 0.00757576 0
112.698 2149.76 0.0337838 0
59.8721 1021.41 0.00724638 0
1.22704 1053 0.015625 1
108.579 799.974 0.225 1
22.9361 1042.8 0.111111 1
89.0931 819.075 0.169697 1
51.1736 977.022 0.00526316 1
48.3186 1001.45 0.00552486 1
22.6431 1106.49 0.132701 1
33.5107 1133.93 0.027933 1
22.6889 1128.8 0.120536 1
3.93078 1093.55 0.00431034 1
64.602 905.786 0.0973451 1
32.0752 1082.96 0.0884354 1
23.5361 1109.57 0.124088 1
82.004 710.087 0.0263158 1
30.1688 1123.7 0.04329 1
1.11208 1068.66 0.0167598 1
46.5276 960.212 0.0860927 1
124.112 319.967 0.254717 1
24.6866 1040.21 0.375 1
34.3413 1187.06 0.0222222 1
31.1462 1180.5 0.0137615 1
52.5613 987.914 0.128 1
37.4713 1172.23 0.0159574 1
12.5707 1130.08 0.195652 1
50.8939 918.133 0.00813008 1
33.3272 944.646 0.0194175 1
2.51083 1112.83 0.100671 1
14.0437 961.778 0.00396825 1
7.66383 79.3272 0.228814 1
6.86382 78.7631 0.0285714 1
6.13503 77.2799 0.183099 1
5.94717 76.6643 0.115183 1
0.476639 64.1958 0.0656934 1
96.7932 1116.81 0.043956 0
35.3076 37.0051 0.177778 1
96.4168 1104.05 0.21875 0
96.4168 1104.05 0.043956 0
96.4168 1104.05 0.032967 0
37.2671 1142.14 0.0631579 1
16.3485 1177.18 0.230769 1
22.2045 1172.82 0.0509554 1
37.4494 1106.44 0.0135135 0
5.60748 1170.9 0.138462 1
37.4594 1104.4 0.0115607 0
37.4594 1104.4 0.502994 0
37.4594 1104.4 0.0135135 0
26.1158 31.3011 0.516393 1
48.4446 951.351 0.130769 0
48.4446 951.351 0.0176471 0
69.6587 214.923 0.0275862 0
39.614 123.03 0.201493 1
14.7072 345.222 0.025 1
57.2977 704.099 0.225166 0
57.2977 704.099 0.0258065 0
57.2977 704.099 0.0175439 0
57.2977 704.099 0.130769 0
57.2977 704.099 0.0175439 0
21.2141 1166.27 0.0145985 1
57.3659 701.79 0.0723684 0
57.3659 701.79 0.0714286 0
111.815 2095.65 0.0257732 0
111.815 2095.65 0.0151515 0
5.88129 1094.67 0.107317 1
111.792 2099.71 0.00649351 0
8.51707 969.314 0.177515 1
111.825 2103.16 0.348416 0
111.825 2103.16 0.124444 0
111.825 2103.16 0.0497238 0
111.825 2103.16 0.0164835 0
111.825 2103.16 0.00649351 0
111.825 2103.16 0.0497238 0
111.825 2103.16 0.0827586 0
26.437 2848.61 0.125 1
58.9614 3065.2 0.0272727 1
64.0726 3182.22 0.00621118 1
118.059 2074.6 0.0164835 0
46.1508 3159.13 0.0740741 1
118.702 2059.85 0.0291971 0
59.7027 3127.86 0.369369 1
116.887 2069.82 0.319444 0
116.887 2069.82 0.00724638 0
116.887 2069.82 0.0149254 0
80.9478 3022.79 0.232 0
145.534 3224.53 0.00675676 0
116.887 2069.82 0.0149254 0
35.9389 952.967 0.0212766 1
28.7278 1155.45 0.0609756 1
33.8433 1164.35 0.26699 1
17.3359 1071.17 0.0274725 1
47.3639 994.236 0.0292683 1
8.88231 994.561 0.0419162 1
31.7305 1149.91 0.0377358 1
29.017 1053.46 0.0568182 1
12.6026 1113.34 0.00473934 1
13.4327 820.114 0.0231214 1
30.2482 1118.5 0.102564 1
19.9048 1099.01 0.0110497 1
6.1713 1057.02 0.0449438 1
51.1072 573.593 0.103093 1
8.97971 1065.65 0.00900901 1
35.3964 1151.91 0.00473934 1
15.8254 862.997 0.047619 1
40.9044 1147.05 0.00446429 1
21.785 1001.7 0.0797101 1
30.4497 1065.57 0.0131579 1
10.5577 1031.27 0.0425532 1
36.0551 1129.12 0.0112994 1
3.27168 1033.56 0.09375 1
34.68 1102.45 0.0164835 1
37.6416 457.031 0.017341 1
7.45108 86.1628 0.0769231 1
7.6657 85.5711 0.271845 1
5.9753 83.2153 0.00625 1
6.79697 83.5263 0.109589 1
11.7103 62.5446 0.16 1
96.9792 1073.53 0.032967 0
96.9792 1073.53 0.202128 0
48.4653 49.1127 0.0454545 0
96.9792 1073.53 0.202128 0
48.5139 1122.64 0.0108696 1
4.81637 1147.27 0.0130719 1
17.0525 1131.07 0.138614 1
57.4386 673.282 0.0176471 0
10.9929 1125.82 0.129187 1
1.66507 1136.94 0.00740741 1
10.5979 1113.86 0.0930233 1
57.4256 663.322 0.0275862 0
22.6971 358.464 0.0740741 0
57.4256 663.322 0.00671141 0
57.4256 663.322 0.020979 0
57.5279 266.598 0.272727 1
67.8701 219.96 0.0723684 0
67.8701 219.96 0.0714286 0
33.1416 801.827 0.281915 0
67.8701 219.96 0.00571429 0
67.8701 219.96 0.0177515 0
56.2374 866.93 0.0111111 0
33.1416 801.827 0.0740741 0
33.1416 801.827 0.281915 0
34.7285 1021.79 0.0338983 1
116.82 2100.18 0.190789 0
11.5163 1087.49 0.0107527 1
67.7125 217.143 0.0980392 0
116.779 2103.6 0.0827586 0
116.779 2103.6 0.140741 0
116.779 2103.6 0.190789 0
116.779 2103.6 0.140741 0
49.0661 2320.75 0.162162 1
34.9436 3047.61 0.175258 1
67.463 3162.67 0.0166667 1
65.8073 3230.1 0.114754 1
58.3028 3299.1 0.0555556 1
50.818 3271.7 0.114583 1
20.5515 2931.42 0.246154 1
128.358 2085.63 0.232 0
128.358 2085.63 0.184466 0
12.0272 1110.74 0.0253165 1
7.82235 1106.02 0.102041 1
128.373 2090.52 0.00675676 0
25.8149 1094 0.0440252 1
10.5459 1088.7 0.0639535 1
121.647 512.347 0.0305344 1
12.6195 1072.65 0.268868 1
0.799873 1055.66 0.0572687 1
42.4311 1057.14 0.183784 1
17.1501 1085.96 0.0521327 1
27.0201 1041.73 0.11215 1
83.9214 485.706 0.0266667 1
7.54818 1019.16 0.0120968 1
21.2605 1111.75 0.00581395 1
24.9637 1094.55 0.0509554 1
35.2654 1138.67 0.0462428 1
20.5322 1077.12 0.0681818 1
35.7385 1137.13 0.0151515 1
9.68071 978.054 0.0229008 1
32.8096 1142.6 0.249042 1
13.9379 691.15 0.0479452 1
9.42474 1110.92 0.0245098 1
12.333 1086.32 0.0285714 1
19.9846 1107.94 0.0785714 1
7.90661 1097.19 0.0909091 1
34.5508 1096.48 0.00537634 1
74.7634 443.892 0.0628931 1
30.2726 1095.13 0.076555 1
46.4303 686.358 0.0348837 1
86.5897 301.645 0.0359281 1
8.40852 83.9639 0.461039 1
5.99806 83.0825 0.374269 1
0.344635 79.7558 0.00581395 0
0.344635 79.7558 0.197452 0
1.81345 76.5643 0.225352 1
28.2128 56.4531 0.1 1
96.6555 1077.51 0.0454545 0
96.6555 1077.51 0.117647 0
29.4772 1139.65 0.2125 1
6.97307 1142.84 0.296774 1
12.5413 1159.35 0.0150376 1
40.0966 1072.08 0.0186916 1
0.845917 1135.93 0.0599078 1
11.3151 1134.77 0.0122699 1
128.303 2068.24 0.00671141 0
128.303 2068.24 0.00571429 0
24.0031 1133.4 0.0273973 1
14.8415 1099.29 0.0925926 1
128.384 2071.72 0.020979 0
128.384 2071.72 0.0177515 0
128.384 2071.72 0.0111111 0
128.384 2071.72 0.0275862 0
11.8058 1066.47 0.0658683 1
128.358 2073.78 0.0980392 0
128.358 2073.78 0.0275862 0
128.358 2073.78 0.00746269 0
128.358 2073.78 0.0298507 0
128.358 2073.78 0.00833333 0
50.882 3034.76 0.0229885 1
1.2184 3043.22 0.22093 1
28.9963 3105.88 0.0410959 1
51.712 3155.08 0.0483871 1
47.9041 3102.33 0.008 1
14.2145 2791.43 0.360825 1
141.367 2853.18 0.00649351 0
106.384 2824 0.015625 0
135.807 1854.92 0.184466 0
135.807 1854.92 0.00847458 0
106.384 2824 0.0515464 0
5.56048 998.262 0.0898876 1
29.4463 964.941 0.105263 1
135.786 1859.21 0.00847458 0
1.47106 1110.85 0.104972 1
22.2556 1045.71 0.0416667 1
40.434 803.914 0.005 1
20.8034 1103.17 0.25 1
18.9028 1028.14 0.056 1
25.0761 1084.63 0.128571 1
1.3068 1044.84 0.00543478 1
57.2955 907.05 0.00625 1
16.0691 1047.76 0.0357143 1
6.50032 1015.11 0.00763359 1
43.9285 883.1 0.0541872 1
34.2149 1130.84 0.00423729 1
2.7642 1092.83 0.0610687 1
35.6982 1114.45 0.03125 1
14.1099 1089.05 0.101382 1
29.9604 1111.45 0.290155 1
20.4872 910.368 0.0183486 1
31.838 1112.94 0.232558 1
34.2223 1114.33 0.157068 1
8.79579 981.47 0.0797101 1
22.7318 1079.16 0.0344828 1
39.607 1040.62 0.0933333 1
43.6508 1121.22 0.0274725 1
39.4884 1121.49 0.0176471 1
26.1321 1000.04 0.0310881 1
8.58646 836.768 0.154696 1
8.20389 89.3413 0.0892857 1
7.49162 88.8454 0.0078125 1
0.258118 84.9398 0.0827068 0
0.258118 84.9398 0.00581395 0
0.258118 84.9398 0.197452 0
0.258118 84.9398 0.0827068 0
0.258118 84.9398 0.0756303 0
0.258118 84.9398 0.00787402 0
6.28563 6.01076 0.20438 1
2.96613 71.9859 0.0756303 0
2.96613 71.9859 0.139344 0
97.3717 1044.85 0.117647 0
16.7165 69.3498 0.0537634 0
8.33175 1125.15 0.0708661 1
21.5756 1113.27 0.268293 1
1.65034 1101.87 0.295302 1
5.76768 1096.05 0.0304878 1
18.3449 1092.83 0.313514 1
28.2182 1113.79 0.222222 1
7.97482 1102.17 0.0909091 1
26.9049 1049.92 0.176991 1
1.51972 1084.21 0.00636943 1
136.212 1890.37 0.00746269 0
9.27721 1065.88 0.0410959 1
136.229 1892.14 0.0298507 0
136.229 1892.14 0.00833333 0
136.229 1892.14 0.097561 0
46.6016 996.465 0.0410959 0
23.9101 1066.37 0.37013 1
136.176 1893.23 0.097561 0
89.6272 2888.6 0.185841 1
134.696 1976.01 0.00884956 0
134.696 1976.01 0.115702 0
62.529 2847.91 0.0909091 1
15.07 2901 0.0277778 1
44.7404 3041.83 0.0151515 1
44.7207 3056.54 0.0884956 1
137.398 1879.66 0.0695652 0
137.398 1879.66 0.0674157 0
137.398 1879.66 0.00649351 0
137.398 1879.66 0.0695652 0
137.398 1879.66 0.00714286 0
142.352 51.5836 0.0258621 0
27.3103 911.626 0.0629921 1
14.2256 1090 0.019802 1
137.407 1882.42 0.015625 0
137.407 1882.42 0.0515464 0
137.407 1882.42 0.0674157 0
31.9916 1086.66 0.00769231 1
108.301 201.3 0.264286 1
2.11927 1009.85 0.166667 1
46.1744 972.53 0.0318471 1
25.1906 1072.37 0.039604 1
0.972481 1056.56 0.142857 1
25.1325 899.176 0.0116279 1
31.3472 1075.76 0.00621118 1
7.97715 1009.14 0.0729927 1
14.6572 1045.14 0.16763 1
42.2157 987.311 0.0206897 1
50.6088 898.393 0.0900901 1
24.3002 812.847 0.168 1
32.5626 1101.92 0.0275229 1
34.7428 1098.59 0.220408 1
14.4029 1052.43 0.0963855 1
34.8971 839.459 0.00694444 1
33.9474 1074.95 0.0567686 1
41.443 994.939 0.00909091 1
7.60085 1035.83 0.00657895 1
28.2477 967.364 0.0518868 1
21.1707 701.656 0.00591716 1
30.6055 1051.42 0.0307692 1
10.6386 858.631 0.0192308 1
7.54901 88.0678 0.188889 1
3.09622 71.4334 0.00787402 0
7.5977 87.5906 0.190789 1
5.37379 81.4013 0.0555556 1
17.1898 66.8608 0.0537634 0
13.7504 2.63611 0.280992 1
6.57454 35.6159 0.00854701 0
28.4998 10.7937 0.195652 1
11.5596 79.7193 0.139344 0
11.5596 79.7193 0.110294 0
2.31805 1104.61 0.333333 1
3.18633 1101.49 0.0186916 1
35.1712 1066.61 0.0769231 1
8.14314 1102.17 0.0810811 1
21.0979 1066.22 0.0393701 1
11.9203 1073.56 0.136364 1
24.775 1083.01 0.0295858 1
15.4329 1082.63 0.108434 1
30.7762 1085.04 0.0992366 1
18.0298 1063.86 0.0118343 1
137.784 1897.08 0.0410959 0
137.784 1897.08 0.0955882 0
137.784 1897.08 0.236111 0
25.3473 2360.31 0.168317 1
139.528 2870.69 0.270073 0
137.496 1877.46 0.00884956 0
137.496 1877.46 0.0955882 0
2.03221 993.233 0.109489 1
25.0825 1071.59 0.033557 1
137.574 1880.67 0.115702 0
137.574 1880.67 0.236111 0
137.574 1880.67 0.186992 0
137.574 1880.67 0.0148148 0
125.756 2897.84 0.163265 0
103.894 2922.98 0.0714286 0
69.5563 2580.45 0.0224719 1
125.146 2917.26 0.0333333 0
103.284 2942.4 0.0619469 0
40.1458 2716.7 0.156863 1
136.83 1896.39 0.00714286 0
5.98592 1927.35 0.357143 1
136.871 1883.49 0.0315789 0
125.198 2914.47 0.00689655 0
136.871 1883.49 0.0258621 0
136.871 1883.49 0.267606 0
125.198 2914.47 0.0413223 0
147.177 2880.09 0.0357143 0
136.871 1883.49 0.0315789 0
136.871 1883.49 0.267606 0
11.673 1030.98 0.128788 1
10.3289 994.82 0.186992 1
29.0788 1070.65 0.00900901 1
7.93719 1019.14 0.301802 1
27.1542 1040.44 0.173913 1
26.1486 963.264 0.00684932 1
18.2518 1018.19 0.0171674 1
54.4491 901.778 0.0163934 1
26.6897 1038 0.15493 1
9.07443 1033.38 0.0321101 1
32.2845 1066.91 0.00591716 1
14.469 1046.3 0.035503 1
26.2713 1022.5 0.00568182 1
41.1826 877.118 0.209302 1
19.2971 1031.91 0.00568182 1
7.17697 981.975 0.215517 1
20.8159 967.579 0.182266 1
14.871 588.701 0.12931 1
106.039 476.345 0.026087 0
106.039 476.345 0.107527 0
8.40964 855.573 0.135484 1
106.021 474.677 0.0740741 0
32.9381 947.103 0.0165289 1
33.6462 1058.45 0.129534 1
44.646 827.5 0.0280899 1
1.67392 840.844 0.0538922 1
34.3424 601.216 0.084507 1
27.0245 994.493 0.0357143 1
33.5816 1064.27 0.211982 1
7.75261 85.6569 0.186813 1
6.30319 85.4751 0.0676328 1
11.7965 80.9635 0.00854701 0
11.7965 80.9635 0.110294 0
16.3926 58.5111 0.0380952 0
87.1655 908.228 0.0987654 1
82.062 1086.39 0.05 1
45.805 1087.02 0.142857 1
14.9984 1109.57 0.0353982 1
3.09189 1116.15 0.0645161 1
7.68163 1101.73 0.12766 1
12.1163 1084.36 0.0289017 1
0.726639 1068 0.0654762 1
12.0798 1075.63 0.0904523 1
19.2927 1078.39 0.0337079 1
136.694 1868.85 0.00980392 0
109.128 2834.85 0.188679 1
134.919 2013.27 0.0136054 0
16.404 1089.55 0.0114286 1
134.954 2015.03 0.270073 0
134.954 2015.03 0.186992 0
134.954 2015.03 0.00980392 0
11.6758 1030.06 0.0617284 1
33.5169 1053.59 0.0129032 1
134.874 2016.53 0.0704225 0
65.0213 968.481 0.0471698 0
134.874 2016.53 0.0148148 0
5.79749 1064.87 0.0520833 1
65.0371 965.674 0.00847458 0
13.1639 1057.66 0.00534759 1
134.922 2021.47 0.163265 0
134.922 2021.47 0.0333333 0
134.922 2021.47 0.046875 0
65.0689 963.537 0.176923 0
15.293 995.852 0.0106952 1
134.888 2023.15 0.0714286 0
134.888 2023.15 0.0619469 0
134.888 2023.15 0.0991736 0
65.0352 961.857 0.252033 0
134.888 2023.15 0.046875 0
134.888 2023.15 0.0991736 0
134.888 2023.15 0.224806 0
134.888 2023.15 0.0280374 0
134.888 2023.15 0.0272727 0
144.365 3077.58 0.0380952 0
134.888 2023.15 0.00689655 0
134.888 2023.15 0.0413223 0
134.888 2023.15 0.0280374 0
9.47661 1054.43 0.311111 1
47.8351 925.18 0.311594 1
12.5434 1056.05 0.0280899 1
9.18528 1019.09 0.0440529 1
134.857 2028.12 0.0357143 0
90.5166 475.134 0.00775194 1
41.863 1020.65 0.11976 1
20.6805 1015.63 0.0977011 1
2.81284 1008.65 0.0469484 1
16.2133 1041.04 0.0544218 1
35.8594 874.478 0.0285714 1
34.0599 1070.54 0.0289855 1
15.7666 933.898 0.0934066 1
42.9556 897.759 0.00714286 1
0.180145 935.259 0.188571 1
31.3895 1068.92 0.0231481 1
11.5541 1023.79 0.164502 1
18.827 822.809 0.0181818 1
111.73 849.058 0.0204082 0
105.556 488.217 0.015625 0
111.73 849.058 0.027972 0
65.873 980.763 0.211429 0
105.556 488.217 0.026087 0
105.556 488.217 0.107527 0
105.556 488.217 0.0740741 0
105.556 488.217 0.015625 0
105.556 488.217 0.00769231 0
105.556 488.217 0.0197368 0
6.17461 360.841 0.171429 1
43.2191 295.212 0.386861 1
88.0884 362.414 0.00769231 0
88.0884 362.414 0.00689655 0
88.0884 362.414 0.129944 0
30.8033 1063.04 0.0649351 1
14.3175 1045.22 0.161677 1
17.8742 707.745 0.037037 1
88.1861 360.267 0.0197368 0
88.1861 360.267 0.080402 0
40.3466 1069.26 0.158228 1
34.6145 1072.21 0.0283019 1
32.627 1071.39 0.0517241 1
3.27197 1008.04 0.0394089 1
4.32061 800.656 0.194805 1
7.31912 83.9963 0.240506 1
7.3741 84.1734 0.0228571 1
3.45264 59.9908 0.0251572 0
98.9926 997.714 0.0380952 0
95.54 1057.71 0.228916 1
62.0067 1056.66 0.17284 1
27.0703 1081.82 0.04 1
33.8577 1076.37 0.0970874 1
10.6987 1088.72 0.081761 1
0.945259 1088.41 0.359281 1
0.90062 1079.79 0.0505618 1
3.99121 1067.42 0.0357143 1
25.0947 1061.39 0.358491 1
2.51072 1018.92 0.118012 1
31.0748 1009.92 0.0692308 1
0.36676 1045.69 0.0263158 1
135.011 2040.86 0.0457516 0
5.37362 1019.8 0.0372671 1
134.998 2043.19 0.00757576 0
27.5253 1059.88 0.341667 1
135.053 2043.79 0.0136054 0
135.053 2043.79 0.0704225 0
135.053 2043.79 0.0457516 0
135.053 2043.79 0.00757576 0
135.053 2043.79 0.091954 0
135.053 2043.79 0.0108696 0
135.053 2043.79 0.00746269 0
135.053 2043.79 0.24026 0
135.053 2043.79 0.091954 0
20.3415 1063.21 0.0946746 1
29.4294 1046.45 0.0251572 1
135.13 2045.11 0.0108696 0
65.2766 939.896 0.0810811 0
8.4555 1019.62 0.112195 1
24.0655 1040.69 0.00904977 1
65.3186 937.132 0.0471698 0
65.3186 937.132 0.00847458 0
65.3186 937.132 0.176923 0
65.3186 937.132 0.252033 0
65.3186 937.132 0.0810811 0
65.3186 937.132 0.00763359 0
30.1761 1062.48 0.0239234 1
19.327 1047.45 0.0539216 1
135.281 2049.45 0.224806 0
135.281 2049.45 0.0272727 0
135.281 2049.45 0.0380952 0
31.9324 1045.15 0.0295858 1
16.5041 1037.9 0.00719424 1
41.7135 959.926 0.46875 1
5.77002 931.669 0.0394089 1
14.9079 975.646 0.048913 1
30.5233 1039.71 0.0758621 1
2.5615 1000.34 0.149254 1
24.3885 1033.65 0.15942 1
15.2302 890.22 0.0621469 1
22.0265 1024.43 0.15 1
33.1482 1051.16 0.0159574 1
14.9316 828.177 0.010989 1
113.503 655.715 0.0740741 1
24.5583 989.873 0.101266 1
22.8375 1015.19 0.182741 1
89.4522 773.085 0.00854701 0
89.4522 773.085 0.0392157 0
134.316 954.997 0.0117647 0
88.7577 337.694 0.0204082 0
88.7577 337.694 0.027972 0
88.7577 337.694 0.00689655 0
45.5582 617.303 0.428571 1
65.3905 747.875 0.28125 1
40.2947 1344.82 0.149533 1
104.438 1458.02 0.0140845 0
108.373 479.836 0.211429 0
108.373 479.836 0.129944 0
108.373 479.836 0.080402 0
108.373 479.836 0.00574713 0
104.438 1458.02 0.0114943 0
3.93426 978.186 0.0860927 1
12.1284 976.659 0.0828025 1
28.4653 1023.65 0.0125 1
108.391 483.251 0.00574713 0
47.6517 822.621 0.026087 1
2.81474 967.6 0.0508475 1
3.74276 696.226 0.0569106 1
34.5632 830.122 0.380117 1
15.8054 777.938 0.163743 1
7.33971 83.2296 0.0390625 1
99.3669 973.985 0.0114943 0
7.04694 82.1047 0.0434783 1
0.540894 64.9337 0.0172414 1
99.5334 975.245 0.0251572 0
99.5334 975.245 0.0114943 0
99.5334 975.245 0.147727 0
72.0068 1013.41 0.0444444 1
18.9152 1040.93 0.140845 1
6.03336 1053.5 0.254545 1
3.93762 1054.35 0.138554 1
11.3902 980.95 0.0463918 1
9.54269 1020.82 0.0129032 1
16.1397 976.427 0.0904255 1
15.3905 1009.71 0.0705128 1
24.2583 988.198 0.0119048 1
23.3984 1017.01 0.0592105 1
135.431 2072.19 0.00746269 0
135.431 2072.19 0.24026 0
52.0908 782.706 0.101852 1
0.991524 1032.7 0.0320513 1
17.4253 957.579 0.0238095 1
8.39499 894.382 0.0428571 1
65.5089 910.534 0.00763359 0
32.5474 896.154 0.0692308 1
1.50337 976.814 0.161458 1
32.0851 1031.14 0.134884 1
2.20332 992.383 0.015873 1
34.2266 917.551 0.01 1
36.4695 765.704 0.159091 1
3.58009 1001.56 0.0227273 1
22.265 1006.14 0.0662983 1
36.9801 815.486 0.00613497 1
30.0375 994.768 0.0218579 1
5.65228 910.644 0.183857 1
22.5237 872.497 0.00675676 1
43.5603 899.975 0.0503145 1
18.5238 987.988 0.0707071 1
8.66155 987.901 0.0216216 1
13.8069 979.113 0.0274725 1
3.39087 870.397 0.1 1
179.666 999.212 0.00966184 0
89.2824 745.222 0.00854701 0
89.2824 745.222 0.0392157 0
18.9205 1252.92 0.1 1
62.3152 1369.17 0.0813954 1
59.5824 1827.75 0.03125 1
120.81 1981.89 0.0365854 0
134.6 1012.17 0.0117647 0
88.2607 1937.59 0.026087 1
111.126 2530.26 0.00862069 0
124.915 1560.54 0.0775194 0
111.126 2530.26 0.00900901 0
124.915 1560.54 0.0140845 0
124.915 1560.54 0.0114943 0
124.915 1560.54 0.0775194 0
124.915 1560.54 0.0206897 0
32.1131 1008.57 0.035503 1
13.8434 969.757 0.0479452 1
12.7503 970.903 0.0337079 1
34.0672 1023.45 0.00995025 1
32.945 1028.86 0.0938776 1
27.0883 995.69 0.0974359 1
25.5062 971.128 0.10559 1
105.835 67.2781 0.00833333 1
6.39232 81.1333 0.2 1
5.90669 80.5083 0.223464 1
5.3909 78.4789 0.159341 1
99.9757 961.922 0.147727 0
99.9757 961.922 0.0666667 0
16.9261 54.3678 0.0588235 0
99.9757 961.922 0.0666667 0
83.0496 1016.29 0.16092 1
45.4927 996.056 0.155556 1
22.4955 1019.37 0.06875 1
5.92882 1032.44 0.0163934 1
3.73054 1025.08 0.0153846 1
19.9114 967.525 0.0125 1
45.6215 868.11 0.0150376 1
43.5113 901.14 0.108696 1
4.43941 1010.83 0.0247525 1
8.37129 1006.65 0.0514286 1
20.7697 1000.8 0.00588235 1
6.14146 992.705 0.0858896 1
8.06884 974.259 0.294118 1
23.0465 1010.17 0.0473934 1
11.7742 981.782 0.0421053 1
29.6819 1018.71 0.0174672 1
18.2779 932.662 0.00694444 1
24.5009 1005.25 0.00512821 1
7.96766 987.171 0.137143 1
21.3504 1000.17 0.0178571 1
29.8304 1008.41 0.0748663 1
4.68047 953.311 0.0714286 1
54.7985 637.972 0.108974 1
33.5341 1019.65 0.242604 1
21.4165 968.635 0.117318 1
72.6777 700.788 0.0865385 1
33.8419 1019.15 0.0229008 1
27.8404 924.435 0.0357143 1
21.6091 901.95 0.124352 1
20.5266 969.006 0.102439 1
66.4021 297.446 0.00657895 1
169.763 208.839 0.0175439 0
169.763 208.839 0.0142857 0
47.901 693.684 0.174242 1
54.751 2559.75 0.10929 1
38.5373 2478.38 0.0510949 1
7.18033 2202.14 0.264957 1
142.723 1270.58 0.00966184 0
27.0266 1479.89 0.0699301 1
143.721 1241.91 0.0206897 0
143.721 1241.91 0.204724 0
161.773 2233.41 0.0526316 0
148.114 2255.63 0.00649351 0
16.9869 975.14 0.0742857 1
18.0753 990.589 0.198864 1
4.39079 1011.87 0.191011 1
59.4028 867.014 0.0258621 1
51.3746 615.815 0.00775194 1
27.5401 973.76 0.0231481 1
143.726 1242.99 0.0365854 0
143.726 1242.99 0.00862069 0
143.726 1242.99 0.00900901 0
143.726 1242.99 0.204724 0
143.726 1242.99 0.00884956 0
32.0391 994.101 0.0737705 1
30.2179 1005.4 0.0617284 1
5.11569 965.689 0.00413223 1
31.5336 987.54 0.018315 1
52.1229 793.637 0.476563 1
6.51703 78.8211 0.143939 1
5.22586 78.4848 0.0496894 1
4.42923 67.0823 0.125 1
100.107 958.222 0.0588235 0
100.107 958.222 0.218391 0
56.1375 981.57 0.0595238 1
27.287 997.208 0.0909091 1
7.68384 1021.79 0.325301 1
33.7394 1009.9 0.19469 1
30.5953 990.269 0.0346821 1
16.5619 989.077 0.111111 1
15.8749 993.767 0.00724638 1
10.9274 964.933 0.034188 1
20.3709 988.392 0.0852713 1
46.9289 937.971 0.0224719 1
33.7636 978.886 0.0060241 1
26.0315 990.544 0.0224719 1
7.40096 854.347 0.0248756 1
28.2393 1021.85 0.343891 1
7.86483 971.72 0.103093 1
29.2714 743.915 0.256579 1
7.18941 996.856 0.0673077 1
29.9145 1004.54 0.0170455 1
47.6424 824.127 0.00641026 1
12.5067 893.866 0.00925926 1
17.4587 846.246 0.01875 1
8.24525 947.499 0.0425532 1
28.9455 993.793 0.117347 1
3.70514 850.264 0.0121212 1
32.9499 990.934 0.0465116 1
9.24563 905.478 0.00636943 1
16.8673 921.718 0.0243902 1
23.2625 918.586 0.00884956 1
10.4553 812.349 0.191919 1
180.424 1018.09 0.00543478 0
143.935 1258.72 0.0263158 0
143.935 1258.72 0.0175439 0
143.935 1258.72 0.0142857 0
143.935 1258.72 0.0263158 0
36.4891 2276.81 0.0272727 1
30.7476 2081.16 0.0714286 1
9.62338 1509.79 0.153846 1
111.035 1681.74 0.0492958 1
149.855 1302.67 0.00884956 0
149.855 1302.67 0.0152672 0
26.0875 968.727 0.0652174 0
3.89697 967.406 0.141104 1
46.5345 824.284 0.0638298 1
23.8577 965.548 0.00704225 1
149.859 1304 0.0526316 0
149.859 1304 0.00649351 0
28.6148 706.933 0.00581395 1
14.3295 964.926 0.00617284 1
40.3965 930.55 0.0851064 1
25.4865 958.644 0.0203046 1
13.7177 721.456 0.00510204 1
5.9231 77.128 0.0761905 1
4.08092 76.9976 0.0915033 1
100.256 939.05 0.218391 0
23.5231 37.8455 0.0444444 0
76.7333 976.895 0.149425 1
30.7804 985.967 0.0206186 1
9.74055 1007.64 0.10274 1
17.543 1005.59 0.0633803 1
0.678085 991.227 0.0643564 1
4.04577 978.24 0.102941 1
47.2349 954.056 0.0268456 1
1.08562 985.426 0.184211 1
18.0551 962.015 0.00581395 1
12.1684 933.757 0.0206186 1
14.8777 977.039 0.105263 1
10.3407 887.141 0.205263 1
19.9087 989.117 0.0134228 1
31.6852 1002.73 0.203209 1
24.7133 952.494 0.035 1
28.3354 946.458 0.243902 1
26.1102 977.4 0.0666667 1
50.5314 721.999 0.0731707 1
35.3787 896.76 0.0175439 1
13.7467 936.975 0.00689655 1
3.7869 966.803 0.218341 1
33.1762 994.758 0.00469484 1
39.021 871.291 0.0198676 1
36.9348 839.174 0.02 1
11.887 957.871 0.0342857 1
40.0198 862.943 0.00636943 1
3.64156 918.486 0.0344828 1
81.1616 636.836 0.0185185 1
93.3314 759.906 0.0103093 1
149.562 1308.33 0.00561798 0
137.814 834.857 0.0176991 0
26.9247 2313.94 0.0363636 1
30.185 2290.43 0.176471 1
153.036 1133.89 0.00543478 0
153.036 1133.89 0.00561798 0
17.6164 1987.45 0.0467836 1
127.84 2039.64 0.0490196 1
57.1606 2610.62 0.202381 1
145.768 1759.26 0.0152672 0
145.768 1759.26 0.0337079 0
145.768 1759.26 0.0183486 0
161.567 2645.15 0.0365854 0
145.768 1759.26 0.0652174 0
145.768 1759.26 0.0378378 0
145.768 1759.26 0.0258621 0
161.567 2645.15 0.128655 0
177.739 2749.74 0.0220994 0
116.778 2525.51 0.00645161 0
145.768 1759.26 0.0337079 0
145.768 1759.26 0.0378378 0
15.7996 885.89 0.168367 1
31.9511 989.657 0.00970874 1
29.0793 765.482 0.416667 1
34.844 996.102 0.00552486 1
0.836327 915.845 0.00454545 1
145.866 1761.46 0.0183486 0
145.866 1761.46 0.0258621 0
33.8537 998.46 0.0342466 1
13.4587 818.526 0.105263 0
92.3875 425.813 0.056338 1
13.4319 820.877 0.296512 0
32.2591 974.249 0.0282258 1
13.5213 821.053 0.202703 0
24.9973 812.821 0.113636 1
12.295 909.394 0.0131579 1
4.4207 76.2065 0.0963855 1
5.57408 75.4416 0.370787 1
4.51546 72.7864 0.0204082 1
99.207 1006.08 0.0326087 0
1.19617 68.4169 0.154472 1
11.5113 58.0459 0.292929 1
100.328 937.606 0.0444444 0
100.328 937.606 0.0326087 0
100.328 937.606 0.0168067 0
100.328 937.606 0.136842 0
51.8312 968.273 0.0833333 1
7.14141 1004.4 0.0121212 1
5.73357 992.775 0.188776 1
11.3287 996.968 0.149321 1
22.1233 975.128 0.208054 1
28.4585 963.807 0.308642 1
29.1586 914.718 0.0310559 1
26.6545 965.54 0.0326087 1
10.6119 930.859 0.0374332 1
15.1458 944.738 0.0384615 1
6.06216 965.694 0.0495868 1
29.5685 988.025 0.310127 1
5.65512 929.898 0.0235294 1
31.3388 995.929 0.0411765 1
56.0817 728.108 0.16092 1
6.791 969.868 0.0243902 1
10.8625 950.869 0.00515464 1
64.6309 836.134 0.153061 1
17.6328 967.149 0.025 1
30.427 988.469 0.0171429 1
22.6505 973.642 0.0984456 1
0.4468 947.526 0.0207254 1
28.3027 959.454 0.0229885 1
10.3394 967.557 0.0204082 1
27.574 956.284 0.0136986 1
71.6358 792.285 0.104 1
30.2997 856.863 0.0718232 1
138.076 823.646 0.0163934 0
177.57 982.196 0.0116279 0
138.076 823.646 0.0176991 0
138.076 823.646 0.0163934 0
138.076 823.646 0.06 0
138.076 823.646 0.0217391 0
39.4941 158.55 0.271186 1
13.6423 362.5 0.0943396 1
28.6165 64.2264 0.222222 1
175.869 849.697 0.06 0
175.869 849.697 0.106667 0
175.869 849.697 0.0163934 0
29.8395 2620.17 0.0601504 1
80.6316 2412.42 0.00625 1
103.906 2471.86 0.204724 1
144.333 1896.44 0.0365854 0
144.333 1896.44 0.128655 0
19.7242 485.131 0.113514 1
35.9186 990.69 0.0318471 1
9.4576 960.94 0.0762332 1
30.9075 965.21 0.117318 1
144.396 1897.84 0.0220994 0
144.396 1897.84 0.0180723 0
26.1733 910.586 0.14359 1
48.11 887.71 0.0131579 1
144.4 1897.14 0.00645161 0
20.94 971.174 0.00515464 1
28.2842 983.118 0.0536913 1
13.7039 807.631 0.0769231 0
11.2226 585.295 0.0526316 1
13.6905 807.085 0.105263 0
13.6905 807.085 0.296512 0
13.6905 807.085 0.202703 0
13.6905 807.085 0.0769231 0
13.6905 807.085 0.0555556 0
13.6905 807.085 0.0847458 0
13.6905 807.085 0.04 0
13.6905 807.085 0.028777 0
13.6905 807.085 0.0555556 0
18.9708 682.359 0.0485437 1
13.6711 806.754 0.0847458 0
41.7747 639.871 0.0228571 1
5.3282 73.9568 0.287037 1
4.14189 73.5082 0.0784314 1
4.36769 72.5458 0.00520833 1
100.604 929.433 0.0168067 0
3.58037 70.0093 0.0130719 1
100.673 930.544 0.136842 0
28.5876 45.7371 0.193878 0
72.0855 976.281 0.212121 1
15.5964 988.878 0.00813008 1
19.6604 970.598 0.0153061 1
10.8992 970.831 0.0430108 1
4.83208 963.753 0.00956938 1
12.0661 977.65 0.0258621 1
24.9621 985.876 0.00617284 1
31.8997 987.104 0.068323 1
39.0745 855.712 0.0206897 1
26.9132 972.212 0.00552486 1
42.6142 889.775 0.257862 1
13.2702 934.054 0.035533 1
13.9005 948.63 0.00502513 1
1.19113 919.864 0.011976 1
25.7995 967.576 0.0159574 1
26.3567 967.823 0.108434 1
21.6982 935.66 0.186441 1
4.26974 945.358 0.0143885 1
31.1604 980.107 0.412935 1
21.9022 838.404 0.0617284 1
6.79268 956.65 0.00490196 1
21.6155 770.647 0.0119048 1
22.1276 886.136 0.0186916 1
17.3071 671.404 0.0319149 1
3.90974 879.431 0.237113 1
27.7044 925.408 0.00724638 1
144.426 1908.89 0.0217391 0
144.426 1908.89 0.0184049 0
144.426 1908.89 0.0047619 0
21.8932 895.821 0.0508475 1
144.476 1909.85 0.0116279 0
144.476 1909.85 0.106667 0
144.476 1909.85 0.0184049 0
29.5939 2850.35 0.0217391 1
145.375 1849.04 0.0163934 0
145.375 1849.04 0.0047619 0
145.375 1849.04 0.00490196 0
34.2087 2789.5 0.0496454 1
37.6432 2528.75 0.0454545 1
146.994 1706.64 0.0184049 0
146.584 2621.67 0.149606 0
163.699 2592 0.0264901 0
118.628 2610.08 0.00621118 0
146.994 1706.64 0.0180723 0
146.994 1706.64 0.100629 0
146.994 1706.64 0.00763359 0
163.699 2592 0.163265 0
118.628 2610.08 0.044586 0
146.994 1706.64 0.0184049 0
146.994 1706.64 0.100629 0
0.409813 915.036 0.0131579 1
16.7054 884.722 0.278409 1
28.3831 902.166 0.0698925 1
26.731 940.188 0.00497512 1
54.3526 709.318 0.0275862 1
146.979 1706.66 0.00763359 0
23.6984 889.001 0.0572917 1
6.40694 829.514 0.0456432 1
15.0239 957.228 0.00431034 1
13.7017 793.44 0.04 0
33.0254 963.919 0.0372671 1
13.7623 793.668 0.028777 0
83.0285 364.339 0.103774 1
23.3634 920.67 0.125 1
104.238 263.961 0.0875912 1
31.0842 973.227 0.0725389 1
17.5114 740.163 0.0454545 1
3.46518 70.4226 0.212766 1
2.91156 69.4827 0.319249 1
1.9971 60.6302 0.180233 1
11.5085 18.0534 0.0438596 1
100.953 928.004 0.193878 0
100.953 928.004 0.0722892 0
65.5239 895.002 0.102041 1
38.1471 945.688 0.132813 1
46.4284 839.492 0.00877193 1
0.978226 970.613 0.19898 1
27.7553 978.173 0.0451128 1
24.4955 861.522 0.147929 1
0.280304 964.872 0.0150754 1
14.4376 970.494 0.0242424 1
22.6759 816.86 0.0393701 1
7.86828 951.907 0.0820513 1
20.1363 946.774 0.00531915 1
2.16584 950.743 0.0108108 1
33.5506 815.899 0.112426 1
49.8083 762.564 0.00892857 1
15.0361 917.722 0.118644 1
32.0428 978.29 0.0271739 1
27.5566 920.183 0.0134228 1
4.55848 953.281 0.117978 1
6.90632 962.622 0.171806 1
11.1594 957.651 0.00531915 1
29.7588 964.31 0.008 1
34.4271 824.692 0.0138889 0
10.4393 955.866 0.141509 1
34.4413 823.546 0.00649351 0
156.893 350.928 0.0143885 0
66.6117 678.028 0.05 1
1.61649 846.123 0.0246305 1
35.3454 359.685 0.0116959 1
146.945 1706.99 0.00490196 0
175.547 763.438 0.00671141 0
28.6024 2470.43 0.162791 1
147.708 1662.35 0.0707965 0
21.0641 2468.32 0.141176 1
147.482 1640.6 0.00847458 0
99.1272 2342.52 0.0325203 0
147.482 1640.6 0.149606 0
147.482 1640.6 0.00847458 0
25.0147 928.009 0.0559441 1
30.9165 965.473 0.296 1
48.4235 701.496 0.14876 1
147.515 1639.81 0.0264901 0
147.515 1639.81 0.163265 0
72.4572 412.635 0.0230769 1
5.56588 846.19 0.0245098 1
147.465 1638.31 0.00621118 0
147.465 1638.31 0.044586 0
12.068 878.548 0.235294 1
121.5 146.633 0.00735294 1
26.5814 944.183 0.0335196 1
17.6429 824.783 0.0296296 1
18.0929 795.543 0.116279 1
38.5375 879.64 0.0229885 1
0.169167 642.467 0.0235294 1
20.7122 787.552 0.00591716 1
3.41333 68.3299 0.018018 1
2.76299 67.5697 0.13089 1
100.785 925.115 0.0137931 0
2.94807 66.3169 0.293785 1
23.7362 5.6932 0.0526316 0
62.2504 6.64642 0.00628931 0
100.815 925.693 0.0722892 0
100.815 925.693 0.137931 0
100.815 925.693 0.0107527 0
23.7362 5.6932 0.133333 0
100.815 925.693 0.0137931 0
100.815 925.693 0.137931 0
77.0783 931.386 0.133333 1
38.5177 922.06 0.0172414 1
1.2646 950.558 0.00757576 1
100.734 927.983 0.0107527 0
17.1841 950.737 0.0172414 1
50.5099 831.229 0.22973 1
22.4597 971.156 0.0172414 1
12.0738 980.323 0.106599 1
17.7119 817.904 0.158228 1
29.9185 978.19 0.010929 1
24.3205 980.686 0.00961538 1
24.2745 967.649 0.0344828 1
22.9066 937.816 0.0497512 1
56.2799 875.003 0.0518519 1
21.4607 964.104 0.0047619 1
3.75048 956.898 0.0697674 1
30.5724 771.392 0.162162 1
34.6465 983.984 0.0452261 1
15.9274 950.238 0.0210526 1
32.8826 810.498 0.0196078 1
11.7195 941.861 0.0562771 1
26.1704 963.835 0.0434783 1
34.4393 824.404 0.0461538 0
149.704 423.638 0.0172414 0
10.6455 913.904 0.0379747 1
34.4301 823.708 0.0138889 0
34.4301 823.708 0.00649351 0
34.4301 823.708 0.0461538 0
34.4301 823.708 0.0434783 0
34.4301 823.708 0.025 0
34.4301 823.708 0.00769231 0
115.265 400.766 0.141026 1
11.0049 3252.73 0.179245 1
77.9979 795.663 0.45 0
77.9979 795.663 0.0434783 0
77.9979 795.663 0.0155039 0
77.9979 795.663 0.025 0
77.9979 795.663 0.00574713 0
156.882 351.09 0.0143885 0
78.884 1146.75 0.0549451 1
92.3221 2511.07 0.0514706 0
79.1113 2710.7 0.186667 1
147.513 1640.85 0.0188679 0
131.6 2167.69 0.047619 0
147.513 1640.85 0.0147059 0
131.6 2167.69 0.00684932 0
147.513 1640.85 0.00671141 0
147.513 1640.85 0.0188679 0
147.513 1640.85 0.0147059 0
147.513 1640.85 0.0105263 0
15.9135 526.833 0.153846 1
152.641 2625.4 0.00877193 0
108.648 2334.64 0.112676 0
145.828 1720.62 0.0707965 0
145.828 1720.62 0.0105263 0
145.828 1720.62 0.0166667 0
145.828 1720.62 0.0102041 0
51.7771 1812.96 0.0333333 0
152.841 2648.51 0.0618557 0
114.721 2503.07 0.0175439 0
145.828 1720.62 0.0166667 0
94.0508 92.3454 0.0454545 1
7.0409 930.515 0.428571 1
31.0837 784.459 0.097561 1
20.1508 930.08 0.0542169 1
7.59454 923.752 0.08 1
32.3481 951.175 0.00595238 1
145.833 1719.92 0.0325203 0
145.833 1719.92 0.0102041 0
20.2348 918.539 0.0709677 1
87.1198 422.484 0.0970149 1
25.9129 934.33 0.191176 1
75.5233 564.256 0.0778443 1
4.55722 887.742 0.0195122 1
35.6608 984.029 0.00956938 1
107.357 90.7119 0.0645161 1
17.6854 974.548 0.028169 1
13.9813 903.879 0.0454545 1
26.3497 888.258 0.038835 1
1.86115 66.4754 0.135135 1
1.90575 65.3993 0.281879 1
1.9921 64.6415 0.124224 1
101.041 933.704 0.0409836 0
0.417206 56.4908 0.0543478 1
101.045 934.277 0.0526316 0
101.045 934.277 0.133333 0
101.045 934.277 0.0409836 0
51.6716 915.943 0.0909091 1
24.1529 960.096 0.0238095 1
100.975 935.067 0.00628931 0
18.6451 935.631 0.0264901 1
5.42549 915.416 0.00581395 1
21.9017 931.81 0.027027 1
1.66499 963.187 0.151316 1
2.72955 915.53 0.00497512 1
32.4478 990.054 0.0207254 1
13.3387 952.686 0.0261438 1
1.39273 953.045 0.00980392 1
24.9971 870.346 0.015 1
5.7946 940.607 0.0903955 1
8.67521 948.289 0.00900901 1
29.3523 943.947 0.0373832 1
23.9121 861.03 0.0352113 1
30.4587 976.032 0.113402 1
23.1975 858.769 0.0377358 1
14.745 928.753 0.018018 1
145.788 1719.98 0.00769231 0
145.788 1719.98 0.0172414 0
53.8427 880.066 0.015873 1
28.2341 958.19 0.0167598 1
145.793 1719.12 0.0172414 0
145.793 1719.12 0.0172414 0
145.793 1719.12 0.00943396 0
145.793 1719.12 0.0405405 0
145.793 1719.12 0.0314961 0
145.793 1719.12 0.0155039 0
145.793 1719.12 0.00574713 0
145.793 1719.12 0.164179 0
137.571 2492.91 0.00606061 0
145.793 1719.12 0.0392157 0
145.793 1719.12 0.0129032 0
164.125 2629.1 0.0526316 0
145.793 1719.12 0.45 0
145.793 1719.12 0.00943396 0
145.793 1719.12 0.164179 0
18.3315 909.989 0.0240964 1
137.571 2492.91 0.0514706 0
137.571 2492.91 0.00606061 0
137.571 2492.91 0.0402685 0
15.0702 132.488 0.0486486 1
0.895561 780.909 0.314721 1
61.2757 827.841 0.0451128 1
36.8719 796.61 0.163158 1
145.758 1720.44 0.047619 0
145.758 1720.44 0.00684932 0
145.758 1720.44 0.0402685 0
145.758 1720.44 0.00735294 0
145.758 1720.44 0.108527 0
145.758 1720.44 0.00877193 0
37.1094 614.196 0.0769231 1
23.8606 925.448 0.275449 1
2.04996 950.731 0.0509554 1
18.1606 938.896 0.00549451 1
145.789 1722.08 0.112676 0
145.789 1722.08 0.0333333 0
59.028 465.96 0.047619 1
15.1979 892.918 0.0225564 1
145.731 1720.86 0.0618557 0
32.4194 957.421 0.0198676 1
145.773 1720.74 0.0175439 0
0.158066 934.318 0.0452261 1
20.2682 921.396 0.00598802 1
24.3286 676.541 0.00471698 1
140.401 317.371 0.00617284 1
42.4495 510.284 0.0060241 1
4.06579 814.206 0.0379747 1
32.5003 987.695 0.0641711 1
49.323 628.771 0.0198676 1
2.10526 813.202 0.0189873 1
1.06837 845.968 0.0268456 1
31.006 979.998 0.213873 1
32.4767 994.232 0.028169 1
20.2409 562.828 0.122951 1
0.700119 63.4139 0.296512 1
0.464722 62.094 0.0458015 1
0.0721588 61.6095 0.191919 1
0.152405 48.5597 0.0842105 1
101.099 938.501 0.00621118 0
29.9321 7.72998 0.0787879 1
100.923 933.295 0.00621118 0
100.923 933.295 0.282258 0
34.5457 954.396 0.119048 1
100.895 933.485 0.00662252 0
7.45837 970.839 0.29703 1
115.085 224.852 0.027027 1
67.8276 733.25 0.0294118 1
11.9771 882.226 0.0420168 1
22.5466 964.946 0.0980392 1
31.5345 996.257 0.00574713 1
28.718 967.406 0.0324324 1
10.4306 937.05 0.0141844 1
13.6109 967.628 0.0212766 1
75.248 255.669 0.0327869 1
23.6458 970.349 0.0287356 1
29.9271 896.368 0.013245 1
28.7044 973.016 0.0333333 1
7.22408 885.09 0.0362319 1
25.9433 964.559 0.19 1
8.20312 964.371 0.0619048 1
14.7587 921.141 0.00671141 1
4.87318 949.82 0.00431034 1
145.919 1711.21 0.0405405 0
145.919 1711.21 0.0392157 0
19.952 950.98 0.146341 1
16.6605 903.761 0.0592593 1
145.919 1712.31 0.0314961 0
145.919 1712.31 0.0129032 0
7.21758 916.492 0.128079 1
26.5775 924.364 0.0121951 1
145.89 1713.55 0.0526316 0
145.89 1713.55 0.00735294 0
15.2117 924.352 0.0670103 1
145.908 1714.37 0.108527 0
29.5356 947.839 0.0654762 1
8.39223 876.319 0.19774 1
32.8391 982.547 0.129534 1
10.8948 956.59 0.115385 1
15.0637 898.185 0.00632911 1
51.26 711.054 0.0145985 1
11.1637 862.376 0.0789474 1
25.7435 931.299 0.0238095 1
37.668 755.759 0.0145985 1
53.2305 310.541 0.0416667 1
2.15195 597.927 0.0604027 1
32.4073 978.668 0.0163043 1
21.4539 978.721 0.00653595 1
34.8345 977.418 0.181818 1
74.0918 490.993 0.0188679 1
30.4479 978.393 0.0297619 1
25.0006 943.741 0.0662983 1
12.0293 856.767 0.00694444 1
4.46815 870.522 0.0192308 1
0.250076 65.8215 0.24878 1
0.280365 61.1777 0.041958 1
4.35054 35.5308 0.0902778 1
12.2163 2.84965 0.0301205 1
100.963 930.422 0.282258 0
100.963 930.422 0.00662252 0
100.963 930.422 0.0153846 0
70.6626 17.7562 0.0308642 0
100.963 930.422 0.0153846 0
100.963 930.422 0.0305344 0
25.7195 833.158 0.130435 1
16.0506 954.329 0.139896 1
3.27124 944.732 0.0210084 1
17.4282 931.662 0.0942408 1
28.8735 881.985 0.26 1
26.3071 957.805 0.0462963 1
1.61705 837.598 0.124464 1
46.7597 723.264 0.0461538 1
39.7683 811.98 0.0588235 1
7.42571 939.404 0.0186335 1
34.2536 985.72 0.0060241 1
1.15747 915.6 0.0233918 1
22.3384 857.974 0.00714286 1
14.1916 963.508 0.27451 1
37.6577 858.64 0.00613497 1
13.5091 925.509 0.0287356 1
27.5698 961.538 0.0625 1
89.7493 89.2703 0.189474 1
49.031 581.854 0.0416667 1
24.7063 950.646 0.276 1
1.16293 951.444 0.0688259 1
29.8063 896.784 0.152318 1
9.59003 931.293 0.0391061 1
2.58892 910 0.0124481 1
12.5819 926.54 0.107143 1
68.5831 861.436 0.0550459 1
27.8776 948.403 0.0772727 1
3.44582 936.424 0.080402 1
25.729 904.163 0.0164835 1
43.9469 723.253 0.0178571 1
7.70036 932.289 0.029703 1
20.381 950.649 0.212766 1
24.5761 498.466 0.0207254 1
8.32284 855.419 0.0158103 1
10.8305 847.543 0.0737327 1
34.6233 508.055 0.0454545 1
26.8134 938.639 0.00980392 1
20.3909 892.968 0.00625 1
32.3329 969.765 0.0297872 1
15.0592 927.839 0.00775194 1
52.0398 743.805 0.0227273 1
44.1376 753.514 0.0070922 1
31.6458 951.181 0.0847458 1
1.4501 65.2353 0.389908 1
1.71565 64.2328 0.0282486 1
70.6362 18.813 0.0601504 0
39.9956 18.9848 0.138889 0
99.4131 85.3558 0.00617284 0
39.9956 18.9848 0.0152672 0
70.6362 18.813 0.0308642 0
70.6362 18.813 0.0601504 0
70.6362 18.813 0.0245399 0
30.6406 0.17173 0.296296 1
36.5955 111.938 0.413333 1
51.9903 347.254 0.0981595 1
101.006 921.185 0.0305344 0
72.5569 815.27 0.0245399 0
72.5569 815.27 0.0196078 0
72.5569 815.27 0.0260417 0
72.5569 815.27 0.0384615 0
28.4493 105.915 0.0980392 1
2.586 867.515 0.40884 1
36.7108 827.578 0.00657895 1
82.7777 550.689 0.0248447 1
26.5086 927.087 0.135747 1
42.7863 926.671 0.0581395 1
1.07261 925.424 0.168367 1
20.6542 938.493 0.0108108 1
31.2567 965.579 0.0169492 1
7.3789 922.879 0.125 1
22.696 903.252 0.331169 1
31.489 976.445 0.0701754 1
23.1668 964.577 0.0254777 1
33.5807 972.963 0.12069 1
28.3674 945.965 0.0695187 1
24.2675 902.149 0.00526316 1
2.87581 940.252 0.17033 1
28.4984 964.274 0.00578035 1
2.52837 910.502 0.0102041 1
30.0813 951.602 0.0773481 1
67.8433 842.822 0.00793651 1
34.7923 961.436 0.039801 1
10.138 914.16 0.00653595 1
35.9704 752.75 0.109677 1
30.6727 962.352 0.0452489 1
27.2882 841.821 0.0765027 1
72.3978 518.491 0.00689655 1
8.13704 949.752 0.040724 1
25.5489 926.044 0.0376569 1
4.9289 902.603 0.0209424 1
52.8547 704.254 0.0673077 1
31.8886 955.83 0.0304348 1
69.6912 366.956 0.00763359 1
25.2543 888.333 0.00568182 1
84.2663 624.299 0.0494506 1
41.9714 684.687 0.172222 1
32.8517 989.538 0.00921659 1
23.2521 969.681 0.0138889 1
1.95605 588.64 0.153846 1
17.7812 686.717 0.0555556 1
31.3399 979.828 0.0752688 1
8.39736 814.02 0.00854701 1
93.0413 853.46 0.170732 1
1.95006 63.8999 0.186207 1
2.47346 63.0313 0.0801887 1
2.34187 49.6351 0.01 0
100.999 935.883 0.138889 0
100.999 935.883 0.0152672 0
100.999 935.883 0.0196078 0
100.999 935.883 0.00684932 0
103.341 985.518 0.0133333 1
88.8401 912.704 0.146789 1
100.897 944.479 0.00617284 0
100.897 944.479 0.0260417 0
51.7545 934.837 0.0307692 1
24.8791 950.39 0.0220264 1
100.839 945.342 0.0384615 0
37.8187 893.246 0.0805687 1
24.2934 953.764 0.0506329 1
4.50641 965.545 0.00507614 1
17.7941 937.974 0.166667 1
1.28455 945.43 0.0273973 1
21.7321 815.248 0.010989 1
31.186 841.45 0.0184049 1
22.3289 955.89 0.150235 1
31.234 965.288 0.0181818 1
7.30611 880.554 0.0253807 1
12.3428 971.425 0.030303 1
30.8965 973.75 0.00552486 1
54.5507 670.101 0.019802 1
14.503 964.88 0.00469484 1
15.4084 984.175 0.0344828 1
7.7289 948.068 0.0481283 1
29.5329 783.401 0.0496454 1
18.012 984.453 0.0628272 1
0.461761 910.115 0.151316 1
44.8181 673.635 0.0280899 1
30.1584 982.208 0.29918 1
35.2385 990.815 0.00420168 1
20.9207 961.539 0.185629 1
26.3514 970.18 0.0717949 1
20.1908 850.336 0.0268456 1
33.1496 990.482 0.00793651 1
21.2061 973.989 0.233945 1
32.0574 989.742 0.130841 1
19.2294 911.71 0.00497512 1
10.2104 905.413 0.203125 1
2.93643 848.147 0.115385 1
49.0104 879.092 0.0612245 1
4.16819 700.75 0.0327869 1
135.367 564.943 0.409091 1
34.9841 982.932 0.0382514 1
6.39316 906.811 0.00617284 1
31.9521 994.225 0.141553 1
11.0223 952.347 0.0816327 1
31.739 841.434 0.0431034 1
75.0906 542.762 0.0265487 1
19.0924 622.764 0.129534 1
2.00052 62.3285 0.0862069 1
100.953 946.452 0.00684932 0
100.953 946.452 0.115646 0
100.953 946.452 0.0497238 0
2.41344 59.7715 0.218182 1
100.928 947.003 0.01 0
100.928 947.003 0.115646 0
100.928 947.003 0.0134228 0
88.7484 933.654 0.01 0
30.3031 826.405 0.00840336 1
100.905 947.072 0.0497238 0
100.905 947.072 0.0163934 0
88.7253 933.723 0.00746269 0
10.9752 964.691 0.0365854 1
6.9147 977.096 0.00595238 1
6.85409 919.389 0.0295359 1
12.5001 913.671 0.191176 1
34.7139 892.5 0.0188679 1
0.00827789 914.153 0.185185 1
88.6261 555.77 0.0471698 1
28.3711 989.892 0.0233918 1
0.896774 940.023 0.0432099 1
30.4287 866.437 0.00847458 1
29.109 977.896 0.137255 1
14.6827 954.267 0.00699301 1
48.1077 588.641 0.1125 1
22.4045 887.44 0.0117647 1
8.48972 915.103 0.0134228 1
29.598 987.968 0.386503 1
2.40211 964.619 0.298246 1
60.3227 903.493 0.00675676 1
3.77126 977.337 0.0393258 1
38.4519 746.163 0.0736196 1
28.481 968.911 0.00641026 1
31.785 987.157 0.0291262 1
8.54421 934.687 0.161538 1
8.30015 832.655 0.0497925 1
33.6349 996.447 0.003663 1
7.50256 800.913 0.114865 1
12.906 873.73 0.00966184 1
19.3657 603.488 0.00657895 1
0.288155 829.034 0.0516432 1
35.1978 989.253 0.294393 1
38.2033 808.443 0.237179 1
76.6812 681.099 0.0241935 1
28.8573 891.897 0.0721154 1
32.2249 911.903 0.0897436 1
87.6805 639.07 0.00512821 1
25.5796 836.467 0.0151515 1
27.4564 904.733 0.0153061 1
29.9504 824.445 0.412214 1
76.9696 135.732 0.0229885 1
16.1157 861.047 0.00719424 1
33.5585 983.694 0.0744186 1
4.62474 819.827 0.0413223 1
23.9302 929.306 0.0238095 1
4.03166 60.3066 0.314917 1
2.74461 53.6635 0.0136364 1
100.718 947.776 0.0134228 0
100.718 947.776 0.0163934 0
12.0676 14.8053 0.121387 1
40.9397 22.2765 0.0263158 0
100.652 946.892 0.01 0
100.652 946.892 0.00746269 0
100.652 946.892 0.013986 0
83.0433 47.6495 0.0348837 0
40.9397 22.2765 0.35461 0
100.652 946.892 0.013986 0
59.7118 924.616 0.2625 1
37.7403 938.958 0.0363636 1
22.9615 968.299 0.0128205 1
56.2881 731.808 0.00571429 1
13.8684 932.007 0.197531 1
78.1502 459.109 0.0289017 1
19.3755 960.306 0.0190476 1
42.5084 813.561 0.0101523 1
14.3896 946.155 0.0295567 1
19.1771 842.688 0.0192308 1
14.8051 969.637 0.1841 1
5.00739 965.77 0.0113636 1
25.2083 992.975 0.027972 1
7.75432 894.517 0.00571429 1
13.8698 881.16 0.123762 1
31.715 996.99 0.00389105 1
48.1785 749.322 0.119048 1
27.7137 956.715 0.113924 1
25.0764 921.011 0.157303 1
27.0455 962.03 0.00877193 1
7.7367 914.517 0.161111 1
7.17793 934.448 0.0763889 1
15.5403 846.533 0.0141844 1
22.869 927.706 0.256881 1
25.1596 790.33 0.195804 1
25.6766 915.272 0.0285714 1
34.0176 996.023 0.025641 1
13.739 915.758 0.0343348 1
30.1711 970.789 0.149038 1
19.0874 875.486 0.133971 1
27.3133 971.072 0.346667 1
15.6405 859.525 0.135371 1
2.4025 875.156 0.0132743 1
17.4526 630.022 0.0143885 1
27.3371 933.713 0.00423729 1
11.2644 754.474 0.244444 1
29.2349 962.969 0.0209424 1
72.9389 451.297 0.00980392 1
3.71938 942.283 0.274882 1
31.9545 950.066 0.0105263 1
25.0507 932.289 0.0243902 1
31.7917 965.515 0.0110497 1
34.4943 737.754 0.415254 1
29.5926 826.268 0.0633484 1
7.34422 42.9045 0.337931 1
8.72224 22.7216 0.0222222 1
100.833 941.821 0.0222222 0
66.59 125.945 0.0108108 0
23.3663 95.8043 0.00495049 0
82.8537 46.8024 0.0348837 0
17.9789 895.019 0.31068 1
34.239 815.761 0.492063 1
100.815 941.846 0.0263158 0
100.815 941.846 0.35461 0
100.815 941.846 0.0222222 0
77.4492 846.042 0.00740741 1
11.2495 830.028 0.22695 1
47.9845 599.794 0.0186335 1
0.11335 862.733 0.00714286 1
9.01074 692.641 0.0625 1
44.0307 914.038 0.0217391 1
16.5231 800.311 0.251256 1
11.2165 855.588 0.144444 1
27.3375 982.074 0.00561798 1
3.83157 931.997 0.0531915 1
30.2759 966.575 0.0406504 1
18.5202 866.758 0.0129032 1
13.9774 816.832 0.10396 1
17.0277 802.234 0.0537634 1
21.7227 775.277 0.0427807 1
18.091 905.359 0.0630631 1
14.3768 824.435 0.230263 1
10.8558 886.1 0.190698 1
17.218 779.304 0.0208333 1
16.8941 908.524 0.0497512 1
30.7108 985.145 0.0454545 1
20.8937 952.702 0.241107 1
4.25601 657.524 0.0233918 1
31.121 958.069 0.00568182 1
7.63078 588.212 0.0534351 1
12.3818 575.667 0.008 1
25.0364 621.706 0.0157068 1
25.3374 927.5 0.0595745 1
0.245506 851.3 0.038835 1
14.2574 850.613 0.0791667 1
44.8019 769.935 0.156463 1
6.18557 768.447 0.0909091 1
25.7575 948.7 0.0700389 1
6.79243 889.996 0.012766 1
12.4453 654.016 0.0104712 1
17.5661 919.843 0.0241546 1
6.39223 875.223 0.0177515 1
22.0315 844.349 0.0168539 1
38.0569 641.747 0.0282486 1
21.0008 704.767 0.00714286 1
25.4687 910.241 0.201117 1
19.7225 801.552 0.0577778 1
15.1876 458.818 0.0655738 1
24.069 752.43 0.0387597 1
101.003 928.736 0.12987 0
101.003 928.736 0.0108108 0
101.003 928.736 0.12987 0
101.003 928.736 0.276786 0
101.003 928.736 0.276786 0
101.003 928.736 0.20155 0
101.003 928.736 0.00495049 0
101.003 928.736 0.20155 0
101.003 928.736 0.275 0
101.003 928.736 0.275 0
101.003 928.736 0.044586 0
101.003 928.736 0.044586 0
101.003 928.736 0.0958904 0
101.003 928.736 0.00505051 0
101.003 928.736 0.0285714 0
101.003 928.736 0.0958904 0
101.003 928.736 0.0320513 0
101.003 928.736 0.00505051 0
101.003 928.736 0.0285714 0
136.57 2129.84 0.0357143 0
136.57 2129.84 0.0296296 0
136.57 2129.84 0.013986 0
101.003 928.736 0.0320513 0
101.003 928.736 0.0188679 0
101.003 928.736 0.0188679 0
101.003 928.736 0.277228 0
101.003 928.736 0.0661157 0
101.003 928.736 0.0138889 0
101.003 928.736 0.00645161 0
101.003 928.736 0.0114286 0
101.003 928.736 0.013986 0
101.003 928.736 0.00787402 0
136.57 2129.84 0.00793651 0
136.57 2129.84 0.0357143 0
136.57 2129.84 0.0296296 0
136.57 2129.84 0.013986 0
136.57 2129.84 0.00793651 0
136.57 2129.84 0.288136 0
136.57 2129.84 0.0163934 0
136.57 2129.84 0.125984 0
136.57 2129.84 0.01 0
136.57 2129.84 0.288136 0
136.57 2129.84 0.0144231 0
136.57 2129.84 0.00485437 0
136.57 2129.84 0.0862944 0
101.003 928.736 0.0176991 0
101.003 928.736 0.0854701 0
101.003 928.736 0.0176991 0
101.003 928.736 0.0263158 0
101.003 928.736 0.0990099 0
101.003 928.736 0.0263158 0
101.003 928.736 0.0347826 0
101.003 928.736 0.133333 0
101.003 928.736 0.00909091 0
101.003 928.736 0.0442478 0
101.003 928.736 0.277228 0
101.003 928.736 0.0138889 0
101.003 928.736 0.00645161 0
101.003 928.736 0.00787402 0
101.003 928.736 0.133333 0
101.003 928.736 0.0661157 0
101.003 928.736 0.0114286 0
101.003 928.736 0.013986 0
101.003 928.736 0.00909091 0
101.003 928.736 0.226277 0
101.003 928.736 0.150794 0
101.003 928.736 0.0426829 0
101.003 928.736 0.0849673 0
101.003 928.736 0.0160428 0
136.57 2129.84 0.0272109 0
136.57 2129.84 0.0272109 0
136.57 2129.84 0.0168067 0
136.57 2129.84 0.016129 0
136.57 2129.84 0.0163934 0
136.57 2129.84 0.0168067 0
136.57 2129.84 0.0661765 0
136.57 2129.84 0.0223881 0
136.57 2129.84 0.125984 0
136.57 2129.84 0.016129 0
136.57 2129.84 0.255319 0
136.57 2129.84 0.0197368 0
136.57 2129.84 0.0143885 0
136.57 2129.84 0.01 0
136.57 2129.84 0.00877193 0
136.57 2129.84 0.169643 0
136.57 2129.84 0.0458716 0
136.57 2129.84 0.056 0
136.57 2129.84 0.0756757 0
136.57 2129.84 0.0422535 0
136.57 2129.84 0.028777 0
136.57 2129.84 0.0580645 0
136.57 2129.84 0.0144231 0
136.57 2129.84 0.00485437 0
136.57 2129.84 0.0862944 0
136.57 2129.84 0.0756757 0
136.57 2129.84 0.171875 0
136.57 2129.84 0.00456621 0
136.57 2129.84 0.0359281 0
136.57 2129.84 0.0121951 0
136.57 2129.84 0.171875 0
136.57 2129.84 0.037037 0
136.57 2129.84 0.00456621 0
101.003 928.736 0.0854701 0
101.003 928.736 0.0571429 0
101.003 928.736 0.160494 0
101.003 928.736 0.00826446 0
101.003 928.736 0.0347826 0
101.003 928.736 0.0490196 0
101.003 928.736 0.0857143 0
101.003 928.736 0.00819672 0
101.003 928.736 0.0990099 0
101.003 928.736 0.0571429 0
101.003 928.736 0.0490196 0
101.003 928.736 0.0442478 0
101.003 928.736 0.0857143 0
101.003 928.736 0.00819672 0
101.003 928.736 0.226277 0
101.003 928.736 0.0426829 0
101.003 928.736 0.150794 0
101.003 928.736 0.0849673 0
101.003 928.736 0.0160428 0
101.003 928.736 0.0952381 0
101.003 928.736 0.0965517 0
136.57 2129.84 0.0070922 0
136.57 2129.84 0.0188679 0
136.57 2129.84 0.0597015 0
136.57 2129.84 0.0070922 0
136.57 2129.84 0.0188679 0
136.57 2129.84 0.0124224 0
136.57 2129.84 0.0661765 0
136.57 2129.84 0.255319 0
136.57 2129.84 0.00877193 0
136.57 2129.84 0.0197368 0
136.57 2129.84 0.0223881 0
136.57 2129.84 0.0143885 0
136.57 2129.84 0.169643 0
136.57 2129.84 0.0422535 0
136.57 2129.84 0.0070922 0
136.57 2129.84 0.0458716 0
136.57 2129.84 0.028777 0
136.57 2129.84 0.00724638 0
136.57 2129.84 0.00917431 0
136.57 2129.84 0.00757576 0
136.57 2129.84 0.056 0
136.57 2129.84 0.0580645 0
136.57 2129.84 0.037037 0
136.57 2129.84 0.00729927 0
136.57 2129.84 0.00649351 0
136.57 2129.84 0.024 0
136.57 2129.84 0.0337838 0
136.57 2129.84 0.0359281 0
136.57 2129.84 0.00729927 0
136.57 2129.84 0.0121951 0
101.003 928.736 0.160494 0
101.003 928.736 0.00826446 0
101.003 928.736 0.21875 0
101.003 928.736 0.0952381 0
101.003 928.736 0.0965517 0
136.57 2129.84 0.0115607 0
136.57 2129.84 0.502994 0
136.57 2129.84 0.225166 0
136.57 2129.84 0.0258065 0
136.57 2129.84 0.0124224 0
136.57 2129.84 0.0597015 0
136.57 2129.84 0.0257732 0
136.57 2129.84 0.348416 0
136.57 2129.84 0.0151515 0
136.57 2129.84 0.124444 0
136.57 2129.84 0.0181818 0
136.57 2129.84 0.0070922 0
136.57 2129.84 0.00724638 0
136.57 2129.84 0.00649351 0
136.57 2129.84 0.0181818 0
136.57 2129.84 0.0291971 0
136.57 2129.84 0.319444 0
136.57 2129.84 0.00917431 0
136.57 2129.84 0.024 0
136.57 2129.84 0.00757576 0
136.57 2129.84 0.0337838 0
136.57 2129.84 0.00724638 0
101.003 928.736 0.043956 0
101.003 928.736 0.21875 0
101.003 928.736 0.043956 0
101.003 928.736 0.032967 0
136.57 2129.84 0.0135135 0
136.57 2129.84 0.0115607 0
136.57 2129.84 0.502994 0
136.57 2129.84 0.0135135 0
136.57 2129.84 0.130769 0
136.57 2129.84 0.0176471 0
136.57 2129.84 0.0275862 0
136.57 2129.84 0.225166 0
136.57 2129.84 0.0258065 0
136.57 2129.84 0.0175439 0
136.57 2129.84 0.130769 0
136.57 2129.84 0.0175439 0
136.57 2129.84 0.0723684 0
136.57 2129.84 0.0714286 0
136.57 2129.84 0.0257732 0
136.57 2129.84 0.0151515 0
136.57 2129.84 0.00649351 0
136.57 2129.84 0.348416 0
136.57 2129.84 0.124444 0
136.57 2129.84 0.0497238 0
136.57 2129.84 0.0164835 0
136.57 2129.84 0.00649351 0
136.57 2129.84 0.0497238 0
136.57 2129.84 0.0827586 0
136.57 2129.84 0.0164835 0
136.57 2129.84 0.0291971 0
136.57 2129.84 0.319444 0
136.57 2129.84 0.00724638 0
136.57 2129.84 0.0149254 0
136.57 2129.84 0.232 0
136.57 2129.84 0.00675676 0
136.57 2129.84 0.0149254 0
101.003 928.736 0.032967 0
101.003 928.736 0.202128 0
101.003 928.736 0.0454545 0
101.003 928.736 0.202128 0
136.57 2129.84 0.0176471 0
136.57 2129.84 0.0275862 0
136.57 2129.84 0.0740741 0
136.57 2129.84 0.00671141 0
136.57 2129.84 0.020979 0
136.57 2129.84 0.0723684 0
136.57 2129.84 0.0714286 0
136.57 2129.84 0.281915 0
136.57 2129.84 0.00571429 0
136.57 2129.84 0.0177515 0
136.57 2129.84 0.0111111 0
136.57 2129.84 0.0740741 0
136.57 2129.84 0.281915 0
136.57 2129.84 0.190789 0
136.57 2129.84 0.0980392 0
136.57 2129.84 0.0827586 0
136.57 2129.84 0.140741 0
136.57 2129.84 0.190789 0
136.57 2129.84 0.140741 0
136.57 2129.84 0.232 0
136.57 2129.84 0.184466 0
136.57 2129.84 0.00675676 0
101.003 928.736 0.00581395 0
101.003 928.736 0.197452 0
101.003 928.736 0.0454545 0
101.003 928.736 0.117647 0
136.57 2129.84 0.00671141 0
136.57 2129.84 0.00571429 0
136.57 2129.84 0.020979 0
136.57 2129.84 0.0177515 0
136.57 2129.84 0.0111111 0
136.57 2129.84 0.0275862 0
136.57 2129.84 0.0980392 0
136.57 2129.84 0.0275862 0
136.57 2129.84 0.00746269 0
136.57 2129.84 0.0298507 0
136.57 2129.84 0.00833333 0
136.57 2129.84 0.00649351 0
136.57 2129.84 0.015625 0
136.57 2129.84 0.184466 0
136.57 2129.84 0.00847458 0
136.57 2129.84 0.0515464 0
136.57 2129.84 0.00847458 0
101.003 928.736 0.0827068 0
101.003 928.736 0.00581395 0
101.003 928.736 0.197452 0
101.003 928.736 0.0827068 0
101.003 928.736 0.0756303 0
101.003 928.736 0.00787402 0
101.003 928.736 0.0756303 0
101.003 928.736 0.139344 0
101.003 928.736 0.117647 0
101.003 928.736 0.0537634 0
136.57 2129.84 0.00746269 0
136.57 2129.84 0.0298507 0
136.57 2129.84 0.00833333 0
136.57 2129.84 0.097561 0
136.57 2129.84 0.0410959 0
136.57 2129.84 0.097561 0
136.57 2129.84 0.00884956 0
136.57 2129.84 0.115702 0
136.57 2129.84 0.0695652 0
136.57 2129.84 0.0674157 0
136.57 2129.84 0.00649351 0
136.57 2129.84 0.0695652 0
136.57 2129.84 0.00714286 0
136.57 2129.84 0.0258621 0
136.57 2129.84 0.015625 0
136.57 2129.84 0.0515464 0
136.57 2129.84 0.0674157 0
101.003 928.736 0.00787402 0
101.003 928.736 0.0537634 0
101.003 928.736 0.00854701 0
101.003 928.736 0.139344 0
101.003 928.736 0.110294 0
136.57 2129.84 0.0410959 0
136.57 2129.84 0.0955882 0
136.57 2129.84 0.236111 0
136.57 2129.84 0.270073 0
136.57 2129.84 0.00884956 0
136.57 2129.84 0.0955882 0
136.57 2129.84 0.115702 0
136.57 2129.84 0.236111 0
136.57 2129.84 0.186992 0
136.57 2129.84 0.0148148 0
136.57 2129.84 0.163265 0
136.57 2129.84 0.0714286 0
136.57 2129.84 0.0333333 0
136.57 2129.84 0.0619469 0
136.57 2129.84 0.00714286 0
136.57 2129.84 0.0315789 0
136.57 2129.84 0.00689655 0
136.57 2129.84 0.0258621 0
136.57 2129.84 0.267606 0
136.57 2129.84 0.0413223 0
136.57 2129.84 0.0357143 0
136.57 2129.84 0.0315789 0
136.57 2129.84 0.267606 0
146.562 1718.45 0.026087 0
146.562 1718.45 0.107527 0
146.562 1718.45 0.0740741 0
101.003 928.736 0.00854701 0
101.003 928.736 0.110294 0
101.003 928.736 0.0380952 0
136.57 2129.84 0.00980392 0
136.57 2129.84 0.0136054 0
136.57 2129.84 0.270073 0
136.57 2129.84 0.186992 0
136.57 2129.84 0.00980392 0
136.57 2129.84 0.0704225 0
66.7169 855.168 0.0471698 0
136.57 2129.84 0.0148148 0
66.7169 855.168 0.00847458 0
136.57 2129.84 0.163265 0
136.57 2129.84 0.0333333 0
136.57 2129.84 0.046875 0
66.7169 855.168 0.176923 0
136.57 2129.84 0.0714286 0
136.57 2129.84 0.0619469 0
136.57 2129.84 0.0991736 0
66.7169 855.168 0.252033 0
136.57 2129.84 0.046875 0
136.57 2129.84 0.0991736 0
136.57 2129.84 0.224806 0
136.57 2129.84 0.0280374 0
136.57 2129.84 0.0272727 0
136.57 2129.84 0.0380952 0
136.57 2129.84 0.00689655 0
136.57 2129.84 0.0413223 0
136.57 2129.84 0.0280374 0
136.57 2129.84 0.0357143 0
146.562 1718.45 0.0204082 0
146.562 1718.45 0.015625 0
146.562 1718.45 0.027972 0
146.562 1718.45 0.211429 0
146.562 1718.45 0.026087 0
146.562 1718.45 0.107527 0
146.562 1718.45 0.0740741 0
146.562 1718.45 0.015625 0
146.562 1718.45 0.00769231 0
146.562 1718.45 0.0197368 0
146.562 1718.45 0.00769231 0
146.562 1718.45 0.00689655 0
146.562 1718.45 0.129944 0
146.562 1718.45 0.0197368 0
146.562 1718.45 0.080402 0
101.003 928.736 0.0251572 0
101.003 928.736 0.0380952 0
136.57 2129.84 0.0457516 0
136.57 2129.84 0.00757576 0
136.57 2129.84 0.0136054 0
136.57 2129.84 0.0704225 0
136.57 2129.84 0.0457516 0
136.57 2129.84 0.00757576 0
136.57 2129.84 0.091954 0
136.57 2129.84 0.0108696 0
136.57 2129.84 0.00746269 0
136.57 2129.84 0.24026 0
136.57 2129.84 0.091954 0
136.57 2129.84 0.0108696 0
66.7169 855.168 0.0810811 0
66.7169 855.168 0.0471698 0
66.7169 855.168 0.00847458 0
66.7169 855.168 0.176923 0
66.7169 855.168 0.252033 0
66.7169 855.168 0.0810811 0
66.7169 855.168 0.00763359 0
136.57 2129.84 0.224806 0
136.57 2129.84 0.0272727 0
136.57 2129.84 0.0380952 0
146.562 1718.45 0.00854701 0
146.562 1718.45 0.0392157 0
146.562 1718.45 0.0117647 0
146.562 1718.45 0.0204082 0
146.562 1718.45 0.027972 0
146.562 1718.45 0.00689655 0
146.562 1718.45 0.0140845 0
146.562 1718.45 0.211429 0
146.562 1718.45 0.129944 0
146.562 1718.45 0.080402 0
146.562 1718.45 0.00574713 0
146.562 1718.45 0.0114943 0
146.562 1718.45 0.00574713 0
101.003 928.736 0.0114943 0
101.003 928.736 0.0251572 0
101.003 928.736 0.0114943 0
101.003 928.736 0.147727 0
136.57 2129.84 0.00746269 0
136.57 2129.84 0.24026 0
66.7169 855.168 0.00763359 0
146.562 1718.45 0.00966184 0
146.562 1718.45 0.00854701 0
146.562 1718.45 0.0392157 0
146.562 1718.45 0.0365854 0
146.562 1718.45 0.0117647 0
146.562 1718.45 0.00862069 0
146.562 1718.45 0.0775194 0
146.562 1718.45 0.00900901 0
146.562 1718.45 0.0140845 0
146.562 1718.45 0.0114943 0
146.562 1718.45 0.0775194 0
146.562 1718.45 0.0206897 0
101.003 928.736 0.147727 0
101.003 928.736 0.0666667 0
101.003 928.736 0.0588235 0
101.003 928.736 0.0666667 0
146.562 1718.45 0.0175439 0
146.562 1718.45 0.0142857 0
146.562 1718.45 0.00966184 0
146.562 1718.45 0.0206897 0
146.562 1718.45 0.204724 0
146.562 1718.45 0.0526316 0
146.562 1718.45 0.00649351 0
146.562 1718.45 0.0365854 0
146.562 1718.45 0.00862069 0
146.562 1718.45 0.00900901 0
146.562 1718.45 0.204724 0
146.562 1718.45 0.00884956 0
101.003 928.736 0.0588235 0
101.003 928.736 0.218391 0
146.562 1718.45 0.00543478 0
146.562 1718.45 0.0263158 0
146.562 1718.45 0.0175439 0
146.562 1718.45 0.0142857 0
146.562 1718.45 0.0263158 0
146.562 1718.45 0.00884956 0
146.562 1718.45 0.0152672 0
146.562 1718.45 0.0652174 0
146.562 1718.45 0.0526316 0
146.562 1718.45 0.00649351 0
101.003 928.736 0.218391 0
101.003 928.736 0.0444444 0
146.562 1718.45 0.00561798 0
146.562 1718.45 0.0176991 0
146.562 1718.45 0.00543478 0
146.562 1718.45 0.00561798 0
146.562 1718.45 0.0152672 0
146.562 1718.45 0.0337079 0
146.562 1718.45 0.0183486 0
146.562 1718.45 0.0365854 0
146.562 1718.45 0.0652174 0
146.562 1718.45 0.0378378 0
146.562 1718.45 0.0258621 0
146.562 1718.45 0.128655 0
146.562 1718.45 0.0220994 0
146.562 1718.45 0.00645161 0
146.562 1718.45 0.0337079 0
146.562 1718.45 0.0378378 0
146.562 1718.45 0.0183486 0
146.562 1718.45 0.0258621 0
14.4366 797.479 0.105263 0
14.4366 797.479 0.296512 0
14.4366 797.479 0.202703 0
101.003 928.736 0.0326087 0
101.003 928.736 0.0444444 0
101.003 928.736 0.0326087 0
101.003 928.736 0.0168067 0
101.003 928.736 0.136842 0
146.562 1718.45 0.0163934 0
146.562 1718.45 0.0116279 0
146.562 1718.45 0.0176991 0
146.562 1718.45 0.0163934 0
146.562 1718.45 0.06 0
146.562 1718.45 0.0217391 0
146.562 1718.45 0.06 0
146.562 1718.45 0.106667 0
146.562 1718.45 0.0163934 0
146.562 1718.45 0.0365854 0
146.562 1718.45 0.128655 0
146.562 1718.45 0.0220994 0
146.562 1718.45 0.0180723 0
146.562 1718.45 0.00645161 0
14.4366 797.479 0.0769231 0
14.4366 797.479 0.105263 0
14.4366 797.479 0.296512 0
14.4366 797.479 0.202703 0
14.4366 797.479 0.0769231 0
14.4366 797.479 0.0555556 0
14.4366 797.479 0.0847458 0
14.4366 797.479 0.04 0
14.4366 797.479 0.028777 0
14.4366 797.479 0.0555556 0
14.4366 797.479 0.0847458 0
101.003 928.736 0.0168067 0
101.003 928.736 0.136842 0
101.003 928.736 0.193878 0
146.562 1718.45 0.0217391 0
146.562 1718.45 0.0184049 0
146.562 1718.45 0.0047619 0
146.562 1718.45 0.0116279 0
146.562 1718.45 0.106667 0
146.562 1718.45 0.0184049 0
146.562 1718.45 0.0163934 0
146.562 1718.45 0.0047619 0
146.562 1718.45 0.00490196 0
146.562 1718.45 0.0184049 0
146.562 1718.45 0.149606 0
146.562 1718.45 0.0264901 0
146.562 1718.45 0.00621118 0
146.562 1718.45 0.0180723 0
146.562 1718.45 0.100629 0
146.562 1718.45 0.00763359 0
146.562 1718.45 0.163265 0
146.562 1718.45 0.044586 0
146.562 1718.45 0.0184049 0
146.562 1718.45 0.100629 0
146.562 1718.45 0.00763359 0
14.4366 797.479 0.04 0
14.4366 797.479 0.028777 0
101.003 928.736 0.193878 0
101.003 928.736 0.0722892 0
146.562 1718.45 0.0138889 0
146.562 1718.45 0.00649351 0
146.562 1718.45 0.0143885 0
146.562 1718.45 0.00490196 0
146.562 1718.45 0.00671141 0
146.562 1718.45 0.0707965 0
146.562 1718.45 0.00847458 0
146.562 1718.45 0.0325203 0
146.562 1718.45 0.149606 0
146.562 1718.45 0.00847458 0
146.562 1718.45 0.0264901 0
146.562 1718.45 0.163265 0
146.562 1718.45 0.00621118 0
146.562 1718.45 0.044586 0
101.003 928.736 0.0137931 0
101.003 928.736 0.0526316 0
101.003 928.736 0.00628931 0
101.003 928.736 0.0722892 0
101.003 928.736 0.137931 0
101.003 928.736 0.0107527 0
101.003 928.736 0.133333 0
101.003 928.736 0.0137931 0
101.003 928.736 0.137931 0
101.003 928.736 0.0107527 0
146.562 1718.45 0.0461538 0
146.562 1718.45 0.0172414 0
146.562 1718.45 0.0138889 0
146.562 1718.45 0.00649351 0
146.562 1718.45 0.0461538 0
146.562 1718.45 0.0434783 0
146.562 1718.45 0.025 0
146.562 1718.45 0.00769231 0
146.562 1718.45 0.45 0
146.562 1718.45 0.0434783 0
146.562 1718.45 0.0155039 0
146.562 1718.45 0.025 0
146.562 1718.45 0.00574713 0
146.562 1718.45 0.0143885 0
146.562 1718.45 0.0514706 0
146.562 1718.45 0.0188679 0
146.562 1718.45 0.047619 0
146.562 1718.45 0.0147059 0
146.562 1718.45 0.00684932 0
146.562 1718.45 0.00671141 0
146.562 1718.45 0.0188679 0
146.562 1718.45 0.0147059 0
146.562 1718.45 0.0105263 0
146.562 1718.45 0.00877193 0
146.562 1718.45 0.112676 0
146.562 1718.45 0.0707965 0
146.562 1718.45 0.0105263 0
146.562 1718.45 0.0166667 0
146.562 1718.45 0.0102041 0
146.562 1718.45 0.0333333 0
146.562 1718.45 0.0618557 0
146.562 1718.45 0.0175439 0
146.562 1718.45 0.0166667 0
146.562 1718.45 0.0325203 0
146.562 1718.45 0.0102041 0
101.003 928.736 0.0409836 0
101.003 928.736 0.0526316 0
101.003 928.736 0.133333 0
101.003 928.736 0.0409836 0
101.003 928.736 0.00628931 0
146.562 1718.45 0.00769231 0
146.562 1718.45 0.0172414 0
146.562 1718.45 0.0172414 0
146.562 1718.45 0.0172414 0
146.562 1718.45 0.00943396 0
146.562 1718.45 0.0405405 0
146.562 1718.45 0.0314961 0
146.562 1718.45 0.0155039 0
146.562 1718.45 0.00574713 0
146.562 1718.45 0.164179 0
146.562 1718.45 0.00606061 0
146.562 1718.45 0.0392157 0
146.562 1718.45 0.0129032 0
146.562 1718.45 0.0526316 0
146.562 1718.45 0.45 0
146.562 1718.45 0.00943396 0
146.562 1718.45 0.164179 0
146.562 1718.45 0.0514706 0
146.562 1718.45 0.00606061 0
146.562 1718.45 0.0402685 0
146.562 1718.45 0.047619 0
146.562 1718.45 0.00684932 0
146.562 1718.45 0.0402685 0
146.562 1718.45 0.00735294 0
146.562 1718.45 0.108527 0
146.562 1718.45 0.00877193 0
146.562 1718.45 0.112676 0
146.562 1718.45 0.0333333 0
146.562 1718.45 0.0618557 0
146.562 1718.45 0.0175439 0
101.003 928.736 0.00621118 0
101.003 928.736 0.00621118 0
101.003 928.736 0.282258 0
101.003 928.736 0.00662252 0
146.562 1718.45 0.0405405 0
146.562 1718.45 0.0392157 0
146.562 1718.45 0.0314961 0
146.562 1718.45 0.0129032 0
146.562 1718.45 0.0526316 0
146.562 1718.45 0.00735294 0
146.562 1718.45 0.108527 0
101.003 928.736 0.282258 0
101.003 928.736 0.00662252 0
101.003 928.736 0.0153846 0
101.003 928.736 0.0308642 0
101.003 928.736 0.0153846 0
101.003 928.736 0.0305344 0
101.003 928.736 0.0601504 0
101.003 928.736 0.138889 0
101.003 928.736 0.00617284 0
101.003 928.736 0.0152672 0
101.003 928.736 0.0308642 0
101.003 928.736 0.0601504 0
101.003 928.736 0.0245399 0
101.003 928.736 0.0305344 0
101.003 928.736 0.0245399 0
101.003 928.736 0.0196078 0
101.003 928.736 0.0260417 0
101.003 928.736 0.0384615 0
101.003 928.736 0.01 0
101.003 928.736 0.138889 0
101.003 928.736 0.0152672 0
101.003 928.736 0.0196078 0
101.003 928.736 0.00684932 0
101.003 928.736 0.00617284 0
101.003 928.736 0.0260417 0
101.003 928.736 0.0384615 0
101.003 928.736 0.00684932 0
101.003 928.736 0.115646 0
101.003 928.736 0.0497238 0
101.003 928.736 0.01 0
101.003 928.736 0.115646 0
101.003 928.736 0.0134228 0
101.003 928.736 0.01 0
101.003 928.736 0.0497238 0
101.003 928.736 0.0163934 0
101.003 928.736 0.00746269 0
101.003 928.736 0.0134228 0
101.003 928.736 0.0163934 0
101.003 928.736 0.0263158 0
101.003 928.736 0.01 0
101.003 928.736 0.00746269 0
101.003 928.736 0.013986 0
101.003 928.736 0.0348837 0
101.003 928.736 0.35461 0
101.003 928.736 0.013986 0
101.003 928.736 0.0222222 0
101.003 928.736 0.0108108 0
101.003 928.736 0.00495049 0
101.003 928.736 0.0348837 0
101.003 928.736 0.0263158 0
101.003 928.736 0.35461 0
101.003 928.736 0.0222222 0
101.003 928.736 0.12987 0
101.003 928.736 0.0108108 0
101.003 928.736 0.12987 0
101.003 928.736 0.276786 0
101.003 928.736 0.276786 0
101.003 928.736 0.20155 0
101.003 928.736 0.00495049 0
101.003 928.736 0.20155 0
