4.26674 6.85668 0.16 1
4.77473 10.5124 0.315789 1
5.21651 8.63373 0.042735 1
21.7779 1.56973 0.101449 1
9.14363 30.2781 0.0240964 1
29.6328 33.5523 0.208333 1
27.6297 61.0261 0.0166667 1
30.5388 78.5015 0.0263158 1
22.4104 108.142 0.220126 1
25.7557 99.3831 0.280702 1
13.0158 112.865 0.0931677 1
7.19369 111.918 0.0608108 1
4.42686 111.539 0.157303 1
15.7137 107.877 0.06 0
25.2655 112.152 0.0208333 0
15.7137 107.877 0.287671 0
25.2655 112.152 0.034188 0
15.7137 107.877 0.06 0
15.7137 107.877 0.287671 0
10.7763 4.94132 0.117647 1
23.6115 97.4288 0.0491803 0
6.26457 16.8472 0.0344828 1
0.331013 18.672 0.164062 1
7.31336 11.8567 0.3 1
9.81658 25.6419 0.223684 1
5.69493 29.2385 0.0609756 1
5.82804 26.5464 0.0866667 1
7.81892 28.3673 0.123288 1
4.07294 24.7758 0.0180723 1
9.00914 22.8909 0.134831 1
10.6727 28.8812 0.011976 1
6.78766 31.2427 0.218085 1
4.68188 28.0493 0.109827 1
16.4161 18.6126 0.337838 1
5.58269 34.9125 0.142077 1
18.4551 34.7045 0.0272109 1
10.1942 46.1342 0.111111 1
9.10555 45.8439 0.0529101 1
3.9594 43.1514 0.00564972 1
10.3786 41.788 0.00980392 1
14.4311 45.4792 0.331707 1
28.2022 31.2688 0.0662651 1
18.1159 73.5987 0.182741 1
10.8991 74.1368 0.0215054 1
10.4186 64.2598 0.186047 1
4.10832 68.8682 0.0052356 1
13.1764 62.2729 0.0939597 1
1.93155 66.8637 0.219512 1
11.8649 44.1184 0.0148148 1
9.06711 73.0731 0.0909091 1
19.805 47.2671 0.0206186 1
11.3452 75.7318 0.00515464 1
21.921 50.0951 0.0909091 1
5.30658 57.3022 0.157303 1
42.7154 55.6421 0.350365 1
83.3558 66.3684 0.181818 1
29.6198 124.531 0.107143 1
9.99979 139.758 0.0124224 1
113.855 141.55 0.292683 0
43.3646 131.307 0.0515464 1
126.184 148.245 0.00862069 0
113.269 151.512 0.292683 0
16.6874 22.9165 0.0875 1
20.609 27.0568 0.166667 1
55.5696 6.40574 0.15942 1
12.3747 125.551 0.060241 1
83.8554 18.8966 0.158537 1
67.9113 246.755 0.151786 1
18.3457 387.981 0.0652174 1
5.9498 385.02 0.0224719 1
75.0924 209.158 0.181102 1
19.16 472.064 0.0961538 1
86.9564 449.589 0.14 1
43.4331 489.681 0.0843373 1
73.2695 480.577 0.0326087 1
31.2106 521.624 0.02 1
7.50233 539.729 0.208333 1
15.3583 537.054 0.0427807 1
22.8203 441.551 0.153333 1
3.87453 512.107 0.0103627 1
0.519325 462.281 0.0307692 1
24.7177 467.198 0.0994152 1
56.5702 431.537 0.22449 1
21.3101 450.299 0.170068 1
8.04756 481.715 0.0706522 1
20.2321 428.065 0.220339 1
29.473 448.062 0.25 1
0.839086 438.364 0.106918 1
23.8351 427.236 0.122302 1
15.7613 415.761 0.103448 1
16.0787 418.577 0.0666667 1
57.086 309.679 0.202128 1
6.80693 350.822 0.134454 1
19.9672 116.867 0.119266 1
18.7042 118.184 0.271357 1
1.92992 110.203 0.0103093 1
12.2331 102.687 0.310127 1
38.8276 51.7701 0.0491803 0
38.8276 51.7701 0.00649351 0
4.12003 94.2716 0.0948276 1
21.0448 109.458 0.0202703 0
38.7581 52.3334 0.00649351 0
38.7581 52.3334 0.0363636 0
17.7277 161.792 0.161972 1
13.8418 165.686 0.161677 1
38.0298 51.31 0.0208333 0
38.0298 51.31 0.034188 0
38.0298 51.31 0.0245902 0
22.5244 164.639 0.0170455 1
19.6648 168.225 0.369863 1
19.4114 166.266 0.0458716 1
28.1048 169.109 0.0185185 1
24.7576 174.454 0.365591 1
12.2837 171.997 0.0152284 1
21.5189 172.387 0.202454 1
14.7311 168.163 0.0515464 1
20.9122 172.701 0.117347 1
6.07965 161.902 0.170103 1
23.9064 165.406 0.0208333 1
14.5665 170.923 0.019802 1
6.53787 175.706 0.00970874 1
0.945362 168.906 0.157895 1
7.55177 171.664 0.00952381 1
3.59349 168.881 0.0231481 1
6.10046 160.078 0.0243902 1
6.01168 158.714 0.0418848 1
2.44272 162.253 0.424528 1
6.12863 155.566 0.0287356 1
14.0551 152.843 0.0337079 1
5.29568 159.298 0.202247 1
12.5958 153.958 0.00581395 1
25.8258 122.001 0.164179 1
96.2127 103.072 0.00649351 0
96.2127 103.072 0.201923 0
49.1935 311.63 0.00862069 0
106.681 462.454 0.00653595 1
45.0744 465.748 0.162602 1
89.5119 525.242 0.267176 1
108.577 549.629 0.261628 1
84.5935 572.91 0.0229008 1
70.0188 570.493 0.07 1
54.6118 572.181 0.076087 1
30.7963 571.508 0.0444444 1
6.21656 574.212 0.0210526 1
19.8737 585.512 0.180556 1
5.79215 576.002 0.0206897 1
10.5056 574.862 0.134969 1
16.987 561.005 0.0330189 1
85.7199 489.351 0.317829 1
30.5764 563.334 0.0578947 1
91.9893 525.241 0.00952381 1
55.3737 565.597 0.33908 1
72.7505 563.106 0.020979 1
45.2236 584.712 0.128571 1
7.06682 485.174 0.103448 1
15.814 114.984 0.304965 1
13.9242 111.602 0.0427807 1
4.92978 106.456 0.0170455 1
4.04012 105.945 0.0614035 1
6.13292 85.6609 0.123967 0
6.13292 85.6609 0.123967 0
6.13292 85.6609 0.0823529 0
28.1841 141.901 0.017094 1
33.6468 61.5081 0.161017 0
11.5945 164.718 0.11194 1
12.4327 166.137 0.0763359 1
33.2473 59.7194 0.0363636 0
33.2473 59.7194 0.0245902 0
33.2473 59.7194 0.0823529 0
33.2473 59.7194 0.153846 0
33.2473 59.7194 0.0202703 0
33.2473 59.7194 0.153846 0
12.4068 167.93 0.10559 1
12.4455 168.887 0.13 1
7.92845 168.708 0.121429 1
15.2212 165.664 0.00578035 1
19.5422 168.838 0.00606061 1
11.6421 165.618 0.161111 1
22.7524 162.706 0.0298507 1
14.6583 166.916 0.105263 1
13.77 163.529 0.163043 1
11.2686 152.473 0.0484848 1
8.67165 164.173 0.0127389 1
4.89516 163.667 0.00729927 1
3.29853 159.545 0.144928 1
12.4606 158.405 0.309783 1
3.16706 153.284 0.036036 1
10.5305 158.93 0.0625 1
19.4925 148.836 0.0434783 1
10.8913 156.591 0.0047619 1
24.6889 146.215 0.323308 1
20.1036 156.138 0.0642857 1
9.34299 157.089 0.0574713 1
6.52929 155.345 0.0290698 1
24.069 138.986 0.265306 1
62.8257 103.899 0.00628931 1
59.244 424.249 0.00719424 0
59.244 424.249 0.00649351 0
59.244 424.249 0.201923 0
59.244 424.249 0.00719424 0
59.244 424.249 0.170732 0
93.4533 592.767 0.047619 1
112.559 617.615 0.0888889 1
101.091 627.709 0.309942 1
89.5491 624.192 0.07 1
82.0793 636.906 0.0173913 1
30.3432 626.095 0.0106383 1
12.6659 636.99 0.12 1
4.15132 633.778 0.0172414 1
28.551 633.262 0.164062 1
19.2476 629.019 0.110092 1
12.713 624.433 0.130435 1
21.6167 613.764 0.00636943 1
23.087 597.945 0.035461 1
9.05542 611.265 0.00735294 1
4.42894 582.776 0.245455 1
33.0976 543.229 0.0918367 1
12.0181 108.908 0.301587 1
10.6314 107.738 0.0234742 1
12.1107 103.601 0.016129 0
31.6319 82.4181 0.161017 0
12.1107 103.601 0.0169492 0
16.8374 104.693 0.00746269 0
12.1107 103.601 0.0530973 0
16.8374 104.693 0.0232558 0
20.4941 186.019 0.0149254 1
15.0033 186.928 0.14 1
14.782 189.173 0.151899 1
14.8445 189.62 0.294479 1
17.1894 189.071 0.00598802 1
14.1134 188.305 0.00571429 1
9.0512 183.065 0.0361446 1
21.3945 186.93 0.0457143 1
17.0229 187.347 0.357466 1
14.7271 184.665 0.276923 1
24.0453 186.303 0.283784 1
11.3935 184.089 0.0666667 1
7.50175 187.447 0.119171 1
18.4085 182.06 0.216981 1
21.1518 182.197 0.0549451 1
6.21201 182.18 0.00671141 1
20.613 182.625 0.1 1
2.27025 173.674 0.0898204 1
10.1918 177.887 0.00609756 1
8.34679 183.219 0.124294 1
3.17593 173.09 0.00628931 1
0.435504 169.989 0.0970874 1
33.424 168.59 0.00574713 1
15.4596 170.282 0.00847458 1
44.8332 153.171 0.00735294 1
26.1903 119.711 0.0574713 1
67.9439 147.217 0.00606061 1
68.4789 414.046 0.170732 0
68.4789 414.046 0.0078125 0
117.057 169.096 0.0725806 0
68.4789 414.046 0.0078125 0
50.2331 583.141 0.295918 1
105.042 621.74 0.252252 1
111.598 635.864 0.0245902 1
106.798 661.627 0.0362319 1
105.964 672.496 0.121212 1
95.7734 677.353 0.008 1
86.974 685.001 0.00568182 1
79.1791 687.263 0.0483871 1
47.3311 670.661 0.188679 1
51.4166 689.296 0.0692308 1
29.3947 686.686 0.0967742 1
41.2655 688.972 0.271186 1
34.826 686.525 0.0104167 1
19.5916 690.144 0.306122 1
13.8646 685.468 0.0578512 1
27.1877 685.613 0.240602 1
32.1533 684.543 0.03125 1
20.973 682.639 0.0631579 1
21.7853 660.877 0.010101 1
42.4533 641.185 0.205607 1
9.38301 107.5 0.0357143 1
15.1648 102.867 0.0787879 0
30.9321 106.017 0.0540541 0
15.1648 102.867 0.15873 0
30.9321 106.017 0.016129 0
30.9321 106.017 0.0169492 0
30.9321 106.017 0.0530973 0
30.9321 106.017 0.0540541 0
21.9083 208.884 0.0707965 1
30.8027 105.548 0.00746269 0
30.8027 105.548 0.0232558 0
10.4008 210.017 0.157143 1
11.0695 210.746 0.0684932 1
16.4675 210.094 0.147436 1
19.0002 212.033 0.0198676 1
22.8281 209.782 0.026455 1
18.6806 210.409 0.247312 1
22.8982 210.992 0.0207254 1
26.2763 210.266 0.208955 1
23.0958 211.917 0.145729 1
17.9559 212.503 0.079602 1
13.5726 211.102 0.0379147 1
21.3496 205.847 0.100775 1
7.04109 209.36 0.038835 1
13.4929 208.79 0.0235849 1
9.96008 204.215 0.0572917 1
4.12245 206.71 0.0381679 1
11.4815 207.321 0.351562 1
23.7499 191.554 0.0196078 1
2.91675 203.584 0.265823 1
23.699 194.803 0.0994475 1
12.8208 197.734 0.122449 1
18.5117 198.302 0.0120482 1
16.0661 188.776 0.0116959 1
21.5589 196.102 0.00526316 1
5.6824 183.413 0.00787402 1
4.44606 180.174 0.00735294 1
94.559 153.597 0.02 0
94.559 153.597 0.156716 0
89.1086 478.671 0.106557 0
94.559 153.597 0.216 0
89.1086 478.671 0.0725806 0
89.1086 478.671 0.106557 0
11.6852 632.268 0.216495 1
75.1317 680.224 0.0582524 1
68.577 686.067 0.00840336 1
64.8299 683.932 0.00645161 1
58.2158 684.274 0.0111111 1
61.1856 683.141 0.0672269 1
54.0403 689.166 0.00613497 1
54.3239 685.728 0.0338983 1
60.51 688.215 0.00892857 1
49.5565 684.698 0.00900901 1
36.4615 685.211 0.125 1
48.9278 689.76 0.0235294 1
38.5887 683.663 0.0357143 1
31.5297 678.745 0.0106383 1
48.8129 682.995 0.144444 1
45.114 676.969 0.0363636 1
62.9761 654.023 0.0660377 1
9.77949 106.424 0.529412 1
28.7804 103.846 0.0787879 0
28.7804 103.846 0.15873 0
28.7804 103.846 0.0902256 0
14.1092 204.169 0.274194 1
11.1559 207.911 0.198582 1
17.0779 209.179 0.00657895 1
20.5497 208.622 0.0822785 1
23.3573 209.022 0.0216216 1
24.192 208.497 0.00495049 1
28.3889 207.87 0.0218978 1
15.8025 211.01 0.0773196 1
14.7399 210.498 0.0135135 1
17.9405 210.036 0.00699301 1
13.8545 206.435 0.0698925 1
7.44187 208.285 0.00473934 1
5.94163 207.921 0.0192308 1
2.41616 205.909 0.267606 1
3.46303 203.771 0.097561 1
8.79369 200.398 0.0108108 1
16.7621 188.411 0.015625 1
5.11427 194.359 0.0231214 1
10.9222 190.722 0.0186047 1
4.70116 176.08 0.0196078 1
12.7895 169.078 0.00653595 1
30.8949 185.786 0.125 1
13.8487 179.193 0.0909091 1
11.548 174.522 0.0108696 1
63.5248 151.006 0.00917431 1
31.0661 199.845 0.269608 1
96.9635 477.495 0.02 0
96.9635 477.495 0.156716 0
96.9635 477.495 0.216 0
55.5854 670.153 0.106557 1
22.6551 635.872 0.0130719 1
48.1043 666.915 0.0620155 1
65.1897 684.859 0.025974 1
37.8327 671.014 0.0638298 1
43.2136 678.295 0.0166667 1
40.3429 684.426 0.152542 1
33.1197 684.688 0.0138889 1
56.2108 681.67 0.0330578 1
39.4214 677.912 0.0857143 1
55.8641 683.666 0.0294118 1
63.1487 683.712 0.0319149 1
55.4605 685.014 0.0449438 1
64.514 686.076 0.00980392 1
61.2981 685.627 0.179245 1
57.1402 686.074 0.019802 1
49.8329 684.988 0.175926 1
44.5384 681.809 0.0833333 1
50.4052 684.396 0.227273 1
55.1841 683.416 0.0285714 1
49.9368 679.768 0.03 1
59.1331 681.944 0.0808081 1
28.0398 108.24 0.0902256 0
11.6106 93.4093 0.141593 1
27.9764 108.795 0.0480769 0
10.2358 209.614 0.0775862 1
13.157 213.927 0.111111 1
17.7969 212.704 0.17284 1
21.5602 213.481 0.0322581 1
25.3537 213.543 0.0522876 1
16.809 212.901 0.0427807 1
20.2708 215.034 0.00684932 1
17.7549 214.617 0.0506912 1
14.4869 211.843 0.0163934 1
8.90989 210.921 0.0116279 1
4.90994 210.995 0.0340136 1
3.58395 212.24 0.298781 1
9.81423 207.185 0.00684932 1
4.61262 211.317 0.00606061 1
7.2101 189.355 0.127907 1
19.7014 177.914 0.00621118 1
3.80072 195.798 0.144186 1
11.3195 185.23 0.104938 1
32.0297 171.089 0.024 1
59.3734 130.185 0.103448 1
88.499 174.194 0.00909091 0
46.9772 176.038 0.201923 1
31.7343 158.792 0.00990099 1
126.399 182.516 0.075188 0
130.495 193.455 0.0294118 0
98.2051 171.862 0.252747 0
39.4599 118.009 0.08 0
39.4599 118.009 0.180328 0
12.7392 637.636 0.0457516 1
66.0171 582.714 0.0802469 1
65.5666 667.512 0.0700637 1
65.8045 680.842 0.428571 1
76.1799 670.434 0.00671141 1
56.315 682.938 0.0163934 1
68.521 681.278 0.0961538 1
65.64 679.758 0.254545 1
67.7556 682.367 0.0521739 1
65.5383 684.622 0.139785 1
75.817 683.78 0.113821 1
73.9661 686.565 0.057971 1
69.5587 687.051 0.191304 1
62.9595 688.066 0.0882353 1
65.3552 687.42 0.0075188 1
58.0069 687.187 0.0152672 1
55.9715 686.912 0.205882 1
57.2959 686.382 0.283951 1
27.7731 110.106 0.0480769 0
19.2127 96.4852 0.284314 0
17.169 206.591 0.105263 1
12.7006 212.156 0.0887097 1
16.2652 214.178 0.393333 1
21.135 215.362 0.419355 1
24.7358 215.172 0.172973 1
22.4398 216.554 0.119318 1
19.4656 216.004 0.0529101 1
15.961 214.802 0.210227 1
21.4697 209.07 0.00581395 1
10.0638 211.412 0.179191 1
3.80801 207.466 0.0852273 1
1.44161 213.571 0.013245 1
16.2839 210.467 0.0176471 1
9.92219 212.82 0.292398 1
5.75869 211.075 0.173077 1
22.5776 204.42 0.12605 1
65.724 167.149 0.0744681 0
70.4677 137.065 0.0744681 1
126.562 194.786 0.0537634 0
116.288 193.337 0.037037 0
88.8156 176.454 0.27 0
126.562 194.786 0.144231 0
116.288 193.337 0.168067 0
136.649 200.824 0.0291262 0
88.8156 176.454 0.00909091 0
88.8156 176.454 0.27 0
88.8156 176.454 0.190476 0
28.5062 16.8823 0.0275229 0
47.8803 24.3698 0.0752688 0
36.9246 0.43771 0.135338 1
47.7259 55.929 0.021978 1
108.368 46.588 0.190476 0
108.368 46.588 0.0393701 0
108.368 46.588 0.105882 0
126.924 182.47 0.0078125 0
108.368 46.588 0.016129 0
108.368 46.588 0.256098 0
101.124 194.502 0.0423729 0
126.924 182.47 0.075188 0
126.924 182.47 0.0078125 0
4.51436 10.9393 0.0748663 1
22.1301 651.95 0.00704225 1
14.9616 512.724 0.0388889 1
16.2717 657.339 0.298851 1
43.8896 659.78 0.0520231 1
111.971 460.596 0.0294118 0
37.5808 652.353 0.293269 1
17.7845 636.936 0.0240385 1
112.367 457.679 0.252747 0
112.367 457.679 0.08 0
112.367 457.679 0.180328 0
37.725 586.26 0.138686 1
70.6095 662.657 0.155556 1
73.8595 671.644 0.0424242 1
66.2543 674.515 0.040404 1
72.3424 678.807 0.0409836 1
70.0081 675.118 0.0517241 1
71.13 680.638 0.025 1
68.7108 677.796 0.0361446 1
68.8625 680.414 0.00877193 1
47.422 674.436 0.0533333 1
60.1748 676.641 0.0689655 1
67.84 679.718 0.0606061 1
66.8728 678.416 0.0634921 1
60.4912 677.292 0.00793651 1
64.2253 678.961 0.027972 1
58.9673 679.723 0.0331126 1
54.0205 679.49 0.233577 1
56.8057 675.595 0.0143885 1
53.7037 678.245 0.0503145 1
60.5781 663.613 0.0148148 1
64.5062 673.452 0.0294118 1
27.4248 110.06 0.284314 0
10.0916 205.367 0.0689655 1
19.2533 210.58 0.0465116 1
19.0894 215.409 0.0157895 1
23.1437 214.664 0.0359281 1
20.9106 215.041 0.265766 1
26.4435 213.948 0.353659 1
18.3838 214.918 0.0621762 1
12.0458 213.471 0.241176 1
16.9947 211.757 0.110526 1
3.17112 214.331 0.00625 1
10.4049 211.123 0.360947 1
25.7772 208.972 0.169811 1
14.6265 203.444 0.145161 1
12.7317 207.751 0.00531915 1
29.8845 205.719 0.263158 1
40.4871 193.099 0.255102 1
65.8914 169.444 0.0744681 0
65.8914 169.444 0.05 0
65.8914 169.444 0.30137 0
52.4087 14.7373 0.139535 1
100.814 73.9561 0.05 0
138.478 198.694 0.0568182 0
126.83 194.434 0.0379747 0
100.814 73.9561 0.151163 0
138.478 198.694 0.0568182 0
11.7778 4.26024 0.308411 1
19.7989 11.5161 0.0245902 0
34.632 107.512 0.0614035 1
10.9848 105.779 0.1 0
36.3678 125.877 0.0143885 0
21.2464 113.784 0.015625 0
123.662 77.3771 0.0537634 0
123.662 77.3771 0.144231 0
123.662 77.3771 0.0379747 0
9.16796 115.607 0.283186 0
13.3143 123.095 0.113402 1
8.54254 90.5271 0.0264901 0
24.6374 98.5318 0.0252101 0
25.7215 107.246 0.0294118 0
116.552 192.984 0.037037 0
116.552 192.984 0.168067 0
20.8921 654.267 0.0275229 0
12.6244 100.355 0.0245902 0
12.6244 100.355 0.283186 0
12.6244 100.355 0.107143 0
12.3646 1.8231 0.0522388 1
7.94005 20.5758 0.231788 1
127.577 92.6293 0.0291262 0
16.6648 553.913 0.0752688 0
21.4583 87.5339 0.107143 0
16.6648 553.913 0.205882 0
21.4583 87.5339 0.00740741 0
121.316 461.283 0.0393701 0
121.316 461.283 0.016129 0
16.6648 553.913 0.205882 0
27.1913 641.446 0.0628571 0
31.3961 649.94 0.15942 0
17.4209 657.367 0.0617978 1
121.281 459.719 0.105882 0
121.281 459.719 0.256098 0
31.3125 648.376 0.0625 0
26.832 656.437 0.0526316 1
44.6352 640.194 0.0272727 1
121.2 458.772 0.0423729 0
31.1912 647.429 0.0227273 0
49.0663 518.153 0.0621118 1
63.3184 643.144 0.0103093 1
58.6063 617.031 0.0260417 1
35.8685 627.89 0.013245 1
9.6133 647.108 0.104575 1
60.6362 648.262 0.0601093 1
66.9374 673.655 0.0232558 1
65.705 678.221 0.1 1
64.2145 674.153 0.0393013 1
64.3236 677.435 0.0310881 1
33.3358 654.311 0.166667 1
62.2024 674.625 0.0526316 1
63.4447 674.97 0.141509 1
62.8746 675.165 0.0466667 1
62.3107 674.159 0.121693 1
33.0982 672.568 0.0408163 1
61.7321 672.618 0.0933333 1
58.5795 665.308 0.00621118 1
60.3702 671.803 0.0598802 1
56.4205 669.796 0.0495868 1
48.5878 671.741 0.0285714 1
41.331 669.927 0.00917431 1
60.868 670.309 0.0121212 1
53.073 667.477 0.163043 1
14.3219 207.102 0.208696 1
30.578 207.509 0.0438596 1
14.7939 214.7 0.0406504 1
25.8534 215.441 0.0949367 1
16.3598 215.131 0.00735294 1
16.8479 217.222 0.21547 1
21.7804 217.885 0.0101523 1
7.90476 217.48 0.00606061 1
2.45752 213.209 0.00574713 1
5.32004 216.692 0.0952381 1
1.78913 216.568 0.223684 1
19.3213 211.85 0.121622 1
36.502 201.927 0.201117 1
127.946 94.6419 0.30137 0
61.5333 191.035 0.106796 1
127.735 98.4438 0.151163 0
8.54254 90.5271 0.132911 0
21.4583 87.5339 0.0396825 0
10.1312 110.324 0.133333 0
9.31912 98.1649 0.0152672 0
23.7591 106.412 0.0540541 1
6.452 99.6188 0.1 0
6.452 99.6188 0.0264901 0
6.452 99.6188 0.132911 0
42.473 20.0973 0.0163934 1
6.15117 86.1216 0.27907 1
27.8388 90.7655 0.154696 1
4.0196 90.6828 0.0734463 1
15.2169 21.2523 0.242038 0
39.3859 90.2695 0.0197368 1
17.819 5.2529 0.0143885 0
23.2831 129.792 0.00775194 1
50.3564 128.462 0.0410959 1
23.5077 43.325 0.015625 0
23.5077 43.325 0.0252101 0
23.5077 43.325 0.0396825 0
23.5077 43.325 0.0294118 0
23.5077 43.325 0.00740741 0
28.8004 493.192 0.0628571 0
7.37934 148.444 0.0145985 1
4.77342 140.597 0.0441176 1
29.1861 150.181 0.172414 1
31.31 497.883 0.15942 0
31.31 497.883 0.0625 0
31.31 497.883 0.0227273 0
31.31 497.883 0.1 0
43.0725 153.229 0.015748 1
35.6036 479.486 0.1 0
32.3089 635.474 0.16129 1
16.0216 640.052 0.0526316 1
42.8601 626.554 0.0552147 1
88.2198 609.312 0.294479 1
15.1578 623.898 0.0165746 1
100.676 603.703 0.328467 1
23.9197 651.037 0.0151515 1
41.4578 650.872 0.0245902 1
54.9847 657.767 0.00833333 1
60.3448 665.785 0.0268817 1
59.7698 662.709 0.0431655 1
60.9788 664.352 0.0839161 1
58.0337 656.585 0.00675676 1
59.5978 661.624 0.0616438 1
58.466 665.372 0.021978 1
44.3457 658.803 0.0215054 1
58.2922 666.081 0.0542169 1
58.221 666.732 0.0769231 1
57.3341 664.685 0.028777 1
54.4383 664.418 0.0131579 1
56.5253 664.348 0.206452 1
52.9109 660.462 0.30137 1
54.9305 655.389 0.178571 1
27.1667 214.49 0.0629921 1
22.6497 219.178 0.0490798 1
19.9522 220.692 0.0206897 1
13.3507 218.382 0.00775194 1
22.9424 221.658 0.301802 1
13.1483 219.233 0.258065 1
18.9285 218.293 0.0507246 1
13.1523 220.567 0.00735294 1
8.2603 217.9 0.148936 1
8.30558 216.553 0.00934579 1
14.4748 215.388 0.0150376 1
30.1083 203.107 0.131868 1
46.1017 211.471 0.343949 1
85.5944 183.656 0.337209 0
129.491 196.985 0.0272727 0
150.462 212.353 0.00581395 0
85.5944 183.656 0.337209 0
21.7921 148.88 0.0190476 0
85.5944 183.656 0.0105263 0
43.9021 13.3293 0.0657895 1
34.9991 101.448 0.0217391 1
11.4438 104.206 0.0416667 1
31.6123 57.0316 0.133333 0
40.5078 80.1733 0.0190476 0
31.6123 57.0316 0.0597015 0
40.5078 80.1733 0.127517 0
31.6123 57.0316 0.0152672 0
31.6123 57.0316 0.115385 0
40.5078 80.1733 0.0482759 0
13.885 149.663 0.204918 1
32.1142 56.0314 0.242038 0
32.1142 56.0314 0.0597015 0
32.1142 56.0314 0.115385 0
8.98731 23.1418 0.032 1
35.8045 39.9749 0.0588235 0
68.5486 172.947 0.0075188 1
44.9244 240.853 0.137931 1
17.8808 266.862 0.0597015 1
2.52438 260.717 0.0405405 1
21.9125 262.259 0.0839695 1
12.4703 257.025 0.0338983 1
14.3373 260.367 0.0496454 1
34.5611 251.683 0.057971 1
16.0475 243.025 0.0377358 1
50.273 399.967 0.0449438 0
41.1569 637.233 0.0136054 0
25.912 635.596 0.0118343 1
23.5407 633.345 0.015 1
41.0839 635.584 0.172185 0
30.1493 598.453 0.0153061 1
9.44919 630.248 0.00704225 1
31.121 600.34 0.00645161 1
18.4859 606.148 0.109677 1
27.5991 631.921 0.155172 1
52.3796 636.589 0.062069 1
56.131 653.601 0.00458716 1
8.05073 620.032 0.00826446 1
23.3994 635.774 0.0145985 1
10.7238 610.247 0.05 1
55.6747 655.637 0.0747126 1
24.8979 622.858 0.0510949 1
47.7561 577.572 0.00813008 1
54.0371 652.132 0.204918 1
24.504 569.216 0.0265487 1
39.4714 643.369 0.204918 1
18.7263 220.218 0.0550459 1
29.4228 221.149 0.177215 1
22.8768 216.693 0.0769231 1
16.1503 222.916 0.107527 1
18.6743 224.657 0.225664 1
13.0577 223.946 0.00966184 1
13.4539 222.405 0.196319 1
3.84372 220.591 0.0444444 1
3.77898 219.336 0.160584 1
15.2703 219.271 0.00917431 1
22.4505 214.98 0.306748 1
39.9207 206.519 0.0454545 1
94.3591 174.88 0.0888889 0
135.743 76.7815 0.0105263 0
94.3591 174.88 0.0104167 0
135.743 76.7815 0.0272727 0
41.4446 98.0982 0.233766 1
24.0147 155.202 0.00714286 1
137.629 59.8465 0.00581395 0
6.25302 146.433 0.0465116 1
43.95 126.458 0.0113636 0
50.501 104.851 0.127517 0
50.501 104.851 0.0482759 0
50.501 104.851 0.0588235 0
50.501 104.851 0.0133333 0
6.6222 231.309 0.0810811 1
40.8263 226.062 0.166667 1
70.8366 247.852 0.150602 1
10.7974 310.574 0.00943396 1
32.6508 312.008 0.00813008 1
22.0288 304.563 0.129252 1
22.9938 286.341 0.0942029 1
51.2447 287.485 0.0431034 1
6.13674 317.985 0.0218978 1
11.6583 305.004 0.216216 1
56.5476 339.613 0.0449438 0
16.1383 288.928 0.12782 1
27.1573 292.378 0.011976 1
57.4578 342.703 0.0136054 0
57.4578 342.703 0.172185 0
57.4578 342.703 0.00806452 0
57.4578 342.703 0.174194 0
7.90318 260.314 0.103774 1
57.3329 344.659 0.00806452 0
15.1119 637.197 0.3 0
57.3329 344.659 0.174194 0
57.3329 344.659 0.0251572 0
15.1119 637.197 0.376963 0
70.6902 604.704 0.00462963 1
33.0973 611.81 0.0670732 1
15.004 637.013 0.0706522 0
29.4654 598.104 0.039548 1
66.1592 593.811 0.0774194 1
18.9901 611.706 0.152318 1
9.79397 627.723 0.00555556 1
40.7894 633.119 0.241935 1
12.99 601.37 0.0740741 1
47.6822 635.726 0.0153846 1
24.9571 623.332 0.272727 1
39.3931 642.454 0.103261 1
44.0365 639.453 0.0305344 1
11.1694 598.854 0.0408163 1
51.8756 641.771 0.0705128 1
54.0889 642.765 0.0113636 1
37.1448 622.695 0.0208333 1
33.2331 630.021 0.0569106 1
3.74656 605.935 0.354331 1
17.5551 609.426 0.0211268 1
48.6608 469.887 0.0134228 1
53.5568 553.002 0.131387 1
14.971 563.194 0.211429 1
23.7826 223.881 0.314516 1
30.818 223.995 0.00947867 1
26.8183 222.871 0.0643564 1
28.3157 222.897 0.0913242 1
20.7231 224.718 0.14557 1
8.37635 226.52 0.0191083 1
5.2284 215.048 0.0555556 1
5.56736 220.675 0.173913 1
24.6873 222.607 0.283186 1
33.6633 207.315 0.025641 1
64.7358 203.508 0.00740741 0
137.608 69.5377 0.0410959 0
64.7358 203.508 0.220779 0
137.608 69.5377 0.0888889 0
137.608 69.5377 0.0104167 0
137.608 69.5377 0.0410959 0
72.898 133.97 0.275862 1
7.11797 169.352 0.0155039 1
13.7455 167.087 0.00833333 1
4.80572 149.074 0.0598802 0
20.0635 152.206 0.00552486 0
56.8446 141.015 0.0133333 0
56.8446 141.015 0.0299401 0
56.8446 141.015 0.0113636 0
56.8446 141.015 0.0299401 0
54.1493 290.089 0.0425532 1
35.5254 298.925 0.180645 1
13.1519 286.401 0.314961 1
53.8825 296.938 0.103704 1
60.9335 305.715 0.355191 1
33.1616 314.177 0.0212766 1
2.72995 318.279 0.135135 1
34.9232 315.978 0.2 1
25.8011 304.316 0.0518519 1
58.8219 315.268 0.0181818 1
29.2826 301.497 0.0819672 1
9.24166 303.712 0.097561 1
37.9481 302.888 0.272222 1
62.2777 304.507 0.0251572 0
54.1229 323.14 0.056338 0
7.65995 304.004 0.134831 1
14.9985 627.647 0.3 0
14.9985 627.647 0.376963 0
14.9985 627.647 0.0706522 0
54.0708 322.245 0.056338 0
14.9985 627.647 0.0100503 0
14.9985 627.647 0.0359281 0
29.4585 0.582439 0.0986842 1
1.24563 57.3959 0.342282 1
17.2697 580.184 0.0100503 0
17.2697 580.184 0.0172414 0
100.861 580.815 0.147727 1
67.1402 594.935 0.0681818 1
17.5345 582.109 0.0359281 0
17.5345 582.109 0.103448 0
17.5345 582.109 0.105634 0
88.3534 595.188 0.0422535 1
55.2065 603.549 0.233533 1
31.8656 592.402 0.068323 1
35.5007 626.547 0.0314136 1
47.5766 638.459 0.0384615 1
53.9021 641.534 0.00613497 1
55.3269 644.965 0.0315789 1
45.9189 606.286 0.241573 1
21.0345 594.406 0.0100503 1
72.464 584.72 0.0454545 1
106.507 557.925 0.0078125 1
7.46351 574.004 0.124352 1
153.887 534.818 0.13913 1
105.223 535.844 0.10101 1
28.0747 224.907 0.269231 1
36.1768 227.841 0.021097 1
23.106 223.691 0.0471204 1
14.4609 226.496 0.0182648 1
11.7883 229.18 0.144928 1
8.29478 222.629 0.0245399 1
2.25032 222.442 0.0235294 1
19.7596 215.962 0.0155039 1
137.711 61.7458 0.0327869 0
48.2694 213.89 0.220859 1
137.521 63.8189 0.00740741 0
137.521 63.8189 0.220779 0
137.521 63.8189 0.0327869 0
137.521 63.8189 0.0873786 0
37.1907 133.383 0.333333 1
60.6828 161.567 0.128492 0
1.66793 166.914 0.150235 1
60.6587 169.191 0.1 0
60.6587 169.191 0.00543478 0
60.6587 169.191 0.0598802 0
60.6587 169.191 0.128492 0
60.6587 169.191 0.1 0
34.1311 317.372 0.00746269 1
18.4013 326.896 0.00714286 1
59.528 166.715 0.00552486 0
59.528 166.715 0.00543478 0
23.7243 322.02 0.0198676 1
43.0643 329.236 0.11413 1
32.4337 328.648 0.00571429 1
37.39 319.467 0.0309278 1
11.6831 328.354 0.28972 1
18.589 323.888 0.36 1
2.80102 279.044 0.016 1
68.6967 264.868 0.303279 1
23.2204 327.095 0.112583 1
5.12365 341.583 0.184932 1
25.7929 324.853 0.0375 1
2.67586 339.097 0.253012 1
48.6978 317.497 0.139535 0
17.2798 594.337 0.103448 0
17.2798 594.337 0.0115607 0
21.8159 29.8994 0.196581 1
38.6149 60.5609 0.307692 1
22.3777 85.294 0.0275862 0
21.853 527.882 0.0172414 0
21.853 527.882 0.105634 0
21.853 527.882 0.00588235 0
22.3777 85.294 0.0140845 0
10.1033 613.176 0.0138889 1
41.5636 605.555 0.0520231 1
21.9547 526.823 0.0115607 0
21.9547 526.823 0.00588235 0
21.9547 526.823 0.00625 0
21.9547 526.823 0.00537634 0
10.4316 621.863 0.00571429 1
22.4987 635.117 0.00510204 1
11.2425 632.919 0.0253807 1
11.695 627.072 0.0163043 1
26.1902 644.269 0.0872093 1
40.7224 642.703 0.0516129 1
50.8444 646.434 0.0366492 1
50.488 649.25 0.0758294 1
53.4657 650.444 0.0191083 1
40.5401 631.348 0.00694444 1
53.7762 648.896 0.0591133 1
48.281 633.547 0.0382166 1
20.3023 598.112 0.0197368 1
92.0257 539.454 0.0597015 1
9.72773 611.578 0.291866 1
13.1948 569.511 0.0888889 1
24.9178 226.608 0.314136 1
32.7327 227.179 0.0625 1
31.9138 233.009 0.00823045 1
21.0388 234.07 0.210227 1
17.5438 232.606 0.0129032 1
8.13113 230.358 0.355556 1
9.02298 233.589 0.0134228 1
7.46085 231.717 0.00628931 1
3.94771 221.72 0.152439 1
137.186 63.7629 0.0873786 0
137.186 63.7629 0.0192308 0
40.2612 217.264 0.261745 1
74.1052 209 0.0810811 1
136.95 67.2009 0.0192308 0
10.1407 162.958 0.147287 1
136.284 70.5008 0.15493 0
5.00746 155.484 0.0384615 1
25.7951 150.195 0.0350877 0
64.1441 188.89 0.0519481 0
25.7951 150.195 0.100559 0
64.1441 188.89 0.0519481 0
38.4673 339.085 0.0215827 1
12.258 341.768 0.0824742 1
4.5516 338.872 0.00819672 1
5.79618 333.829 0.116071 1
31.5174 342.365 0.330882 1
46.4807 343.969 0.366667 1
49.6516 331.728 0.00617284 1
12.6466 316.809 0.104895 1
35.2401 330.8 0.379845 1
36.2363 307.645 0.185714 1
35.0601 293.895 0.0555556 1
40.2995 310.211 0.241379 1
25.6186 333.286 0.178571 1
7.74732 327.619 0.0591398 1
19.1097 334.628 0.0490798 1
79.5669 216.384 0.139535 0
20.3442 518.753 0.00625 0
20.3442 518.753 0.00757576 0
18.7626 92.7967 0.0833333 1
37.8228 126.424 0.00662252 1
32.164 506.772 0.00537634 0
32.164 506.772 0.107595 0
6.50452 121.116 0.00869565 1
32.2351 508.778 0.0275862 0
32.2351 508.778 0.0140845 0
32.2351 508.778 0.00757576 0
32.2351 508.778 0.107595 0
32.2351 508.778 0.0223464 0
32.2351 508.778 0.196581 0
13.563 625.748 0.0785714 0
31.7536 630.425 0.0128205 1
32.1604 508.425 0.0684932 0
13.4903 625.396 0.0532544 0
36.7547 585.88 0.0363636 1
32.2213 508.211 0.0769231 0
13.5403 625.182 0.0944882 0
13.5403 625.182 0.0115607 0
13.5403 625.182 0.00574713 0
60.6284 613.158 0.00588235 1
38.7838 632.41 0.103659 1
15.9722 623.398 0.0331126 1
53.5786 595.597 0.023622 1
31.9985 632.388 0.143646 1
10.4118 610.608 0.0254777 1
47.1642 551.927 0.0291262 1
33.9409 633.268 0.0597015 1
5.83964 610.782 0.00578035 1
64.9356 58.6016 0.230769 1
129.789 398.469 0.0561798 1
13.3349 629.313 0.0190476 1
5.16608 619.684 0.00970874 1
40.0167 595.079 0.101852 1
130.413 510.826 0.0289855 1
46.143 545.529 0.121547 1
39.5869 230.554 0.207407 1
40.1437 240.243 0.00529101 1
31.9415 243.933 0.0225989 1
24.9566 246.439 0.0652174 1
12.9502 242.298 0.0189573 1
5.51187 244.829 0.105263 1
14.4001 241.213 0.241379 1
20.1642 236.264 0.0130719 1
33.614 237.846 0.29932 1
136.858 83.2053 0.15493 0
94.7791 212.564 0.0291262 1
115.326 252.139 0.0826446 0
21.6016 152.696 0.0703125 1
65.0559 182.577 0.0350877 0
65.0559 182.577 0.100559 0
76.5149 84.6873 0.00684932 0
65.0559 182.577 0.170732 0
28.2208 334.46 0.380645 1
28.1843 336.15 0.0125786 1
12.2287 334.929 0.216667 1
34.302 334.43 0.0846154 1
48.4492 327.726 0.125 1
54.2736 337.333 0.0705128 1
80.3851 326.929 0.00943396 1
64.2283 358.012 0.380531 1
65.8517 346.423 0.308943 1
40.5812 379.39 0.224 1
43.3405 383.898 0.121495 1
20.7144 358.256 0.025641 1
21.0896 352.118 0.046729 1
19.2246 357.06 0.118012 1
19.8009 390.518 0.256637 1
6.67913 387.183 0.0153846 1
23.4032 363.623 0.136691 1
97.9501 255.826 0.25 0
12.0622 133.219 0.129412 1
3.74141 121.469 0.0283019 1
33.5257 525.394 0.0223464 0
15.4202 121.092 0.112426 1
20.0167 129.981 0.27897 1
37.347 529.481 0.196581 0
37.347 529.481 0.0684932 0
37.347 529.481 0.0769231 0
25.0802 105.491 0.134021 1
36.146 527.877 0.115044 0
36.146 527.877 0.0645161 0
10.0192 114.247 0.0254237 1
36.708 530.441 0.0785714 0
36.708 530.441 0.0532544 0
36.708 530.441 0.0944882 0
36.708 530.441 0.0115607 0
36.708 530.441 0.00574713 0
36.708 530.441 0.345588 0
36.708 530.441 0.241379 0
57.2951 67.9838 0.0447761 0
36.708 530.441 0.115044 0
36.708 530.441 0.345588 0
36.708 530.441 0.0821918 0
36.708 530.441 0.0047619 0
36.708 530.441 0.242038 0
22.7833 598.424 0.08 1
36.7515 529.982 0.0645161 0
36.7515 529.982 0.241379 0
36.7515 529.982 0.00729927 0
31.5203 633.577 0.458599 1
17.7711 625.462 0.0431034 1
36.5815 618.772 0.025641 1
50.1617 636.134 0.0704225 1
30.8985 584.335 0.029703 1
46.2712 648.346 0.0473684 1
40.1554 647.331 0.010929 1
48.2871 643.303 0.0118343 1
40.3433 650.415 0.00689655 1
24.1302 643.338 0.0805369 1
36.6219 651.79 0.00613497 1
14.9481 601.427 0.0210526 1
15.9016 543.632 0.144578 1
27.6377 254.658 0.0119048 1
36.9126 259.266 0.0978261 1
27.6947 262.408 0.00571429 1
26.9678 263.979 0.181102 1
22.3857 264.662 0.0233918 1
8.39067 254 0.339713 1
9.23398 257.138 0.0358974 1
29.4892 256.587 0.0362319 1
56.8915 246.88 0.0625 1
73.4557 130.673 0.00684932 0
135.83 101.322 0.157534 0
127.447 254.846 0.0596026 0
83.1812 204.975 0.0827586 0
135.83 101.322 0.0826446 0
68.6813 231.995 0.170732 0
135.83 101.322 0.157534 0
68.6813 231.995 0.0129032 0
135.83 101.322 0.0142857 0
9.42562 153.525 0.597633 1
54.2473 100.379 0.0552147 0
68.1819 235.269 0.0129032 0
68.1819 235.269 0.00625 0
15.4175 335.648 0.012987 1
6.25606 374.952 0.123377 1
34.6172 376.967 0.425414 1
14.9652 383.686 0.208122 1
17.46 381.167 0.0666667 1
28.5288 381.335 0.0714286 1
30.4473 382.754 0.0136054 1
10.182 369.781 0.00558659 1
23.9383 374.05 0.111111 1
28.5388 358.624 0.282258 1
9.13612 361.121 0.0902256 1
12.7311 360.661 0.0294118 1
11.5949 368.969 0.0875 1
16.2068 365.259 0.208 1
104.187 250.99 0.25 0
9.79547 123.63 0.0693069 1
10.0864 115.294 0.0454545 1
14.0672 113.395 0.188406 1
16.4158 122.04 0.00595238 1
38.5726 533.082 0.0821918 0
38.5726 533.082 0.0047619 0
14.9361 116.672 0.372385 1
11.5884 110.694 0.00746269 1
40.4885 537.129 0.242038 0
40.4885 537.129 0.00729927 0
40.4885 537.129 0.0709677 0
11.5813 97.6724 0.125828 1
42.8365 73.8798 0.0060241 0
40.1578 537.788 0.0447761 0
40.1578 537.788 0.0709677 0
40.1578 537.788 0.00480769 0
40.1578 537.788 0.138889 0
9.62516 611.667 0.113208 1
40.1619 537.076 0.0292398 0
49.473 599.178 0.0943396 1
23.4146 589.965 0.120482 1
11.5607 613.01 0.26087 1
32.8062 628.687 0.0742857 1
25.6184 636.668 0.0931677 1
20.283 618.318 0.0127389 1
47.3935 640.868 0.150485 1
28.3944 643.695 0.062201 1
48.6545 642.786 0.0246305 1
40.6182 640.738 0.0227273 1
25.7643 645.461 0.0472441 1
23.3319 636.963 0.0198676 1
29.4154 633.337 0.133721 1
48.0913 629.16 0.0442478 1
34.0904 264.453 0.387931 1
32.849 260.422 0.015873 1
23.5622 266.257 0.00458716 1
16.989 262.072 0.00740741 1
17.7672 266.428 0.00606061 1
13.3459 263.51 0.165049 1
6.86286 252.021 0.0954774 1
43.7021 250.965 0.121951 1
135.657 105.759 0.0142857 0
68.7048 214.544 0.0434783 1
135.424 109.935 0.0596026 0
69.5931 217.994 0.00625 0
69.5931 217.994 0.00595238 0
36.3873 137.024 0.0308642 0
72.2307 108.06 0.0827586 0
69.5931 217.994 0.0552147 0
69.5931 217.994 0.00595238 0
72.2307 108.06 0.0434783 0
33.8912 355.018 0.262821 1
9.64538 361.589 0.0993789 1
16.8195 356.632 0.0517241 1
5.39172 359.943 0.141892 1
8.15366 361.565 0.0136054 1
23.3996 358.186 0.10084 1
24.0793 358.229 0.0245902 1
40.6713 356.753 0.0620155 1
37.9931 368.765 0.0463576 1
41.3237 354.045 0.026178 1
9.23271 351.273 0.228571 1
3.92381 367.065 0.1 1
39.1599 341.504 0.0642857 1
4.34668 349.115 0.0368098 1
65.7877 322.393 0.032 1
33.8435 340.541 0.0916031 1
7.25895 361.556 0.0855263 1
43.2265 331.446 0.117647 1
5.27685 106.995 0.168317 1
11.8295 109.458 0.0100503 1
109.423 263.612 0.116667 0
12.2318 107.798 0.0361446 1
6.15291 97.5419 0.107143 1
5.46524 91.2475 0.00555556 1
40.5042 537.928 0.00480769 0
37.7983 49.947 0.0696517 1
4.19174 92.4049 0.208696 1
39.7419 531.544 0.138889 0
39.7419 531.544 0.0292398 0
39.7419 531.544 0.2 0
39.7419 531.544 0.0078125 0
19.4982 93.6119 0.0125 0
39.7419 531.544 0.0060241 0
39.7419 531.544 0.2 0
39.7419 531.544 0.0526316 0
39.7419 531.544 0.0165746 0
22.2895 625.156 0.0342857 1
39.6857 531.036 0.0078125 0
50.3221 634.647 0.0691824 1
28.2618 606.655 0.147436 1
27.1879 634.526 0.008 1
46.0362 635.831 0.079602 1
49.2629 638.694 0.01 1
32.0444 635.964 0.0754717 1
18.5133 635.889 0.325153 1
30.089 636.961 0.00598802 1
13.1747 640.584 0.00862069 1
17.2772 640.886 0.0848485 1
30.9533 639.309 0.0209424 1
42.9384 631.867 0.108974 1
23.8162 264.246 0.0241935 1
31.3013 266.427 0.102151 1
30.5746 270.153 0.0764706 1
26.3903 268.335 0.0402299 1
21.6856 268.018 0.0168539 1
6.84803 269.063 0.337079 1
3.10601 264.388 0.137363 1
27.0485 241.608 0.149425 1
61.4241 259.406 0.141304 1
51.1116 266.832 0.0438596 1
72.7045 100.101 0.0434783 0
72.7045 100.101 0.0451613 0
33.1121 262.4 0.0180723 1
60.7293 245.939 0.0704225 1
69.1198 212.679 0.0308642 0
72.4863 97.9247 0.0451613 0
72.4863 97.9247 0.124088 0
20.5112 351.025 0.0382166 1
72.5913 97.0631 0.084507 0
39.049 345.902 0.056962 0
39.049 345.902 0.0214286 0
51.8419 354.992 0.00757576 1
42.4635 324.845 0.328467 1
7.55723 347.667 0.08 1
54.4488 360.703 0.165414 1
26.7668 361.558 0.150289 1
8.74454 354.408 0.00746269 1
10.9246 362.968 0.0852713 1
21.7518 353.858 0.00588235 1
41.181 345.986 0.0186335 1
53.0849 351.776 0.0165289 0
108.757 262.114 0.0227273 0
53.0849 351.776 0.0882353 0
78.4441 355.643 0.0759494 0
87.3741 355.52 0.0752688 0
108.757 262.114 0.0227273 0
21.9163 93.4062 0.477477 1
11.7681 109.551 0.0052356 1
8.36849 107.759 0.0472973 1
109.263 263.838 0.116667 0
109.263 263.838 0.181818 0
11.8683 109.522 0.364754 1
4.86465 100.004 0.0149254 1
15.1419 97.8909 0.0377358 1
24.0644 75.9534 0.137931 1
44.7437 83.0545 0.0980392 0
89.7644 78.1475 0.0173913 0
77.1802 70.5635 0.0423729 0
38.6888 527.909 0.0526316 0
38.6888 527.909 0.0165746 0
38.6888 527.909 0.139785 0
77.1802 70.5635 0.028777 0
57.548 83.6993 0.0551724 0
6.72129 90.543 0.0880829 0
38.7234 90.6892 0.03 0
38.6888 527.909 0.0125 0
38.6888 527.909 0.139785 0
39.4984 598.473 0.0075188 1
20.3727 611.514 0.129496 1
44.8876 618.062 0.272727 1
8.11696 617.993 0.469072 1
46.2425 631.666 0.177083 1
38.9006 635.336 0.0343348 1
29.8027 625.045 0.0106952 1
38.5533 630.67 0.0625 1
23.2169 630.811 0.229947 1
13.6776 634.534 0.01875 1
19.1893 632.683 0.0416667 1
19.8743 635.389 0.00877193 1
23.1034 634.972 0.235955 1
39.2529 623.156 0.325301 1
35.4923 271.074 0.0263158 1
25.5827 273.506 0.075188 1
16.2376 276.067 0.0372671 1
11.8891 273.886 0.0255102 1
7.92651 276.091 0.0915493 1
7.78342 269.271 0.210526 1
13.7655 265.92 0.159574 1
43.346 267.504 0.0738255 1
41.1587 270.309 0.027933 1
24.7964 267.275 0.236486 1
72.8245 98.2076 0.124088 0
72.8245 98.2076 0.084507 0
35.6638 250.182 0.185714 1
72.7384 97.8138 0.00694444 0
104.075 249.42 0.0178571 1
56.5082 267.962 0.0254777 1
72.4008 86.816 0.056962 0
72.4008 86.816 0.0214286 0
72.4008 86.816 0.04375 0
72.4008 86.816 0.00694444 0
72.4008 86.816 0.04375 0
72.4008 86.816 0.265152 0
72.4008 86.816 0.0112994 0
77.4091 368.485 0.0125 1
72.8823 92.9904 0.0964912 0
68.025 363.359 0.414062 1
86.7939 377.13 0.00729927 1
60.6076 385.66 0.00746269 1
45.4922 376.5 0.0193548 1
21.4 371.861 0.0482759 1
2.36014 365.159 0.0689655 1
25.8948 362.382 0.0636364 1
50.8125 374.346 0.132075 0
55.8172 374.578 0.161616 0
66.2134 375.327 0.0289855 0
50.8125 374.346 0.026087 0
55.8172 374.578 0.00925926 0
66.2134 375.327 0.00680272 0
50.8125 374.346 0.0165289 0
50.8125 374.346 0.0882353 0
50.8125 374.346 0.132075 0
50.8125 374.346 0.026087 0
25.5703 3.86716 0.038961 1
5.55427 40.2596 0.22449 1
65.4664 342.562 0.0759494 0
42.4943 41.6271 0.0620155 1
37.542 106.009 0.0448718 1
11.5406 128.611 0.0618557 1
106.684 286.648 0.0752688 0
106.684 286.648 0.181818 0
7.80126 22.6927 0.036036 1
4.12622 108.939 0.0638298 1
25.3283 85.6327 0.010101 0
25.3283 85.6327 0.0451613 0
25.3283 85.6327 0.0693069 0
77.4072 93.7411 0.0220588 0
35.7201 85.0781 0.258065 1
69.6859 90.481 0.0142857 0
43.3251 92.2275 0.0143885 0
88.3426 87.3205 0.019802 0
76.9781 95.243 0.025641 0
69.6859 90.481 0.01875 0
43.3251 92.2275 0.0980392 0
43.3251 92.2275 0.0143885 0
43.3251 92.2275 0.126761 0
45.5706 4.90705 0.211864 1
24.8081 498.776 0.0661157 1
41.9913 607.012 0.00578035 1
36.5763 511.595 0.0384615 0
63.1434 599.294 0.0129032 1
34.6061 602.322 0.225989 1
9.41637 580.429 0.0470588 1
26.9754 604.529 0.197802 1
36.8357 510.266 0.126761 0
36.8357 510.266 0.0480769 0
36.8357 510.266 0.00934579 0
36.8357 510.266 0.0306748 0
36.8357 510.266 0.0320513 0
36.8357 510.266 0.0119048 0
36.8357 510.266 0.0173913 0
36.8357 510.266 0.019802 0
36.8357 510.266 0.0480769 0
36.8357 510.266 0.0423729 0
36.8357 510.266 0.028777 0
36.8357 510.266 0.00934579 0
17.7607 611.897 0.0204082 1
36.7824 509.51 0.0551724 0
27.4531 594.665 0.0277778 1
14.6571 619.658 0.00591716 1
36.6627 508.316 0.0880829 0
36.6627 508.316 0.03 0
32.46 600.858 0.172093 1
16.5521 614.348 0.0204082 1
14.3037 620.626 0.125 1
14.5015 625.829 0.163636 1
13.1367 627.543 0.10596 1
15.7831 627.341 0.21978 1
13.8446 625.089 0.00561798 1
20.4775 621.238 0.0145985 1
37.0447 604.373 0.138298 1
29.7954 286.353 0.222973 1
11.9645 282.624 0.034188 1
21.39 286.068 0.264706 1
16.339 285.883 0.0777778 1
16.9734 286.991 0.105263 1
5.88948 286.14 0.0416667 1
32.267 279.361 0.0650888 1
11.5149 283.872 0.0268456 1
31.2178 283.472 0.0858896 1
48.3864 277.623 0.038961 1
74.37 108.79 0.265152 0
74.37 108.79 0.0964912 0
74.37 108.79 0.0526316 0
71.3496 261.058 0.198347 1
74.2318 106.432 0.0112994 0
74.2318 106.432 0.0526316 0
86.5022 383.749 0.0214286 0
97.1875 395.577 0.0060241 0
86.5022 383.749 0.0738255 0
97.1875 395.577 0.0628571 0
89.8737 390.746 0.0672269 0
89.8737 390.746 0.0258621 0
83.8662 386.642 0.00943396 0
83.8662 386.642 0.0631579 0
37.5793 372.697 0.0727273 1
55.6491 374.726 0.138462 0
70.1875 370.817 0.175 0
87.7904 384.296 0.0232558 0
55.6491 374.726 0.161616 0
55.6491 374.726 0.00925926 0
55.6491 374.726 0.138462 0
40.8901 17.7029 0.0666667 1
21.2039 44.9938 0.0769231 1
17.7175 108.389 0.0547945 1
17.3948 112.863 0.0238095 1
3.02523 117.339 0.35461 1
104.151 277.051 0.0289855 0
104.151 277.051 0.00680272 0
9.43259 110.437 0.0126582 1
19.667 109.284 0.0294118 1
6.10784 110.304 0.235669 1
24.0016 86.1908 0.172727 0
70.3507 83.6744 0.048 0
40.9176 89.9901 0.12766 0
24.0016 86.1908 0.010101 0
24.0016 86.1908 0.0451613 0
24.0016 86.1908 0.0693069 0
24.0016 86.1908 0.172727 0
14.641 589.889 0.0193548 1
35.4138 503.325 0.027027 0
35.4138 503.325 0.00757576 0
36.552 587 0.162963 1
11.2403 593.124 0.237374 1
20.181 598.837 0.162304 1
35.5436 501.331 0.0220588 0
35.5436 501.331 0.025641 0
35.5436 501.331 0.14966 0
13.0302 590.218 0.179775 1
21.5406 594.113 0.0229885 1
35.5122 500.333 0.0384615 0
35.5122 500.333 0.14966 0
35.5122 500.333 0.0697674 0
35.5122 500.333 0.112583 0
35.5122 500.333 0.0314961 0
35.5122 500.333 0.0327869 0
35.5122 500.333 0.0518519 0
35.5122 500.333 0.0381679 0
47.9806 90.4925 0.0171429 0
35.5122 500.333 0.0697674 0
16.508 590.826 0.025 1
35.5494 499.455 0.0142857 0
35.5494 499.455 0.01875 0
35.5494 499.455 0.0306748 0
35.5494 499.455 0.112583 0
35.5494 499.455 0.0320513 0
14.2527 602.359 0.1875 1
14.0609 607.12 0.0772947 1
28.1218 599.598 0.0422535 1
10.6698 599.746 0.00606061 1
35.5897 497.378 0.0119048 0
4.13436 600.397 0.130435 1
20.8195 595.456 0.0163934 1
29.1415 578.98 0.0172414 1
9.64077 610.055 0.0152284 1
12.5529 601.689 0.00531915 1
9.45863 614.06 0.045977 1
11.2042 614.144 0.0379747 1
8.80659 612.241 0.467249 1
11.0608 613.096 0.0685714 1
8.70018 609.329 0.0359712 1
9.38402 611.661 0.13 1
12.4827 604.499 0.10396 1
24.0163 290.025 0.139303 1
27.9156 288.102 0.0536913 1
12.7487 283.724 0.131579 1
5.92738 288.734 0.00746269 1
11.0427 289.147 0.242604 1
13.1926 291.342 0.1 1
10.3051 291.176 0.0714286 1
8.22091 282.514 0.122449 1
3.39816 284.692 0.0447761 1
14.3296 283.054 0.0078125 1
22.1572 284.882 0.169014 1
16.04 282.463 0.0197368 1
33.4633 276.85 0.0891089 1
41.437 279.403 0.0619048 1
119.707 264.011 0.0420168 1
92.8053 285.123 0.0833333 1
154.516 294.477 0.120968 0
84.9111 294.723 0.0789474 1
136.437 289.092 0.297297 0
86.3357 383.897 0.0214286 0
86.3357 383.897 0.0738255 0
154.45 295.941 0.120968 0
11.0268 11.8287 0.0393258 1
160.781 291.3 0.024 0
24.3709 2.20804 0.417266 1
0.868135 39.148 0.139394 1
88.4616 352.728 0.0060241 0
88.4616 352.728 0.0628571 0
4.39162 38.1667 0.128378 1
11.802 39.6523 0.079602 1
2.7063 25.5711 0.03125 1
91.3582 354.942 0.0672269 0
91.3582 354.942 0.0258621 0
10.0404 31.8479 0.097561 1
90.8384 355.083 0.00943396 0
90.8384 355.083 0.0631579 0
90.8384 355.083 0.0114943 0
21.6632 15.7343 0.155844 1
13.2013 43.3269 0.0137931 1
91.5658 347.136 0.0114943 0
91.5658 347.136 0.0869565 0
91.5658 347.136 0.175 0
91.5658 347.136 0.0869565 0
13.4413 68.5679 0.25 1
101.639 282.643 0.0232558 0
8.7937 110.378 0.0645161 1
6.17104 111.918 0.191011 1
12.38 113.7 0.314465 1
8.07333 108.234 0.134078 1
2.72559 109.436 0.138462 1
8.76255 103.088 0.0060241 1
13.6981 93.6331 0.110497 1
33.738 498.562 0.027027 0
33.738 498.562 0.132275 0
31.2951 94.1308 0.113333 1
59.6701 74.9902 0.0305344 0
33.2996 497.126 0.00757576 0
33.2996 497.126 0.0428571 0
33.2996 497.126 0.048 0
33.2996 497.126 0.0314961 0
29.0873 572.116 0.0322581 1
41.7817 558.824 0.0886076 1
16.2083 574.485 0.013245 1
33.4261 496.156 0.12766 0
33.4261 496.156 0.132275 0
33.4261 496.156 0.0428571 0
33.4261 496.156 0.07173 0
33.4261 496.156 0.0327869 0
33.4261 496.156 0.0518519 0
33.4261 496.156 0.0381679 0
33.4261 496.156 0.0171429 0
62.1145 597.259 0.0233918 0
52.5371 605.027 0.0097561 0
44.5976 600.16 0.0234742 0
52.5371 605.027 0.0101523 0
44.5976 600.16 0.0341463 0
54.6124 597.242 0.0153846 0
44.5976 600.16 0.0285714 0
54.6124 597.242 0.123077 0
70.0179 577.776 0.00724638 0
41.1555 587.264 0.0721649 1
7.55575 595.397 0.0155039 1
69.9698 577.182 0.0264901 0
12.1452 605.511 0.012987 1
31.93 593.587 0.229885 1
13.3014 596.589 0.0193548 1
23.4607 597.474 0.181102 1
10.3029 604.146 0.00480769 1
9.29771 603.391 0.00769231 1
8.61339 603.182 0.04 1
20.3521 307.607 0.26699 1
24.5228 306.187 0.0144231 1
19.1953 310.235 0.0137931 1
17.1358 310.526 0.00961538 1
17.2366 307.42 0.00632911 1
7.09509 302.202 0.0802469 1
1.13094 298.935 0.00632911 1
20.7197 305.849 0.0869565 1
24.71 304.996 0.0232558 1
26.526 304.267 0.0268456 1
22.0025 300.847 0.214724 1
53.4251 298.725 0.0319149 1
64.83 299.422 0.0107527 1
170.222 199.44 0.024 0
170.222 199.44 0.107143 0
75.391 300.728 0.141509 1
170.089 201.661 0.010989 0
61.0064 292.086 0.120879 1
88.6507 282.252 0.152778 1
109.105 293.574 0.0175439 1
169.76 208.633 0.297297 0
169.76 208.633 0.107143 0
169.76 208.633 0.010989 0
169.76 208.633 0.00833333 0
169.76 208.633 0.00793651 0
169.76 208.633 0.0654206 0
169.76 208.633 0.0225564 0
169.76 208.633 0.0508475 0
36.4715 82.5277 0.106195 1
169.641 208.009 0.0344828 0
37.2725 89.9438 0.0238095 0
37.2725 89.9438 0.00740741 0
11.9091 97.4722 0.0604027 1
3.23811 106.145 0.100592 1
24.9526 80.529 0.111111 1
31.0946 82.2732 0.0814815 1
56.6306 78.5324 0.0833333 0
67.7769 89.1395 0.0186335 0
9.75908 93.6607 0.144578 0
32.9929 490.411 0.07173 0
32.9929 490.411 0.0502793 0
56.6306 78.5324 0.370629 0
67.7769 89.1395 0.0116279 0
9.75908 93.6607 0.322034 0
32.9929 490.411 0.0305344 0
32.9929 490.411 0.0502793 0
30.2287 576.245 0.0359712 1
26.4425 568.564 0.0483871 1
25.6603 583.516 0.0253165 1
49.441 580.097 0.00689655 1
38.3259 559.569 0.0172414 1
67.8532 552.298 0.00806452 1
25.2567 573.5 0.0253807 1
35.8914 593.223 0.05 0
45.6925 590.259 0.00510204 0
61.7707 590.489 0.0233918 0
9.82797 7.76796 0.423077 1
12.2868 12.3761 0.0217391 1
5.391 26.3473 0.015625 1
6.00851 24.0428 0.0833333 1
8.77673 32.5423 0.0138889 1
48.4233 564.302 0.0097561 0
48.4233 564.302 0.0101523 0
13.2945 28.9217 0.0060241 1
46.8157 559.606 0.0234742 0
46.8157 559.606 0.0341463 0
46.8157 559.606 0.0285714 0
46.8157 559.606 0.0153846 0
46.8157 559.606 0.123077 0
26.1024 11.3996 0.10119 1
8.01471 74.2193 0.196721 1
51.6195 524.395 0.00724638 0
51.6195 524.395 0.0264901 0
51.6195 524.395 0.259259 0
13.031 58.5121 0.08 1
51.2994 524.54 0.259259 0
51.2994 524.54 0.00666667 0
51.2994 524.54 0.130952 0
8.96858 592.377 0.0111111 1
18.1089 601.836 0.195312 1
9.71942 596.717 0.302632 1
17.5254 599.371 0.0851064 1
14.7477 596.693 0.0234375 1
9.72182 594.178 0.0927152 1
9.66837 594.588 0.0545455 1
13.0664 595.815 0.00568182 1
13.6226 593.671 0.125 1
17.5576 593.904 0.328042 1
22.289 587.702 0.044586 1
12.2757 566.805 0.0184049 1
42.3245 579.231 0.188235 1
18.2547 319.045 0.282895 1
10.6535 315.804 0.00719424 1
23.5443 313.886 0.190789 1
22.3114 320.054 0.0555556 1
16.2978 319.76 0.00574713 1
15.6188 318.677 0.0805369 1
19.1043 317.912 0.013245 1
14.5033 314.758 0.0440252 1
5.8472 312.258 0.0159574 1
14.6677 313.898 0.0352941 1
20.5749 310.439 0.116129 1
30.9173 308.537 0.0189873 1
41.0129 312.46 0.0120482 1
40.934 307.485 0.0111111 1
169.096 206.663 0.00833333 0
169.096 206.663 0.00793651 0
46.1548 294.909 0.0734463 1
58.9083 301.89 0.0352113 1
168.796 209.188 0.0654206 0
168.796 209.188 0.0225564 0
168.796 209.188 0.0735294 0
168.796 209.188 0.0508475 0
168.796 209.188 0.0344828 0
168.796 209.188 0.188679 0
86.6997 296.924 0.056338 1
68.8519 311.172 0.00787402 1
168.512 213.46 0.0735294 0
168.512 213.46 0.188679 0
168.512 213.46 0.0757576 0
36.7408 90.2661 0.0238095 0
36.7408 90.2661 0.00740741 0
36.7408 90.2661 0.318182 0
36.7408 90.2661 0.015873 0
132.359 303.726 0.0882353 1
82.5004 312.752 0.0384615 1
108.668 315.031 0.419355 1
168.166 228.32 0.318182 0
168.166 228.32 0.131579 0
168.166 228.32 0.015873 0
168.166 228.32 0.0821918 0
87.5014 82.9567 0.135922 0
33.2925 480.633 0.144444 0
118.731 102.517 0.00625 0
94.0763 77.305 0.131868 0
33.2925 480.633 0.0833333 0
33.2925 480.633 0.370629 0
33.2925 480.633 0.144444 0
38.9621 569.772 0.034188 0
63.1623 557.938 0.0561798 0
60.0189 574.735 0.0263158 0
67.7769 89.1395 0.0186335 0
67.7769 89.1395 0.0116279 0
38.9621 569.772 0.034188 0
38.9621 569.772 0.0198676 0
38.9621 569.772 0.0144928 0
22.5753 4.96284 0.412587 1
36.058 37.6088 0.321918 0
22.0884 44.2868 0.01875 0
33.2925 480.633 0.144578 0
33.2925 480.633 0.322034 0
49.1158 528.1 0.0198676 0
22.059 565.709 0.18543 1
49.0817 527.575 0.0144928 0
53.8834 571.862 0.427632 1
35.5478 568.859 0.0878378 0
62.1293 549.544 0.164286 1
51.0673 516.407 0.0078125 0
40.0834 584.225 0.00775194 0
51.0673 516.407 0.272727 0
51.0673 516.407 0.0299145 0
35.4892 569.022 0.0833333 0
40.0834 584.225 0.0954774 0
51.0673 516.407 0.05 0
51.0673 516.407 0.0078125 0
51.0673 516.407 0.272727 0
11.7691 67.818 0.295858 1
0.635159 67.9323 0.0208333 1
50.0964 521.529 0.00510204 0
50.0964 521.529 0.0299145 0
1.06892 69.7296 0.0776699 1
1.6648 64.5516 0.0424528 1
49.9724 527.454 0.00666667 0
11.2978 60.0681 0.2 1
50.6197 527.63 0.130952 0
50.6197 527.63 0.0875 0
15.8561 58.0268 0.25 0
34.8007 45.5383 0.130435 0
50.6197 527.63 0.0875 0
20.7233 573.168 0.142857 1
11.5113 577.478 0.0234375 1
12.0164 590.474 0.0988372 1
8.23496 583.135 0.033557 1
9.73439 586.775 0.0551724 1
13.3908 588.972 0.151515 1
9.65292 579.826 0.0416667 1
14.5111 569.286 0.015748 1
22.9935 568.616 0.00847458 1
28.7487 577.355 0.0261438 1
31.526 553.1 0.0526316 1
14.9682 337.756 0.168067 1
17.7922 340.127 0.164773 1
21.8047 339.066 0.00671141 1
14.6295 341.082 0.00390625 1
10.7399 338.893 0.192771 1
12.05 339.135 0.226891 1
16.4078 337.346 0.0880503 1
8.93772 337.494 0.0254777 1
2.28292 337.12 0.0358974 1
1.68267 337.144 0.0261438 1
9.00821 329.76 0.253247 1
13.5966 338.226 0.00606061 1
19.1054 336.496 0.0184049 1
25.1135 329.538 0.0123457 1
34.3902 331.029 0.176796 1
36.5428 325.308 0.00473934 1
45.5114 311.584 0.0826087 1
168.022 226.228 0.0757576 0
58.6085 330.106 0.0657895 1
37.6899 332.072 0.0514019 1
67.6103 331.863 0.0379147 1
80.6138 312.786 0.145833 1
167.449 232.495 0.131579 0
167.449 232.495 0.0821918 0
167.449 232.495 0.135922 0
57.7217 315.683 0.205479 1
118.731 102.517 0.00625 0
24.667 25.2122 0.157233 1
55.5678 282.27 0.0670103 1
36.884 336.878 0.0721154 1
28.3577 346.408 0.0150754 1
39.3078 340.409 0.495455 1
54.4547 328.754 0.257143 1
45.6261 337.322 0.0179372 1
166.617 237.718 0.131868 0
134.467 236.055 0.0561798 0
88.5042 285.185 0.0956522 1
134.178 230.33 0.0263158 0
134.178 230.33 0.0839161 0
67.7803 340.173 0.0434783 1
134.069 229.275 0.321918 0
134.069 229.275 0.0839161 0
134.069 229.275 0.00591716 0
49.8782 571.918 0.0166667 1
134.015 229.302 0.01875 0
35.3102 562.515 0.0638298 0
134.015 229.302 0.0193548 0
35.3102 562.515 0.0878378 0
35.3102 562.515 0.0833333 0
35.3102 562.515 0.0638298 0
35.3102 562.515 0.23 0
20.1798 41.3924 0.057554 1
49.7455 515.181 0.168317 0
4.88447 67.4169 0.0827068 1
8.46089 55.2845 0.00757576 1
49.9925 517.049 0.23 0
49.9925 517.049 0.0458015 0
134.015 229.302 0.00877193 0
49.9925 517.049 0.008 0
49.9925 517.049 0.016129 0
49.9925 517.049 0.00775194 0
49.9925 517.049 0.0954774 0
49.9925 517.049 0.0458015 0
5.30254 57.601 0.015873 1
17.184 21.8675 0.019802 1
27.4068 18.9242 0.0242424 1
6.17839 89.0365 0.0529801 1
25.3517 78.7077 0.170068 1
17.7253 88.1045 0.00729927 1
14.7903 88.437 0.03125 0
14.597 91.4629 0.265306 1
14.5723 88.4293 0.25 0
14.5723 88.4293 0.03125 0
55.9196 579.149 0.0581395 1
53.8742 490.797 0.160494 0
44.6329 563.102 0.306452 1
53.8472 490.789 0.130435 0
46.9878 522.145 0.021978 1
26.3151 559.217 0.0218978 1
61.4902 521.65 0.076087 1
43.9347 564.397 0.196429 1
17.4599 575.925 0.0133333 1
64.5825 548.814 0.0642202 1
73.4996 544.781 0.0277778 1
39.8916 563.611 0.195312 1
89.6563 531.771 0.010101 1
50.976 566.435 0.23913 1
71.0833 500.845 0.181034 1
18.1675 353.357 0.0138889 1
12.9601 353.355 0.161017 1
17.1807 351.756 0.130081 1
16.1839 355.608 0.0165975 1
20.0012 354.914 0.0833333 1
12.6067 355.657 0.0392157 1
14.232 354.449 0.0114286 1
7.38104 355.767 0.0251256 1
12.6426 348.506 0.0551724 1
1.92672 351.008 0.296875 1
7.65997 348.702 0.0526316 1
2.03722 349.742 0.04375 1
6.54205 353.11 0.33758 1
2.59393 349.569 0.0718563 1
13.2917 344.569 0.0621469 1
23.8334 343.01 0.0653595 1
27.6564 345.001 0.204918 1
25.3348 344.158 0.241228 1
43.1383 345.718 0.0309278 1
49.3898 345.631 0.00440529 1
44.0299 346.497 0.0197044 1
57.7967 345.452 0.428571 1
39.7658 343.128 0.0111111 1
21.7978 346.411 0.0883978 1
34.5697 348.391 0.00529101 1
29.8547 342.818 0.0546448 1
132.594 232.119 0.00591716 0
60.4549 342.664 0.0531915 1
53.1276 491.796 0.168317 0
132.476 231.162 0.13913 0
53.1276 491.796 0.00793651 0
53.1276 491.796 0.032 0
132.476 231.162 0.00719424 0
59.372 581.383 0.00680272 0
40.0891 580.251 0.1 0
49.6407 581.708 0.0114286 0
132.476 231.162 0.0193548 0
132.476 231.162 0.00877193 0
132.476 231.162 0.13913 0
80.2099 260.634 0.0273973 1
70.3772 395.888 0.25 1
90.8749 396.033 0.045045 1
80.281 398.396 0.0510204 1
127.906 181.503 0.008 0
127.906 181.503 0.00793651 0
66.353 397.235 0.0334928 1
74.6799 399.424 0.105556 1
127.545 179.068 0.016129 0
127.545 179.068 0.032 0
70.6621 395.282 0.0826446 1
67.52 400.475 0.0145631 1
49.3798 404.429 0.0506329 0
35.663 387.499 0.0220588 1
50.4087 392.878 0.03125 1
33.5255 371.871 0.030303 0
94.7336 548.024 0.0125 0
33.5255 371.871 0.232323 0
33.5255 371.871 0.103226 0
18.0573 2.68131 0.292683 1
78.1598 20.1062 0.0744681 1
32.3351 277.639 0.0309278 0
127.031 176.153 0.160494 0
13.7659 85.2146 0.030303 0
127.031 176.153 0.0246914 0
13.7659 85.2146 0.00806452 0
132.3 261.368 0.0125 0
127.031 176.153 0.0246914 0
127.031 176.153 0.0583942 0
132.3 261.368 0.0380952 0
96.0095 551.208 0.0786517 1
171.848 572.121 0.0193548 0
157.18 548.285 0.0166667 0
78.2599 525.187 0.0588235 1
125.568 549.817 0.119565 0
125.568 549.817 0.0481928 0
162.607 559.413 0.0212766 0
166.359 477.928 0.0827068 0
13.8498 404.608 0.120879 1
15.4049 410.161 0.0335196 1
19.6782 409.68 0.0806452 1
13.7177 409.644 0.0280374 1
16.1968 410.967 0.0970874 1
16.4489 410.926 0.010101 1
9.80016 410.772 0.0729167 1
12.4134 410.853 0.0660377 1
9.53638 409.218 0.145161 1
8.01062 407.108 0.104478 1
3.79931 405.655 0.0337079 1
9.37341 403.109 0.04 1
2.11757 401.636 0.405 1
9.38938 400.714 0.0239234 1
27.6858 401.642 0.0510204 1
13.9482 396.979 0.0214286 1
35.0544 401.679 0.0429448 1
24.5921 394.87 0.0511364 1
43.9168 395.316 0.00510204 1
49.6851 397.71 0.147368 1
9.48756 393.819 0.0182927 1
41.6979 396.294 0.0131579 1
47.9918 398.446 0.0478723 1
126.572 180.306 0.00719424 0
55.9361 402.804 0.005 1
126.418 179.356 0.00680272 0
76.5447 407.092 0.121693 1
70.8669 408.573 0.0414747 1
126.06 177.284 0.1 0
126.06 177.284 0.0114286 0
79.7685 404.048 0.0265957 1
56.9473 400.268 0.245399 1
77.0239 401.844 0.0606061 0
54.2513 402.621 0.186047 0
77.0239 401.844 0.100592 0
54.2513 402.621 0.0268817 0
48.256 406.216 0.0261438 0
54.2513 402.621 0.192771 0
60.7319 406.28 0.13253 0
48.256 406.216 0.0506329 0
48.256 406.216 0.0261438 0
6.05843 3.59427 0.229299 1
9.42391 8.98515 0.210191 1
18.8386 0.940645 0.135135 1
51.3296 359.009 0.00534759 0
51.3296 359.009 0.0070922 0
73.6524 374.923 0.0689655 0
14.215 86.1551 0.232323 0
14.215 86.1551 0.0564516 0
73.6524 374.923 0.00819672 0
20.6307 360.724 0.010101 0
14.215 86.1551 0.103226 0
125.906 176.287 0.0583942 0
14.215 86.1551 0.0444444 0
14.215 86.1551 0.00662252 0
73.6524 374.923 0.0449438 0
20.6307 360.724 0.0193548 0
49.2751 355.18 0.00552486 0
14.215 86.1551 0.00806452 0
132.118 262.442 0.0380952 0
14.215 86.1551 0.0564516 0
14.215 86.1551 0.0444444 0
32.3351 277.639 0.0245902 0
81.6269 288.767 0.0136986 1
44.4123 383.965 0.479675 1
40.4363 448.902 0.0481283 1
15.0036 410.097 0.154362 0
40.2103 416.192 0.0322581 0
34.9595 54.9174 0.00662252 0
74.2791 418.712 0.0967742 0
15.0036 410.097 0.0166667 0
40.2103 416.192 0.0873016 0
74.2791 418.712 0.0309278 0
74.2791 418.712 0.0245902 0
74.2791 418.712 0.0967742 0
74.2791 418.712 0.0103093 0
74.2791 418.712 0.00621118 0
86.8246 8.61431 0.0406504 0
34.2422 2.52 0.496124 1
37.7351 105.541 0.0671642 1
171.752 572.547 0.0193548 0
14.7405 23.8366 0.345946 1
166.242 529.335 0.0266667 0
4.9725 139.014 0.265306 1
6.70739 142.722 0.20398 1
22.2588 125.416 0.0424528 1
159.008 418.377 0.0166667 0
159.008 418.377 0.0956522 0
159.008 418.377 0.0151515 0
5.8714 125.89 0.04 0
159.008 418.377 0.0266667 0
159.008 418.377 0.0956522 0
159.008 418.377 0.0151515 0
125.568 549.817 0.125 0
154.197 544.266 0.0454545 0
125.568 549.817 0.119565 0
125.568 549.817 0.0481928 0
125.568 549.817 0.125 0
37.0713 9.59591 0.0723684 1
0.86337 66.0323 0.147541 1
20.1175 68.2101 0.0222222 1
31.3237 75.5961 0.0296296 0
1.85945 72.8227 0.0967742 1
151.092 480.396 0.0212766 0
10.4372 24.6 0.00534759 1
16.9953 4.26102 0.0432432 1
34.8442 124.024 0.015544 0
92.6894 6.0063 0.331126 0
154.254 425.392 0.0827068 0
92.6894 6.0063 0.0201342 0
7.63197 2.19005 0.368421 1
12.6775 2.78732 0.0272727 0
31.363 403.759 0.0909091 0
19.8886 400.972 0.102564 1
14.5014 408.171 0.184932 1
13.9849 410.925 0.111111 1
15.7955 409.586 0.00478469 1
9.59373 408.298 0.0117647 1
20.153 411.266 0.164634 1
14.8466 411.439 0.025641 1
13.7353 412.304 0.426471 1
14.7472 412.125 0.0182927 1
11.3883 409.335 0.0115607 1
17.3381 409.211 0.11875 1
13.3811 408.608 0.0487805 1
5.77329 409.664 0.0466321 1
2.51651 405.572 0.222222 1
4.37201 405.389 0.0216216 1
14.0329 406.938 0.0515464 1
17.4135 398.25 0.0318182 1
28.3021 401.544 0.0391061 1
18.783 396.849 0.0551724 1
24.9542 402.059 0.0666667 1
29.6613 393.088 0.0604396 1
60.8271 400.439 0.226994 1
54.0058 402.568 0.21134 1
65.7627 401.664 0.00632911 1
63.2232 405.607 0.296703 1
83.0895 406.752 0.298611 1
66.1924 399.787 0.206897 1
92.1961 405.169 0.00561798 1
76.3086 402.646 0.0606061 0
76.3086 402.646 0.100592 0
25.6964 42.8353 0.0457516 1
56.4327 325.228 0.00775194 0
32.0051 71.7214 0.401575 1
34.2363 103.313 0.028777 1
66.2428 259.711 0.186047 0
66.2428 259.711 0.0268817 0
66.2428 259.711 0.192771 0
66.2428 259.711 0.13253 0
66.2428 259.711 0.00534759 0
13.8794 139.53 0.0815217 1
63.4314 270.1 0.0070922 0
1.06313 106.898 0.00662252 1
34.2421 54.116 0.0689655 0
34.2421 54.116 0.00819672 0
34.2421 54.116 0.0449438 0
30.9655 336.923 0.111111 1
5.87565 339.806 0.0324324 1
52.2479 51.9775 0.010101 0
52.2479 51.9775 0.0193548 0
88.0521 190.913 0.0103093 0
14.2829 304.004 0.0483871 0
88.0521 190.913 0.00769231 0
24.2344 273.61 0.0185185 1
86.4811 193.808 0.00621118 0
13.2211 306.898 0.0212766 0
86.4811 193.808 0.0412371 0
45.2789 325.721 0.0344828 1
86.7952 256.982 0.00581395 0
48.5688 355.981 0.00552486 0
13.658 315.705 0.154362 0
13.658 315.705 0.0166667 0
81.418 113.09 0.0406504 0
13.658 315.705 0.0483871 0
13.658 315.705 0.0212766 0
81.418 113.09 0.230769 0
13.658 315.705 0.00531915 0
13.658 315.705 0.111702 0
87.7061 202.615 0.0322581 0
87.7061 202.615 0.0873016 0
87.7061 202.615 0.00769231 0
87.7061 202.615 0.0412371 0
81.418 113.09 0.230769 0
87.7061 202.615 0.00515464 0
87.7061 202.615 0.226804 0
26.7094 152.924 0.0454545 1
7.42924 64.8836 0.0142857 1
93.4139 192.247 0.0251256 0
11.0638 17.3831 0.0060241 0
41.3004 101.324 0.0764706 0
73.6421 97.0242 0.0322581 0
11.0638 17.3831 0.0169492 0
41.3004 101.324 0.254144 0
122.728 129.751 0.0137931 0
73.6421 97.0242 0.150602 0
11.0638 17.3831 0.04 0
154.254 425.392 0.0454545 0
11.0638 17.3831 0.0060241 0
11.0638 17.3831 0.0169492 0
34.8442 124.024 0.0306748 0
63.1345 79.6411 0.057554 0
34.8442 124.024 0.323864 0
112.263 112.368 0.0381679 0
63.1345 79.6411 0.131579 0
76.1073 97.0669 0.107383 0
62.3363 98.4516 0.0176471 0
34.8442 124.024 0.0296296 0
34.8442 124.024 0.015544 0
34.8442 124.024 0.0306748 0
34.8442 124.024 0.323864 0
34.8442 124.024 0.22449 0
28.442 44.3833 0.0131579 1
28.9648 58.1226 0.322148 1
53.498 121.187 0.0128205 1
6.54341 177.57 0.258824 1
67.4464 63.1575 0.22449 0
67.4464 63.1575 0.0177515 0
67.4464 63.1575 0.0947368 0
92.6894 6.0063 0.331126 0
92.6894 6.0063 0.0201342 0
25.2813 69.1638 0.0291971 1
69.0298 183.545 0.414013 1
31.7078 404.56 0.0909091 0
31.7078 404.56 0.125 0
2.03545 6.59783 0.00645161 1
32.618 406.693 0.0272727 0
32.618 406.693 0.125 0
32.618 406.693 0.0596026 0
32.266 411.984 0.0484848 0
21.1557 403.337 0.0990099 1
15.8097 405.694 0.103448 1
13.6891 408.532 0.123188 1
18.9933 412.919 0.174757 1
13.3342 410.981 0.0178571 1
18.8185 412.141 0.152174 1
12.9939 411.195 0.0621762 1
16.7155 411.976 0.0541872 1
20.9168 409.477 0.00606061 1
10.5522 409.451 0.0097561 1
11.4706 407.721 0.0241546 1
1.549 404.388 0.147239 1
4.70819 407.743 0.1 1
11.1807 402.623 0.227848 1
4.5844 393.778 0.0381356 1
8.64429 380.294 0.00515464 1
16.4688 401.454 0.040201 1
10.7206 395.888 0.0308642 1
43.2007 395.778 0.0205128 1
29.5575 394.587 0.0406091 1
39.1568 396.192 0.0148148 1
56.4495 387.476 0.0674157 1
82.9209 405.285 0.018018 1
74.4417 408.327 0.0310559 1
69.7005 410.901 0.0265487 1
79.0082 409.21 0.0875 1
73.3297 410.641 0.00641026 1
85.8322 394.301 0.059322 1
51.0916 41.7787 0.00775194 0
116.819 405.742 0.00787402 0
102.815 407.574 0.305785 0
51.0916 41.7787 0.133333 0
116.819 405.742 0.00787402 0
14.0051 1.83207 0.333333 1
59.0515 345.194 0.016 1
55.4632 0.235168 0.015748 0
77.8539 398.255 0.352459 1
67.0702 437.251 0.150794 1
60.7595 62.6824 0.305785 0
60.7595 62.6824 0.0661157 0
60.7595 62.6824 0.133333 0
12.6221 452.257 0.0121951 1
56.4459 444.729 0.264 1
37.628 431.837 0.0471698 1
64.083 413.203 0.0402685 1
23.3082 424.016 0.00531915 0
107.35 300.558 0.00515464 0
70.2853 454.037 0.137931 1
15.2514 389.178 0.104167 1
25.2344 430.906 0.111702 0
109.762 307.448 0.226804 0
109.762 307.448 0.0251256 0
109.762 307.448 0.0192308 0
109.762 307.448 0.104651 0
109.762 307.448 0.0192308 0
41.3004 101.324 0.0172414 0
109.762 307.448 0.00581395 0
109.762 307.448 0.104651 0
41.3004 101.324 0.0797101 0
109.762 307.448 0.097561 0
81.4833 91.825 0.264151 0
41.3004 101.324 0.0764706 0
41.3004 101.324 0.254144 0
41.3004 101.324 0.0172414 0
41.3004 101.324 0.0797101 0
81.5227 28.4266 0.0163934 1
26.6711 63.4597 0.00699301 1
8.92146 328.348 0.277778 1
4.06832 333.255 0.238411 1
39.3135 353.131 0.0512821 1
80.2865 326.38 0.0434783 0
92.7449 220.317 0.0137931 0
82.27 237.7 0.0381679 0
80.2865 326.38 0.00980392 0
41.1898 329.324 0.0841122 1
96.7431 223.376 0.0322581 0
96.7431 223.376 0.150602 0
86.28 240.759 0.057554 0
86.28 240.759 0.131579 0
84.2967 329.439 0.0894309 0
86.28 240.759 0.107383 0
86.28 240.759 0.0177515 0
84.2967 329.439 0.0416667 0
56.3152 369.066 0.00636943 1
72.9116 398.822 0.0108108 1
101.481 316.938 0.0176471 0
101.481 316.938 0.0947368 0
84.0739 436.595 0.122302 1
33.0223 408.196 0.0596026 0
1.78529 5.2907 0.296296 1
6.73517 5.59262 0.143939 1
3.04212 13.0315 0.137931 1
31.7624 400.213 0.0484848 0
31.7624 400.213 0.0301205 0
1.92976 12.9431 0.127273 1
31.5401 401.201 0.0301205 0
31.5401 401.201 0.00653595 0
31.5401 401.201 0.102564 0
28.3351 411.22 0.0892857 0
25.8819 408.369 0.0215054 0
31.5401 401.201 0.0292398 0
25.8819 408.369 0.0462963 0
25.8819 408.369 0.09 0
29.9318 403.228 0.0493827 0
13.1047 405.594 0.157895 1
29.9129 402.966 0.021978 0
10.2134 403.907 0.064 1
10.167 413.835 0.137405 1
6.52015 404.371 0.0163934 1
12.6332 408.441 0.0192308 1
6.71084 402.577 0.0631579 1
2.2084 405.685 0.441667 1
19.8516 389.779 0.0536913 1
4.88987 396.133 0.0218579 1
3.27167 402.387 0.0657277 1
6.93117 399.998 0.117347 1
15.662 396.939 0.109756 1
5.15188 393.251 0.0526316 1
27.6532 354.847 0.100629 1
23.4762 405.709 0.042328 1
23.2053 393.663 0.0347222 1
44.3185 378.585 0.1 1
62.4084 400.259 0.0666667 1
74.5314 395.786 0.226804 1
88.1708 377.784 0.0946746 1
66.767 72.8422 0.015748 0
66.767 72.8422 0.0661157 0
116.485 387.723 0.0192308 0
90.6306 472.231 0.0309278 1
47.5314 503.798 0.040404 1
73.4177 509.472 0.0884956 1
92.7721 532.982 0.0181818 1
98.943 572.425 0.0222222 1
89.1971 600.077 0.186813 1
53.0974 601.004 0.14433 1
51.5685 598.321 0.0326087 1
63.8475 611.428 0.123077 1
76.7802 623.511 0.0408163 1
74.6062 634.784 0.120968 1
67.2263 628.538 0.210884 1
52.6873 617.182 0.0467836 1
148.522 459.088 0.097561 0
26.1761 78.956 0.045045 1
45.8881 633.808 0.0538462 1
32.7057 643.123 0.0137931 1
143.732 484.134 0.264151 0
13.3221 640.294 0.0241935 1
131.572 586.864 0.137405 0
131.572 586.864 0.00735294 0
131.572 586.864 0.0434783 0
131.572 586.864 0.00980392 0
131.572 586.864 0.0894309 0
131.572 586.864 0.0416667 0
131.572 586.864 0.137405 0
131.572 586.864 0.00735294 0
131.572 586.864 0.00813008 0
131.572 586.864 0.00813008 0
49.9815 629.343 0.0421053 1
32.3232 637.44 0.0740741 1
20.3059 624.757 0.0734463 1
46.0098 608.855 0.232673 1
64.2415 635.878 0.00606061 1
31.8808 401.781 0.00653595 0
31.8808 401.781 0.102564 0
31.8808 401.781 0.0292398 0
3.39225 10.0191 0.433735 1
31.4726 402.083 0.0892857 0
5.81038 6.8657 0.194175 1
31.0625 402.282 0.0215054 0
31.0625 402.282 0.0462963 0
31.0625 402.282 0.09 0
13.1653 1.52539 0.307692 1
30.9173 395.779 0.0204082 0
30.9173 395.779 0.0493827 0
30.9173 395.779 0.021978 0
30.9173 395.779 0.139241 0
30.9173 395.779 0.0204082 0
30.9173 395.779 0.139241 0
13.4977 406.197 0.157025 1
107.685 237.277 0.157895 0
107.685 237.277 0.0192308 0
107.685 237.277 0.157895 0
66.2509 649.348 0.144737 1
37.8904 309.922 0.06 0
37.8904 309.922 0.0208333 0
37.8904 309.922 0.287671 0
37.8904 309.922 0.034188 0
37.8904 309.922 0.06 0
37.8904 309.922 0.287671 0
37.8904 309.922 0.0491803 0
123.48 173.601 0.292683 0
123.48 173.601 0.00862069 0
123.48 173.601 0.292683 0
37.8904 309.922 0.0491803 0
37.8904 309.922 0.00649351 0
37.8904 309.922 0.0202703 0
37.8904 309.922 0.00649351 0
37.8904 309.922 0.0363636 0
37.8904 309.922 0.0208333 0
37.8904 309.922 0.034188 0
37.8904 309.922 0.0245902 0
123.48 173.601 0.00649351 0
123.48 173.601 0.201923 0
123.48 173.601 0.00862069 0
37.8904 309.922 0.123967 0
37.8904 309.922 0.123967 0
37.8904 309.922 0.0823529 0
37.8904 309.922 0.161017 0
37.8904 309.922 0.0363636 0
37.8904 309.922 0.0245902 0
37.8904 309.922 0.0823529 0
37.8904 309.922 0.153846 0
37.8904 309.922 0.0202703 0
37.8904 309.922 0.153846 0
123.48 173.601 0.00719424 0
123.48 173.601 0.00649351 0
123.48 173.601 0.201923 0
123.48 173.601 0.00719424 0
123.48 173.601 0.170732 0
37.8904 309.922 0.016129 0
37.8904 309.922 0.161017 0
37.8904 309.922 0.0169492 0
37.8904 309.922 0.00746269 0
37.8904 309.922 0.0530973 0
37.8904 309.922 0.0232558 0
123.48 173.601 0.170732 0
123.48 173.601 0.0078125 0
123.48 173.601 0.0725806 0
123.48 173.601 0.0078125 0
37.8904 309.922 0.0787879 0
37.8904 309.922 0.0540541 0
37.8904 309.922 0.15873 0
37.8904 309.922 0.016129 0
37.8904 309.922 0.0169492 0
37.8904 309.922 0.0530973 0
37.8904 309.922 0.0540541 0
37.8904 309.922 0.00746269 0
37.8904 309.922 0.0232558 0
123.48 173.601 0.02 0
123.48 173.601 0.156716 0
123.48 173.601 0.106557 0
123.48 173.601 0.216 0
123.48 173.601 0.0725806 0
123.48 173.601 0.106557 0
37.8904 309.922 0.0787879 0
37.8904 309.922 0.15873 0
37.8904 309.922 0.0902256 0
123.48 173.601 0.02 0
123.48 173.601 0.156716 0
123.48 173.601 0.216 0
37.8904 309.922 0.0902256 0
37.8904 309.922 0.0480769 0
123.48 173.601 0.00909091 0
123.48 173.601 0.075188 0
123.48 173.601 0.0294118 0
123.48 173.601 0.252747 0
123.48 173.601 0.08 0
123.48 173.601 0.180328 0
37.8904 309.922 0.0480769 0
37.8904 309.922 0.284314 0
121.525 254.3 0.0744681 0
121.525 254.3 0.0537634 0
61.8008 17.2751 0.037037 0
123.48 173.601 0.27 0
121.525 254.3 0.144231 0
61.8008 17.2751 0.168067 0
121.525 254.3 0.0291262 0
123.48 173.601 0.00909091 0
123.48 173.601 0.27 0
123.48 173.601 0.190476 0
71.7177 190.876 0.0275229 0
13.941 427.901 0.0752688 0
123.48 173.601 0.190476 0
123.48 173.601 0.0393701 0
123.48 173.601 0.105882 0
123.48 173.601 0.0078125 0
123.48 173.601 0.016129 0
123.48 173.601 0.256098 0
123.48 173.601 0.0423729 0
123.48 173.601 0.075188 0
123.48 173.601 0.0078125 0
123.48 173.601 0.0294118 0
123.48 173.601 0.252747 0
123.48 173.601 0.08 0
123.48 173.601 0.180328 0
37.8904 309.922 0.284314 0
121.525 254.3 0.0744681 0
121.525 254.3 0.05 0
121.525 254.3 0.30137 0
121.525 254.3 0.05 0
121.525 254.3 0.0568182 0
121.525 254.3 0.0379747 0
121.525 254.3 0.151163 0
121.525 254.3 0.0568182 0
66.1503 237.025 0.0245902 0
66.1503 237.025 0.1 0
66.1503 237.025 0.0143885 0
66.1503 237.025 0.015625 0
121.525 254.3 0.0537634 0
121.525 254.3 0.144231 0
121.525 254.3 0.0379747 0
66.1503 237.025 0.283186 0
66.1503 237.025 0.0264901 0
66.1503 237.025 0.0252101 0
66.1503 237.025 0.0294118 0
61.8008 17.2751 0.037037 0
61.8008 17.2751 0.168067 0
71.7177 190.876 0.0275229 0
66.1503 237.025 0.0245902 0
66.1503 237.025 0.283186 0
66.1503 237.025 0.107143 0
121.525 254.3 0.0291262 0
13.941 427.901 0.0752688 0
66.1503 237.025 0.107143 0
13.941 427.901 0.205882 0
66.1503 237.025 0.00740741 0
123.48 173.601 0.0393701 0
123.48 173.601 0.016129 0
13.941 427.901 0.205882 0
71.7177 190.876 0.0628571 0
71.7177 190.876 0.15942 0
123.48 173.601 0.105882 0
123.48 173.601 0.256098 0
71.7177 190.876 0.0625 0
123.48 173.601 0.0423729 0
71.7177 190.876 0.0227273 0
121.525 254.3 0.30137 0
121.525 254.3 0.151163 0
66.1503 237.025 0.132911 0
66.1503 237.025 0.0396825 0
66.1503 237.025 0.133333 0
66.1503 237.025 0.0152672 0
66.1503 237.025 0.1 0
66.1503 237.025 0.0264901 0
66.1503 237.025 0.132911 0
66.1503 237.025 0.242038 0
66.1503 237.025 0.0143885 0
66.1503 237.025 0.015625 0
66.1503 237.025 0.0252101 0
66.1503 237.025 0.0396825 0
66.1503 237.025 0.0294118 0
66.1503 237.025 0.00740741 0
71.7177 190.876 0.0628571 0
71.7177 190.876 0.15942 0
71.7177 190.876 0.0625 0
71.7177 190.876 0.0227273 0
71.7177 190.876 0.1 0
71.7177 190.876 0.1 0
121.525 254.3 0.337209 0
121.525 254.3 0.0272727 0
121.525 254.3 0.00581395 0
121.525 254.3 0.337209 0
66.1503 237.025 0.0190476 0
121.525 254.3 0.0105263 0
66.1503 237.025 0.133333 0
66.1503 237.025 0.0190476 0
66.1503 237.025 0.0597015 0
66.1503 237.025 0.127517 0
66.1503 237.025 0.0152672 0
66.1503 237.025 0.115385 0
66.1503 237.025 0.0482759 0
66.1503 237.025 0.242038 0
66.1503 237.025 0.0597015 0
66.1503 237.025 0.115385 0
66.1503 237.025 0.0588235 0
71.7177 190.876 0.0449438 0
71.7177 190.876 0.0136054 0
71.7177 190.876 0.172185 0
121.525 254.3 0.0888889 0
121.525 254.3 0.0105263 0
121.525 254.3 0.0104167 0
121.525 254.3 0.0272727 0
121.525 254.3 0.00581395 0
66.1503 237.025 0.0113636 0
66.1503 237.025 0.127517 0
66.1503 237.025 0.0482759 0
66.1503 237.025 0.0588235 0
66.1503 237.025 0.0133333 0
71.7177 190.876 0.0449438 0
71.7177 190.876 0.0136054 0
71.7177 190.876 0.172185 0
71.7177 190.876 0.00806452 0
71.7177 190.876 0.174194 0
71.7177 190.876 0.00806452 0
34.7399 475.95 0.3 0
71.7177 190.876 0.174194 0
71.7177 190.876 0.0251572 0
34.7399 475.95 0.376963 0
34.7399 475.95 0.0706522 0
121.525 254.3 0.00740741 0
121.525 254.3 0.0410959 0
121.525 254.3 0.220779 0
121.525 254.3 0.0888889 0
121.525 254.3 0.0104167 0
121.525 254.3 0.0410959 0
66.1503 237.025 0.0598802 0
66.1503 237.025 0.00552486 0
66.1503 237.025 0.0133333 0
66.1503 237.025 0.0299401 0
66.1503 237.025 0.0113636 0
66.1503 237.025 0.0299401 0
71.7177 190.876 0.0251572 0
100.998 285.074 0.056338 0
34.7399 475.95 0.3 0
34.7399 475.95 0.376963 0
34.7399 475.95 0.0706522 0
100.998 285.074 0.056338 0
34.7399 475.95 0.0100503 0
34.7399 475.95 0.0359281 0
34.7399 475.95 0.0100503 0
34.7399 475.95 0.0172414 0
34.7399 475.95 0.0359281 0
34.7399 475.95 0.103448 0
34.7399 475.95 0.105634 0
121.525 254.3 0.0327869 0
121.525 254.3 0.00740741 0
121.525 254.3 0.220779 0
121.525 254.3 0.0327869 0
121.525 254.3 0.0873786 0
66.1503 237.025 0.128492 0
66.1503 237.025 0.1 0
66.1503 237.025 0.00543478 0
66.1503 237.025 0.0598802 0
66.1503 237.025 0.128492 0
66.1503 237.025 0.1 0
66.1503 237.025 0.00552486 0
66.1503 237.025 0.00543478 0
100.998 285.074 0.139535 0
34.7399 475.95 0.103448 0
34.7399 475.95 0.0115607 0
34.7399 475.95 0.0275862 0
34.7399 475.95 0.0172414 0
34.7399 475.95 0.105634 0
34.7399 475.95 0.00588235 0
34.7399 475.95 0.0140845 0
34.7399 475.95 0.0115607 0
34.7399 475.95 0.00588235 0
34.7399 475.95 0.00625 0
34.7399 475.95 0.00537634 0
121.525 254.3 0.0873786 0
121.525 254.3 0.0192308 0
121.525 254.3 0.0192308 0
121.525 254.3 0.15493 0
66.1503 237.025 0.0350877 0
66.1503 237.025 0.0519481 0
66.1503 237.025 0.100559 0
66.1503 237.025 0.0519481 0
100.998 285.074 0.139535 0
34.7399 475.95 0.00625 0
34.7399 475.95 0.00757576 0
34.7399 475.95 0.00537634 0
34.7399 475.95 0.107595 0
34.7399 475.95 0.0275862 0
34.7399 475.95 0.0140845 0
34.7399 475.95 0.00757576 0
34.7399 475.95 0.107595 0
34.7399 475.95 0.0223464 0
34.7399 475.95 0.196581 0
34.7399 475.95 0.0785714 0
34.7399 475.95 0.0684932 0
34.7399 475.95 0.0532544 0
34.7399 475.95 0.0769231 0
34.7399 475.95 0.0944882 0
34.7399 475.95 0.0115607 0
34.7399 475.95 0.00574713 0
121.525 254.3 0.15493 0
121.525 254.3 0.0826446 0
66.1503 237.025 0.0350877 0
66.1503 237.025 0.100559 0
61.8008 17.2751 0.00684932 0
66.1503 237.025 0.170732 0
100.998 285.074 0.25 0
34.7399 475.95 0.0223464 0
34.7399 475.95 0.196581 0
34.7399 475.95 0.0684932 0
34.7399 475.95 0.0769231 0
34.7399 475.95 0.115044 0
34.7399 475.95 0.0645161 0
34.7399 475.95 0.0785714 0
34.7399 475.95 0.0532544 0
34.7399 475.95 0.0944882 0
34.7399 475.95 0.0115607 0
34.7399 475.95 0.00574713 0
34.7399 475.95 0.345588 0
34.7399 475.95 0.241379 0
34.7399 475.95 0.0447761 0
34.7399 475.95 0.115044 0
34.7399 475.95 0.345588 0
34.7399 475.95 0.0821918 0
34.7399 475.95 0.0047619 0
34.7399 475.95 0.242038 0
34.7399 475.95 0.0645161 0
34.7399 475.95 0.241379 0
34.7399 475.95 0.00729927 0
61.8008 17.2751 0.00684932 0
121.525 254.3 0.157534 0
121.525 254.3 0.0596026 0
61.8008 17.2751 0.0827586 0
121.525 254.3 0.0826446 0
66.1503 237.025 0.170732 0
121.525 254.3 0.157534 0
66.1503 237.025 0.0129032 0
121.525 254.3 0.0142857 0
66.1503 237.025 0.0552147 0
66.1503 237.025 0.0129032 0
66.1503 237.025 0.00625 0
100.998 285.074 0.25 0
34.7399 475.95 0.0821918 0
34.7399 475.95 0.0047619 0
34.7399 475.95 0.242038 0
34.7399 475.95 0.00729927 0
34.7399 475.95 0.0709677 0
34.7399 475.95 0.0060241 0
34.7399 475.95 0.0447761 0
34.7399 475.95 0.0709677 0
34.7399 475.95 0.00480769 0
34.7399 475.95 0.138889 0
34.7399 475.95 0.0292398 0
121.525 254.3 0.0142857 0
121.525 254.3 0.0596026 0
66.1503 237.025 0.00625 0
66.1503 237.025 0.00595238 0
66.1503 237.025 0.0308642 0
61.8008 17.2751 0.0827586 0
66.1503 237.025 0.0552147 0
66.1503 237.025 0.00595238 0
61.8008 17.2751 0.0434783 0
100.998 285.074 0.116667 0
34.7399 475.95 0.00480769 0
34.7399 475.95 0.138889 0
34.7399 475.95 0.0292398 0
34.7399 475.95 0.2 0
34.7399 475.95 0.0078125 0
34.7399 475.95 0.0125 0
34.7399 475.95 0.0060241 0
34.7399 475.95 0.2 0
34.7399 475.95 0.0526316 0
34.7399 475.95 0.0165746 0
34.7399 475.95 0.0078125 0
61.8008 17.2751 0.0434783 0
61.8008 17.2751 0.0451613 0
66.1503 237.025 0.0308642 0
61.8008 17.2751 0.0451613 0
61.8008 17.2751 0.124088 0
61.8008 17.2751 0.084507 0
61.8008 17.2751 0.056962 0
61.8008 17.2751 0.0214286 0
100.998 285.074 0.0165289 0
100.998 285.074 0.0227273 0
100.998 285.074 0.0882353 0
100.998 285.074 0.0759494 0
100.998 285.074 0.0752688 0
100.998 285.074 0.0227273 0
100.998 285.074 0.116667 0
100.998 285.074 0.181818 0
34.7399 475.95 0.0980392 0
34.7399 475.95 0.0173913 0
34.7399 475.95 0.0423729 0
34.7399 475.95 0.0526316 0
34.7399 475.95 0.0165746 0
34.7399 475.95 0.139785 0
34.7399 475.95 0.028777 0
34.7399 475.95 0.0551724 0
34.7399 475.95 0.0880829 0
34.7399 475.95 0.03 0
34.7399 475.95 0.0125 0
34.7399 475.95 0.139785 0
61.8008 17.2751 0.124088 0
61.8008 17.2751 0.084507 0
61.8008 17.2751 0.00694444 0
61.8008 17.2751 0.056962 0
61.8008 17.2751 0.0214286 0
61.8008 17.2751 0.04375 0
61.8008 17.2751 0.00694444 0
61.8008 17.2751 0.04375 0
61.8008 17.2751 0.265152 0
61.8008 17.2751 0.0112994 0
61.8008 17.2751 0.0964912 0
100.998 285.074 0.132075 0
100.998 285.074 0.161616 0
100.998 285.074 0.0289855 0
100.998 285.074 0.026087 0
100.998 285.074 0.00925926 0
100.998 285.074 0.00680272 0
100.998 285.074 0.0165289 0
100.998 285.074 0.0882353 0
100.998 285.074 0.132075 0
100.998 285.074 0.026087 0
100.998 285.074 0.0759494 0
100.998 285.074 0.0752688 0
100.998 285.074 0.181818 0
34.7399 475.95 0.010101 0
34.7399 475.95 0.0451613 0
34.7399 475.95 0.0693069 0
34.7399 475.95 0.0220588 0
34.7399 475.95 0.0142857 0
34.7399 475.95 0.0143885 0
34.7399 475.95 0.019802 0
34.7399 475.95 0.025641 0
34.7399 475.95 0.01875 0
34.7399 475.95 0.0980392 0
34.7399 475.95 0.0143885 0
34.7399 475.95 0.126761 0
34.7399 475.95 0.0384615 0
34.7399 475.95 0.126761 0
34.7399 475.95 0.0480769 0
34.7399 475.95 0.00934579 0
34.7399 475.95 0.0306748 0
34.7399 475.95 0.0320513 0
34.7399 475.95 0.0119048 0
34.7399 475.95 0.0173913 0
34.7399 475.95 0.019802 0
34.7399 475.95 0.0480769 0
34.7399 475.95 0.0423729 0
34.7399 475.95 0.028777 0
34.7399 475.95 0.00934579 0
34.7399 475.95 0.0551724 0
34.7399 475.95 0.0880829 0
34.7399 475.95 0.03 0
61.8008 17.2751 0.265152 0
61.8008 17.2751 0.0964912 0
61.8008 17.2751 0.0526316 0
61.8008 17.2751 0.0112994 0
61.8008 17.2751 0.0526316 0
100.998 285.074 0.0214286 0
100.998 285.074 0.0060241 0
100.998 285.074 0.0738255 0
100.998 285.074 0.0628571 0
100.998 285.074 0.0672269 0
100.998 285.074 0.0258621 0
100.998 285.074 0.00943396 0
100.998 285.074 0.0631579 0
100.998 285.074 0.138462 0
100.998 285.074 0.175 0
100.998 285.074 0.0232558 0
100.998 285.074 0.161616 0
100.998 285.074 0.00925926 0
100.998 285.074 0.138462 0
100.998 285.074 0.0289855 0
100.998 285.074 0.00680272 0
34.7399 475.95 0.172727 0
34.7399 475.95 0.048 0
34.7399 475.95 0.12766 0
34.7399 475.95 0.010101 0
34.7399 475.95 0.0451613 0
34.7399 475.95 0.0693069 0
34.7399 475.95 0.172727 0
34.7399 475.95 0.027027 0
34.7399 475.95 0.00757576 0
34.7399 475.95 0.0220588 0
34.7399 475.95 0.025641 0
34.7399 475.95 0.14966 0
34.7399 475.95 0.0384615 0
34.7399 475.95 0.14966 0
34.7399 475.95 0.0697674 0
34.7399 475.95 0.112583 0
34.7399 475.95 0.0314961 0
34.7399 475.95 0.0327869 0
34.7399 475.95 0.0518519 0
34.7399 475.95 0.0381679 0
34.7399 475.95 0.0171429 0
34.7399 475.95 0.0697674 0
34.7399 475.95 0.0142857 0
34.7399 475.95 0.01875 0
34.7399 475.95 0.0306748 0
34.7399 475.95 0.112583 0
34.7399 475.95 0.0320513 0
34.7399 475.95 0.0119048 0
156.643 302.349 0.120968 0
156.643 302.349 0.297297 0
100.998 285.074 0.0214286 0
100.998 285.074 0.0738255 0
156.643 302.349 0.120968 0
156.643 302.349 0.024 0
100.998 285.074 0.0060241 0
100.998 285.074 0.0628571 0
100.998 285.074 0.0672269 0
100.998 285.074 0.0258621 0
100.998 285.074 0.00943396 0
100.998 285.074 0.0631579 0
100.998 285.074 0.0114943 0
100.998 285.074 0.0114943 0
100.998 285.074 0.0869565 0
100.998 285.074 0.175 0
100.998 285.074 0.0869565 0
100.998 285.074 0.0232558 0
34.7399 475.95 0.027027 0
34.7399 475.95 0.132275 0
34.7399 475.95 0.0305344 0
34.7399 475.95 0.00757576 0
34.7399 475.95 0.0428571 0
34.7399 475.95 0.048 0
34.7399 475.95 0.0314961 0
34.7399 475.95 0.12766 0
34.7399 475.95 0.132275 0
34.7399 475.95 0.0428571 0
34.7399 475.95 0.07173 0
34.7399 475.95 0.0327869 0
34.7399 475.95 0.0518519 0
34.7399 475.95 0.0381679 0
34.7399 475.95 0.0171429 0
123.48 173.601 0.0233918 0
123.48 173.601 0.0097561 0
123.48 173.601 0.0234742 0
123.48 173.601 0.0101523 0
123.48 173.601 0.0341463 0
123.48 173.601 0.0153846 0
123.48 173.601 0.0285714 0
123.48 173.601 0.123077 0
123.48 173.601 0.00724638 0
123.48 173.601 0.0264901 0
156.643 302.349 0.024 0
156.643 302.349 0.107143 0
156.643 302.349 0.010989 0
156.643 302.349 0.297297 0
156.643 302.349 0.107143 0
156.643 302.349 0.010989 0
156.643 302.349 0.00833333 0
156.643 302.349 0.00793651 0
156.643 302.349 0.0654206 0
156.643 302.349 0.0225564 0
156.643 302.349 0.0508475 0
156.643 302.349 0.0344828 0
156.643 302.349 0.0238095 0
156.643 302.349 0.00740741 0
34.7399 475.95 0.0833333 0
156.643 302.349 0.0186335 0
34.7399 475.95 0.144578 0
34.7399 475.95 0.07173 0
34.7399 475.95 0.0502793 0
34.7399 475.95 0.370629 0
156.643 302.349 0.0116279 0
34.7399 475.95 0.322034 0
34.7399 475.95 0.0305344 0
34.7399 475.95 0.0502793 0
123.48 173.601 0.05 0
123.48 173.601 0.00510204 0
123.48 173.601 0.0233918 0
123.48 173.601 0.0097561 0
123.48 173.601 0.0101523 0
123.48 173.601 0.0234742 0
123.48 173.601 0.0341463 0
123.48 173.601 0.0285714 0
123.48 173.601 0.0153846 0
123.48 173.601 0.123077 0
123.48 173.601 0.00724638 0
123.48 173.601 0.0264901 0
123.48 173.601 0.259259 0
123.48 173.601 0.259259 0
123.48 173.601 0.00666667 0
123.48 173.601 0.130952 0
156.643 302.349 0.00833333 0
156.643 302.349 0.00793651 0
156.643 302.349 0.0654206 0
156.643 302.349 0.0225564 0
156.643 302.349 0.0735294 0
156.643 302.349 0.0508475 0
156.643 302.349 0.0344828 0
156.643 302.349 0.188679 0
156.643 302.349 0.0735294 0
156.643 302.349 0.188679 0
156.643 302.349 0.0757576 0
156.643 302.349 0.0238095 0
156.643 302.349 0.00740741 0
156.643 302.349 0.318182 0
156.643 302.349 0.015873 0
156.643 302.349 0.318182 0
156.643 302.349 0.131579 0
156.643 302.349 0.015873 0
156.643 302.349 0.0821918 0
156.643 302.349 0.135922 0
34.7399 475.95 0.144444 0
156.643 302.349 0.00625 0
156.643 302.349 0.131868 0
34.7399 475.95 0.0833333 0
34.7399 475.95 0.370629 0
34.7399 475.95 0.144444 0
123.48 173.601 0.034188 0
123.48 173.601 0.0561798 0
123.48 173.601 0.0263158 0
156.643 302.349 0.0186335 0
156.643 302.349 0.0116279 0
123.48 173.601 0.034188 0
123.48 173.601 0.0198676 0
123.48 173.601 0.0144928 0
123.48 173.601 0.321918 0
123.48 173.601 0.01875 0
34.7399 475.95 0.144578 0
34.7399 475.95 0.322034 0
123.48 173.601 0.0198676 0
123.48 173.601 0.0144928 0
123.48 173.601 0.0878378 0
123.48 173.601 0.0078125 0
123.48 173.601 0.00775194 0
123.48 173.601 0.272727 0
123.48 173.601 0.0299145 0
123.48 173.601 0.0833333 0
123.48 173.601 0.0954774 0
123.48 173.601 0.05 0
123.48 173.601 0.0078125 0
123.48 173.601 0.272727 0
123.48 173.601 0.00510204 0
123.48 173.601 0.0299145 0
123.48 173.601 0.00666667 0
123.48 173.601 0.130952 0
123.48 173.601 0.0875 0
123.48 173.601 0.25 0
123.48 173.601 0.130435 0
123.48 173.601 0.0875 0
156.643 302.349 0.0757576 0
156.643 302.349 0.131579 0
156.643 302.349 0.0821918 0
156.643 302.349 0.135922 0
156.643 302.349 0.00625 0
156.643 302.349 0.131868 0
123.48 173.601 0.0561798 0
123.48 173.601 0.0263158 0
123.48 173.601 0.0839161 0
123.48 173.601 0.321918 0
123.48 173.601 0.0839161 0
123.48 173.601 0.00591716 0
123.48 173.601 0.01875 0
123.48 173.601 0.0638298 0
123.48 173.601 0.0193548 0
123.48 173.601 0.0878378 0
123.48 173.601 0.0833333 0
123.48 173.601 0.0638298 0
123.48 173.601 0.23 0
123.48 173.601 0.168317 0
123.48 173.601 0.23 0
123.48 173.601 0.0458015 0
123.48 173.601 0.00877193 0
123.48 173.601 0.008 0
123.48 173.601 0.016129 0
123.48 173.601 0.00775194 0
123.48 173.601 0.0954774 0
123.48 173.601 0.0458015 0
123.48 173.601 0.03125 0
123.48 173.601 0.25 0
123.48 173.601 0.03125 0
123.48 173.601 0.160494 0
123.48 173.601 0.130435 0
123.48 173.601 0.00591716 0
123.48 173.601 0.168317 0
123.48 173.601 0.13913 0
123.48 173.601 0.00793651 0
123.48 173.601 0.032 0
123.48 173.601 0.00719424 0
123.48 173.601 0.00680272 0
123.48 173.601 0.1 0
123.48 173.601 0.0114286 0
123.48 173.601 0.0193548 0
123.48 173.601 0.00877193 0
123.48 173.601 0.13913 0
123.48 173.601 0.008 0
123.48 173.601 0.00793651 0
123.48 173.601 0.016129 0
123.48 173.601 0.032 0
109.755 234.551 0.0506329 0
109.755 234.551 0.030303 0
15.931 60.9503 0.0125 0
109.755 234.551 0.232323 0
109.755 234.551 0.103226 0
152.069 468.959 0.0309278 0
123.48 173.601 0.160494 0
109.755 234.551 0.030303 0
123.48 173.601 0.0246914 0
109.755 234.551 0.00806452 0
15.931 60.9503 0.0125 0
123.48 173.601 0.0246914 0
123.48 173.601 0.0583942 0
15.931 60.9503 0.0380952 0
164.865 408.009 0.0193548 0
164.865 408.009 0.0166667 0
154.254 425.392 0.119565 0
154.254 425.392 0.0481928 0
154.254 425.392 0.0212766 0
154.254 425.392 0.0827068 0
123.48 173.601 0.00719424 0
123.48 173.601 0.00680272 0
123.48 173.601 0.1 0
123.48 173.601 0.0114286 0
109.755 234.551 0.0606061 0
109.755 234.551 0.186047 0
109.755 234.551 0.100592 0
109.755 234.551 0.0268817 0
109.755 234.551 0.0261438 0
109.755 234.551 0.192771 0
109.755 234.551 0.13253 0
109.755 234.551 0.0506329 0
109.755 234.551 0.0261438 0
109.755 234.551 0.00534759 0
109.755 234.551 0.0070922 0
109.755 234.551 0.0689655 0
109.755 234.551 0.232323 0
109.755 234.551 0.0564516 0
109.755 234.551 0.00819672 0
109.755 234.551 0.010101 0
109.755 234.551 0.103226 0
123.48 173.601 0.0583942 0
109.755 234.551 0.0444444 0
109.755 234.551 0.00662252 0
109.755 234.551 0.0449438 0
109.755 234.551 0.0193548 0
46.8821 357.866 0.00552486 0
109.755 234.551 0.00806452 0
15.931 60.9503 0.0380952 0
109.755 234.551 0.0564516 0
109.755 234.551 0.0444444 0
152.069 468.959 0.0245902 0
65.0615 592.417 0.154362 0
152.069 468.959 0.0322581 0
109.755 234.551 0.00662252 0
152.069 468.959 0.0967742 0
65.0615 592.417 0.0166667 0
152.069 468.959 0.0873016 0
152.069 468.959 0.0309278 0
152.069 468.959 0.0245902 0
152.069 468.959 0.0967742 0
152.069 468.959 0.0103093 0
152.069 468.959 0.00621118 0
87.2686 123.458 0.0406504 0
164.865 408.009 0.0193548 0
164.865 408.009 0.0266667 0
164.865 408.009 0.0166667 0
164.865 408.009 0.0956522 0
164.865 408.009 0.0151515 0
11.0638 17.3831 0.04 0
164.865 408.009 0.0266667 0
164.865 408.009 0.0956522 0
164.865 408.009 0.0151515 0
154.254 425.392 0.125 0
154.254 425.392 0.0454545 0
154.254 425.392 0.119565 0
154.254 425.392 0.0481928 0
154.254 425.392 0.125 0
141.674 486.342 0.0296296 0
154.254 425.392 0.0212766 0
141.674 486.342 0.015544 0
141.674 486.342 0.331126 0
154.254 425.392 0.0827068 0
141.674 486.342 0.0201342 0
30.9262 395.58 0.0272727 0
30.9262 395.58 0.0909091 0
109.755 234.551 0.0606061 0
109.755 234.551 0.100592 0
109.755 234.551 0.00775194 0
109.755 234.551 0.186047 0
109.755 234.551 0.0268817 0
109.755 234.551 0.192771 0
109.755 234.551 0.13253 0
109.755 234.551 0.00534759 0
109.755 234.551 0.0070922 0
109.755 234.551 0.0689655 0
109.755 234.551 0.00819672 0
109.755 234.551 0.0449438 0
109.755 234.551 0.010101 0
109.755 234.551 0.0193548 0
152.069 468.959 0.0103093 0
65.0615 592.417 0.0483871 0
152.069 468.959 0.00769231 0
152.069 468.959 0.00621118 0
65.0615 592.417 0.0212766 0
152.069 468.959 0.0412371 0
152.069 468.959 0.00581395 0
46.8821 357.866 0.00552486 0
65.0615 592.417 0.154362 0
65.0615 592.417 0.0166667 0
87.2686 123.458 0.0406504 0
65.0615 592.417 0.0483871 0
65.0615 592.417 0.0212766 0
87.2686 123.458 0.230769 0
65.0615 592.417 0.00531915 0
65.0615 592.417 0.111702 0
152.069 468.959 0.0322581 0
152.069 468.959 0.0873016 0
152.069 468.959 0.00769231 0
152.069 468.959 0.0412371 0
87.2686 123.458 0.230769 0
152.069 468.959 0.00515464 0
152.069 468.959 0.226804 0
152.069 468.959 0.0251256 0
11.0638 17.3831 0.0060241 0
152.069 468.959 0.0764706 0
152.069 468.959 0.0322581 0
11.0638 17.3831 0.0169492 0
152.069 468.959 0.254144 0
152.069 468.959 0.0137931 0
152.069 468.959 0.150602 0
11.0638 17.3831 0.04 0
154.254 425.392 0.0454545 0
11.0638 17.3831 0.0060241 0
11.0638 17.3831 0.0169492 0
141.674 486.342 0.0306748 0
141.674 486.342 0.057554 0
141.674 486.342 0.323864 0
141.674 486.342 0.0381679 0
141.674 486.342 0.131579 0
141.674 486.342 0.107383 0
141.674 486.342 0.0176471 0
141.674 486.342 0.0296296 0
141.674 486.342 0.015544 0
141.674 486.342 0.0306748 0
141.674 486.342 0.323864 0
141.674 486.342 0.22449 0
141.674 486.342 0.22449 0
141.674 486.342 0.0177515 0
141.674 486.342 0.0947368 0
141.674 486.342 0.331126 0
141.674 486.342 0.0201342 0
30.9262 395.58 0.0909091 0
30.9262 395.58 0.125 0
30.9262 395.58 0.0272727 0
30.9262 395.58 0.125 0
30.9262 395.58 0.0596026 0
30.9262 395.58 0.0484848 0
109.755 234.551 0.00775194 0
109.755 234.551 0.00787402 0
109.755 234.551 0.305785 0
109.755 234.551 0.133333 0
109.755 234.551 0.00787402 0
109.755 234.551 0.015748 0
109.755 234.551 0.305785 0
109.755 234.551 0.0661157 0
109.755 234.551 0.133333 0
65.0615 592.417 0.00531915 0
152.069 468.959 0.00515464 0
65.0615 592.417 0.111702 0
152.069 468.959 0.226804 0
152.069 468.959 0.0251256 0
152.069 468.959 0.0192308 0
152.069 468.959 0.104651 0
152.069 468.959 0.0192308 0
152.069 468.959 0.0172414 0
152.069 468.959 0.00581395 0
152.069 468.959 0.104651 0
152.069 468.959 0.0797101 0
152.069 468.959 0.097561 0
152.069 468.959 0.264151 0
152.069 468.959 0.0764706 0
152.069 468.959 0.254144 0
152.069 468.959 0.0172414 0
152.069 468.959 0.0797101 0
139.677 575.022 0.0434783 0
152.069 468.959 0.0137931 0
141.674 486.342 0.0381679 0
139.677 575.022 0.00980392 0
152.069 468.959 0.0322581 0
152.069 468.959 0.150602 0
141.674 486.342 0.057554 0
141.674 486.342 0.131579 0
139.677 575.022 0.0894309 0
141.674 486.342 0.107383 0
141.674 486.342 0.0177515 0
139.677 575.022 0.0416667 0
141.674 486.342 0.0176471 0
141.674 486.342 0.0947368 0
30.9262 395.58 0.0596026 0
30.9262 395.58 0.0484848 0
30.9262 395.58 0.0301205 0
30.9262 395.58 0.0301205 0
30.9262 395.58 0.00653595 0
30.9262 395.58 0.102564 0
30.9262 395.58 0.0892857 0
30.9262 395.58 0.0215054 0
30.9262 395.58 0.0292398 0
30.9262 395.58 0.0462963 0
30.9262 395.58 0.09 0
30.9262 395.58 0.0493827 0
30.9262 395.58 0.021978 0
109.755 234.551 0.015748 0
109.755 234.551 0.0661157 0
109.755 234.551 0.0192308 0
152.069 468.959 0.097561 0
152.069 468.959 0.264151 0
139.677 575.022 0.137405 0
139.677 575.022 0.00735294 0
139.677 575.022 0.0434783 0
139.677 575.022 0.00980392 0
139.677 575.022 0.0894309 0
139.677 575.022 0.0416667 0
139.677 575.022 0.137405 0
139.677 575.022 0.00735294 0
139.677 575.022 0.00813008 0
139.677 575.022 0.00813008 0
30.9262 395.58 0.00653595 0
30.9262 395.58 0.102564 0
30.9262 395.58 0.0292398 0
30.9262 395.58 0.0892857 0
30.9262 395.58 0.0215054 0
30.9262 395.58 0.0462963 0
30.9262 395.58 0.09 0
30.9262 395.58 0.0204082 0
30.9262 395.58 0.0493827 0
30.9262 395.58 0.021978 0
30.9262 395.58 0.139241 0
30.9262 395.58 0.0204082 0
30.9262 395.58 0.139241 0
109.755 234.551 0.157895 0
109.755 234.551 0.0192308 0
109.755 234.551 0.157895 0
