60.8645 56.2993 0.0608696 1
25.9086 165.164 0.385417 1
29.7841 185.154 0.0142857 1
18.3269 204.31 0.0145631 1
8.08751 149.092 0.0728477 1
11.0469 99.2134 0.0151515 1
22.4033 144.651 0.0582011 1
29.9878 168.266 0.00526316 1
76.1311 137.613 0.0106383 1
24.379 185.253 0.440678 1
63.0073 169.905 0.185185 1
16.0658 212.886 0.0542636 1
10.5001 182.267 0.0714286 1
9.51093 216.674 0.0763359 1
14.0702 141.415 0.00671141 1
44.8469 161.345 0.00714286 1
8.91226 201.695 0.213115 1
21.3933 210.143 0.0212766 1
21.2867 218.669 0.10625 1
36.0227 202.702 0.0165289 1
8.08278 185.131 0.0875912 1
14.8513 186.053 0.0564103 1
35.8645 176.855 0.0769231 1
20.6928 191.489 0.100775 1
6.09071 219.196 0.0529412 1
15.7848 192.664 0.121495 1
34.6901 197.866 0.135417 1
4.83011 214.907 0.0416667 1
5.70325 171.27 0.0181818 1
42.3108 164.322 0.179245 1
15.1654 211.898 0.062069 1
25.5173 176.774 0.348571 1
19.7387 152.363 0.0408163 1
6.97103 209.696 0.0726496 1
20.9679 188.505 0.0512821 1
2.59539 149.802 0.162162 1
19.807 189.014 0.123932 1
7.76565 146.724 0.033195 1
33.6698 190.669 0.035503 1
46.3185 157.102 0.015625 0
24.3905 175.884 0.0162162 0
46.3185 157.102 0.125 0
24.3905 175.884 0.0196078 0
74.5774 78.1146 0.0807453 0
14.9711 168.196 0.079602 1
45.7649 155.266 0.0658683 0
24.936 174.048 0.1625 0
74.097 187.12 0.0131579 0
74.0231 76.2789 0.0807453 0
74.0231 76.2789 0.150685 0
2.61962 110.841 0.154639 1
69.4547 101.137 0.0078125 1
9.25926 195.111 0.172775 1
20.5654 162.601 0.0164835 1
22.8142 193.168 0.234286 1
44.9257 52.1405 0.115607 0
32.0322 207.193 0.245989 0
4.52425 188.084 0.134328 1
44.8178 54.3462 0.150685 0
44.8178 54.3462 0.047619 0
32.139 204.987 0.021978 0
24.5628 141.251 0.246154 1
32.5386 206.238 0.222892 0
55.7567 203.04 0.079096 1
20.0171 184.997 0.230769 1
56.9555 225.525 0.0222222 1
52.0217 226.386 0.0120482 1
16.8576 220.932 0.3 1
16.5774 188.318 0.0263158 1
40.4819 209.552 0.225 1
22.5507 194.265 0.404372 1
67.6159 171.858 0.0483871 1
53.5385 244.264 0.027027 1
14.4386 237.252 0.0204082 1
39.897 168.971 0.203125 1
8.09477 240.166 0.00446429 1
29.9954 204.586 0.20202 1
96.0989 151.538 0.115702 1
8.65249 268.015 0.0426829 1
101.907 183.783 0.05 1
18.4817 257.26 0.231441 1
30.2109 247.475 0.0955882 1
69.8372 214.026 0.0273973 1
8.41181 300.565 0.015873 1
6.34292 280.235 0.00826446 1
19.013 271.938 0.242798 1
49.0947 254.152 0.047619 1
4.0293 297.978 0.0248447 1
28.3259 284.626 0.388626 1
56.6199 233.405 0.00549451 1
9.52728 294.157 0.10119 1
24.5225 269.272 0.0441176 1
12.1293 293.725 0.0224215 1
40.0487 199.052 0.0585774 1
6.99202 280.594 0.0606061 1
45.5599 211.433 0.137405 1
12.6248 273.499 0.229391 1
10.8103 308.707 0.0916667 1
2.94477 308.977 0.223602 1
1.88156 303.159 0.0818182 1
4.5807 305.276 0.0404624 1
17.4366 300.054 0.0365854 1
12.2362 301.751 0.104478 1
13.9484 297.327 0.00581395 1
0.710032 284.415 0.0555556 1
27.8792 272.033 0.00689655 1
12.6752 298.581 0.00735294 1
6.22568 286.583 0.0425532 1
4.41266 296.405 0.0408163 1
10.6054 298.329 0.0358744 1
15.9484 294.378 0.0106952 1
4.21086 286.818 0.0265487 1
16.4227 283.802 0.0157895 1
69.7421 212.394 0.0481928 1
17.5716 274.382 0.0652174 1
14.1016 286.884 0.043956 1
7.4987 290.135 0.0651163 1
4.885 289.047 0.0876289 1
1.85455 282.606 0.0444444 1
13.406 273.414 0.0130719 1
6.7175 271.848 0.192 1
43.1423 225.113 0.0421053 0
68.6599 198.795 0.0612245 0
43.1423 225.113 0.015625 0
43.1423 225.113 0.125 0
43.1423 225.113 0.0658683 0
43.1423 225.113 0.0421053 0
70.3025 18.782 0.126126 1
33.8968 25.9622 0.038835 1
144.92 273.552 0.00884956 1
19.9664 532.473 0.264706 1
37.3709 522.639 0.0272727 1
57.1326 304.886 0.0162162 0
57.1326 304.886 0.0196078 0
57.1326 304.886 0.1625 0
38.981 561.053 0.0810811 1
52.0202 304.922 0.0131579 0
52.0202 304.922 0.115607 0
52.0202 304.922 0.047619 0
86.7263 583.382 0.115854 1
93.9778 599.538 0.0396825 1
62.5893 651.746 0.113924 1
31.2841 374.118 0.245989 0
31.2841 374.118 0.021978 0
31.2841 374.118 0.222892 0
31.2841 374.118 0.00520833 0
84.4192 649.335 0.125 1
37.1787 659.224 0.0422535 0
24.3396 395.742 0.00520833 0
12.94 263.482 0.0128205 1
24.4089 396.143 0.0163934 0
24.4089 396.143 0.0175439 0
4.9175 278.756 0.00671141 1
17.331 269.437 0.0287081 1
60.2209 286.637 0.0643939 1
20.9974 282.969 0.0108108 1
43.1105 260.879 0.0662651 1
30.9269 279.827 0.0307692 0
56.9292 279.838 0.272727 1
18.6277 282.036 0.281106 1
45.7239 284.139 0.033557 1
21.2372 280.101 0.0246914 1
55.6861 287.39 0.017094 0
55.6861 287.39 0.0288462 0
47.8864 288.635 0.0070922 0
38.6356 288.436 0.025641 0
38.6356 288.436 0.00729927 0
16.5805 253.358 0.0204082 0
10.14 278.188 0.0679612 1
19.3193 283.665 0.0309278 1
16.8267 252.154 0.127778 0
5.52042 267.416 0.00531915 1
16.7979 251.259 0.0606061 0
29.1149 277.948 0.157143 1
49.5366 273.617 0.0384615 1
25.2445 264.906 0.0841122 1
19.0457 261.712 0.0238095 1
10.0686 285.041 0.0342857 1
1.25876 289.995 0.107843 1
21.9995 279.125 0.015625 1
16.9765 286.874 0.0466667 1
17.006 282.176 0.0175439 1
32.5511 274.729 0.010989 1
1.65538 284.744 0.3625 1
2.65582 280.302 0.011236 1
12.6879 286.349 0.00662252 1
7.8838 277.208 0.0388889 1
3.96463 274.927 0.0159574 1
17.4212 272.625 0.295302 1
3.93416 275.814 0.206704 1
10.6862 279.602 0.0147059 1
4.07644 283.17 0.0700935 1
9.57162 278.172 0.0478469 1
5.13607 261.943 0.0620155 1
27.6885 405.375 0.0169492 0
27.6885 405.375 0.00854701 0
100.051 177.92 0.0135747 0
27.6885 405.375 0.0169492 0
27.6885 405.375 0.0235294 0
72.4449 583.295 0.203947 1
127.087 641.701 0.36 1
41.5096 540.169 0.0612245 0
41.5096 540.169 0.00854701 0
21.4673 752.909 0.182796 1
15.3706 745.329 0.0239234 1
70.8142 668.722 0.0857143 1
10.0515 769.729 0.0261438 1
79.9546 764.216 0.035461 1
40.8424 499.468 0.0163934 0
40.8424 499.468 0.110294 0
51.753 756 0.204082 1
40.8226 766.648 0.010989 0
37.0894 504.049 0.0175439 0
37.0894 504.049 0.0403226 0
40.8226 766.648 0.00588235 0
37.0894 504.049 0.0422535 0
37.0894 504.049 0.110294 0
37.0894 504.049 0.0403226 0
37.0894 504.049 0.041958 0
3.87929 262.599 0.164474 1
54.8521 266.543 0.0143885 0
25.161 214.151 0.0212766 0
54.8521 266.543 0.0452261 0
25.161 214.151 0.0149254 0
25.161 214.151 0.0408163 0
36.2064 222.837 0.00675676 0
3.84768 240.767 0.0297619 0
29.1716 267.903 0.015873 0
25.161 214.151 0.0078125 0
36.2064 222.837 0.0155039 0
3.84768 240.767 0.0268456 0
29.1716 267.903 0.0307692 0
29.1716 267.903 0.015873 0
29.1716 267.903 0.126126 0
65.0463 45.0657 0.0416667 1
20.1739 109.669 0.0642857 1
2.9697 140.214 0.128713 1
21.4269 118.027 0.0140845 1
15.3947 129.686 0.126126 0
26.5175 270.231 0.0153846 0
15.3947 129.686 0.0101523 0
15.3947 129.686 0.0126582 0
57.3809 268.679 0.187097 0
26.5175 270.231 0.0153846 0
26.5175 270.231 0.0277778 0
41.3153 140.545 0.0666667 1
67.4973 153.126 0.128205 1
4.82727 37.4733 0.0277778 0
57.2048 278.025 0.0568182 0
55.2547 272.559 0.0542169 0
4.82727 37.4733 0.123711 0
49.0224 272.734 0.0555556 0
57.2048 278.025 0.0568182 0
2.55755 5.46609 0.227723 1
52.5675 235.428 0.225564 1
25.0709 247.765 0.0555556 1
24.9004 23.9775 0.017094 0
24.9004 23.9775 0.0288462 0
24.9004 23.9775 0.0542169 0
22.8899 249.827 0.0140845 1
30.9075 250.849 0.294776 1
3.11197 225.465 0.0307692 1
24.017 238.469 0.00775194 1
33.1437 39.4505 0.0070922 0
6.55185 234.155 0.393443 1
49.7448 195.766 0.0227273 1
31.0562 36.9335 0.0157068 0
12.1167 212.352 0.0963855 1
30.3525 41.289 0.025641 0
30.3525 41.289 0.00729927 0
30.3525 41.289 0.0359281 0
24.239 209.161 0.0147059 1
28.918 41.5902 0.0204082 0
28.918 41.5902 0.127778 0
28.918 41.5902 0.0606061 0
28.918 41.5902 0.316384 0
17.5874 222.163 0.0357143 1
29.4921 42.8921 0.0157068 0
29.4921 42.8921 0.0359281 0
29.4921 42.8921 0.316384 0
29.4921 42.8921 0.00423729 0
29.4921 42.8921 0.14218 0
29.4921 42.8921 0.0350877 0
56.7152 277.782 0.0521739 1
56.1359 273.379 0.00609756 1
54.5665 275.787 0.162338 1
54.7391 283.221 0.248555 1
53.9503 277.706 0.0873016 1
8.63368 272.348 0.0568182 1
2.1127 280.34 0.047619 1
5.28906 276.626 0.0348837 1
8.85147 274.834 0.00699301 1
12.5133 276.487 0.0137615 1
7.20563 275.608 0.0959596 1
13.4118 274.266 0.111765 1
0.569714 268.411 0.0558376 1
24.9181 258.746 0.0917431 1
13.6628 270.015 0.0454545 1
7.2862 266.57 0.0814815 1
6.75825 267.003 0.0858586 1
3.90587 270.041 0.028436 1
11.8308 260.655 0.0372093 1
3.44325 260.97 0.141176 1
32.5521 237.645 0.034965 1
73.2174 203.355 0.016129 1
14.801 260.93 0.00515464 1
25.8328 236.225 0.0196078 0
25.8328 236.225 0.027027 0
29.8156 265.915 0.00473934 0
25.2513 265.733 0.0319149 0
38.8797 511.329 0.0235294 0
38.8797 511.329 0.0233645 0
38.8797 511.329 0.0213904 0
38.8797 511.329 0.0135747 0
38.8797 511.329 0.0233645 0
64.062 777.062 0.0212766 1
30.1359 738.697 0.0714286 1
103.456 683.236 0.182857 1
30.7969 726.827 0.0322581 1
39.9572 526.926 0.0213904 0
13.9127 741.033 0.0913706 1
65.519 728.958 0.00694444 1
37.5509 514.045 0.00943396 0
14.8679 721.609 0.258621 1
89.0097 766.446 0.0693069 1
60.1177 774.806 0.0105263 1
30.1941 524.23 0.041958 0
30.1941 524.23 0.100529 0
30.1941 524.23 0.010989 0
30.1941 524.23 0.00588235 0
30.1941 524.23 0.00943396 0
30.1941 524.23 0.100529 0
30.1941 524.23 0.03125 0
30.1941 524.23 0.0159574 0
30.1941 524.23 0.0568182 0
43.6709 263.264 0.0153061 0
3.69297 253.441 0.00448431 1
53.0918 259.28 0.0143885 0
53.0918 259.28 0.0452261 0
83.1145 784.504 0.0893855 1
69.8648 794.188 0.40107 1
23.8581 531.531 0.0046729 0
48.8524 780.216 0.141975 1
26.8441 206.888 0.0212766 0
26.8441 206.888 0.0149254 0
26.8441 206.888 0.0408163 0
26.8441 206.888 0.0078125 0
39.4593 11.414 0.243056 1
69.108 86.2107 0.0648649 1
21.832 34.1947 0.453704 0
44.18 494.275 0.0609756 1
14.0247 722.266 0.163399 1
6.14467 464.401 0.0227273 0
6.14467 464.401 0.00675676 0
6.14467 464.401 0.0155039 0
55.1032 719.145 0.0213904 1
18.1805 714.29 0.07 1
4.74504 457.306 0.0297619 0
4.74504 457.306 0.0268456 0
4.74504 457.306 0.0101523 0
4.74504 457.306 0.0126582 0
6.69908 688.904 0.0431655 1
39.6526 716.577 0.012987 1
4.59991 452.373 0.187097 0
4.59991 452.373 0.123711 0
59.2982 718.825 0.00502513 1
3.38299 451.58 0.0555556 0
24.6381 676.081 0.160714 1
56.5511 719.887 0.0254237 1
29.4072 676.073 0.00980392 1
2.65844 444.581 0.00423729 0
2.65844 444.581 0.14218 0
26.3638 661.717 0.0877193 1
25.9629 694.954 0.0218579 1
2.62255 437.527 0.0393258 0
52.6159 699.511 0.0070922 0
2.62255 437.527 0.0350877 0
2.62255 437.527 0.291667 0
52.6159 699.511 0.0186916 0
2.62255 437.527 0.0393258 0
2.62255 437.527 0.291667 0
2.62255 437.527 0.138122 0
51.9124 261.984 0.137931 1
53.9157 274.395 0.0736842 1
2.9266 436.748 0.00584795 0
53.1628 275.407 0.0212766 1
53.3805 273.728 0.126374 1
3.14803 252.537 0.0649351 1
14.9235 262.579 0.0103093 1
1.40885 264.72 0.0746269 1
6.08816 264.694 0.038961 1
1.34975 262.835 0.0102564 1
14.1561 264.336 0.00434783 1
19.7719 263.97 0.00581395 1
7.2223 258.19 0.117647 1
25.1149 256.937 0.19403 1
42.9934 244.897 0.0116959 1
21.6871 248.948 0.0245902 0
21.6871 248.948 0.0555556 0
15.5726 254.726 0.172093 1
27.8559 234.151 0.00632911 1
3.16683 247.885 0.234234 1
26.6941 228.463 0.0780142 0
46.7123 215.975 0.294574 0
5.66222 256.199 0.313609 1
13.704 241.857 0.00549451 0
26.6719 227.962 0.0196078 0
26.6719 227.962 0.027027 0
26.6719 227.962 0.0780142 0
24.4895 672.758 0.0214286 1
44.2678 657.937 0.0113636 1
3.28488 441.714 0.234375 0
16.4673 683.571 0.035461 1
3.89784 657.419 0.289157 0
28.9294 257.653 0.00473934 0
31.3003 695.524 0.221675 1
2.5976 434.733 0.0157068 0
3.62422 654.281 0.0305677 0
17.0892 690.18 0.0789474 1
2.24144 427.921 0.0319149 0
2.24144 427.921 0.0119048 0
3.4117 647.468 0.116505 0
36.4752 644.267 0.00671141 1
3.4176 645.667 0.0107527 0
166.563 560.541 0.0809249 1
85.3431 637.555 0.0331126 1
9.68226 692.708 0.108808 1
25.2002 697.599 0.0348259 1
6.50511 477.881 0.03125 0
28.8261 715.702 0.0704225 1
4.85279 714.603 0.219512 1
6.02103 469.95 0.0159574 0
9.75633 701.145 0.00636943 1
5.93392 467.174 0.0568182 0
5.93392 467.174 0.0153061 0
5.93392 467.174 0.00452489 0
58.3355 723.596 0.0192308 1
4.60902 465.204 0.0046729 0
4.60902 465.204 0.453704 0
4.60902 465.204 0.0227273 0
4.60902 465.204 0.00452489 0
4.60902 465.204 0.0306122 0
4.60902 465.204 0.0432432 0
4.60902 465.204 0.00851064 0
39.0725 246.885 0.00543478 0
4.60902 465.204 0.0306122 0
43.1161 712.089 0.204545 1
4.28347 464.335 0.0432432 0
57.5175 725.076 0.616071 1
56.4033 725.436 0.00510204 1
52.5 716.336 0.037037 1
42.8626 717.111 0.135135 1
54.0112 720.82 0.0231214 1
48.6496 712.426 0.207547 1
7.14425 699.036 0.175824 1
20.3406 677.591 0.00671141 1
51.9807 705.674 0.0705128 1
68.3974 643.663 0.455446 1
5.03178 693.219 0.176471 1
26.1929 694.889 0.00970874 1
2.80881 444.969 0.138122 0
2.80881 444.969 0.00584795 0
2.80881 444.969 0.118056 0
39.7979 704.569 0.155039 1
2.9094 444.485 0.0070922 0
2.9094 444.485 0.0186916 0
2.9094 444.485 0.118056 0
2.9094 444.485 0.0645161 0
54.4102 263.53 0.335616 1
52.6917 268.339 0.0485437 1
52.1857 268.397 0.00617284 1
48.2871 255.101 0.0784314 1
18.0689 255.649 0.0148148 1
8.45525 249.778 0.0666667 1
13.0374 263.351 0.0769231 1
30.5821 243.243 0.146341 1
21.5864 258.671 0.242038 1
17.5085 260.945 0.0114943 1
9.54323 261.879 0.0994152 1
19.4441 261.604 0.153846 1
12.5838 257.266 0.0183486 1
26.022 238.333 0.037594 1
21.4722 244.174 0.142857 0
72.321 194.759 0.270492 0
116.087 196.403 0.0103093 1
7.13597 264.903 0.0925926 1
21.6584 253.409 0.0245902 0
21.6584 253.409 0.0555556 0
21.6584 253.409 0.142857 0
21.6584 253.409 0.0344828 0
93.6921 49.4151 0.0273973 1
81.7154 256.582 0.492308 1
4.66374 46.0036 0.0344828 0
4.66374 46.0036 0.0617284 0
4.66374 46.0036 0.025974 0
3.2333 234.114 0.0140845 0
4.66374 46.0036 0.270492 0
4.66374 46.0036 0.0617284 0
4.66374 46.0036 0.0571429 0
4.66374 46.0036 0.0230769 0
26.6459 304.853 0.00775194 1
14.3826 7.3436 0.0571429 0
14.3826 7.3436 0.0138889 0
3.2333 234.114 0.0833333 0
20.5594 255.875 0.0185185 0
2.58541 437.738 0.0314465 0
3.2333 234.114 0.00460829 0
20.5594 255.875 0.00448431 0
7.97566 234.389 0.144231 0
2.58541 437.738 0.294574 0
2.58541 437.738 0.0314465 0
2.58541 437.738 0.0603448 0
19.6149 693.613 0.0571429 1
6.89408 669.286 0.168 1
2.68987 431.551 0.234375 0
2.68987 431.551 0.0157068 0
2.68987 431.551 0.0119048 0
2.68987 431.551 0.0603448 0
2.68987 431.551 0.106509 0
1.99906 226.295 0.0721649 1
2.69965 432.099 0.0606061 0
35.4353 261.642 0.00613497 0
2.69965 432.099 0.00549451 0
2.69965 432.099 0.106509 0
2.69965 432.099 0.0434783 0
33.9608 693.742 0.125 1
39.1424 689.188 0.056701 1
2.63087 690.993 0.0438596 1
3.23267 424.164 0.289157 0
3.23267 424.164 0.0305677 0
3.23267 424.164 0.116505 0
3.23267 424.164 0.0107527 0
3.23267 424.164 0.0434783 0
3.23267 424.164 0.111524 0
3.23267 424.164 0.111524 0
8.78598 680.836 0.0100334 1
7.58338 669.941 0.0569106 1
13.7654 661.292 0.00460829 1
30.2144 659.535 0.0413793 1
13.8962 653.309 0.00617284 1
75.6979 609.871 0.0855263 1
101.847 651.961 0.013986 1
27.7642 637.035 0.337748 1
17.2439 663.102 0.109589 1
34.325 668.34 0.0365854 1
2.50912 407.968 0.00851064 0
46.4494 656.925 0.103261 1
2.8654 406.825 0.00543478 0
51.0222 672.547 0.0883534 1
41.019 669.151 0.0203046 1
49.7832 673.571 0.0236967 1
48.9719 668.946 0.0194175 1
46.2119 664.292 0.164234 1
48.3625 668.042 0.0647773 1
45.598 660.866 0.13 1
38.8815 662.985 0.185841 1
30.809 658.56 0.0104167 1
48.7075 661.405 0.00666667 1
44.1561 661.899 0.0347222 1
7.69507 392.925 0.00675676 0
7.69507 392.925 0.0645161 0
7.69507 392.925 0.0687023 0
45.1094 665.208 0.0227273 0
7.69507 392.925 0.00675676 0
7.69507 392.925 0.0687023 0
7.69507 392.925 0.0411765 0
52.6334 272.283 0.454054 1
52.1841 273.132 0.0215827 1
52.289 271.91 0.00819672 1
7.28991 269.584 0.16 1
3.60523 271.594 0.0246305 1
1.81095 265.131 0.0375 1
2.38755 266.457 0.0192308 1
6.59136 265.881 0.0114286 1
22.8202 266.392 0.202381 1
14.2013 264.983 0.1875 1
33.0547 256.334 0.264957 1
8.65332 263.863 0.037037 1
3.31242 258.336 0.0352113 1
17.85 252.074 0.0172414 1
73.131 226.49 0.220183 1
22.0945 228.193 0.0148148 0
13.9549 5.3222 0.0230769 0
13.1583 266.007 0.0532544 1
22.025 227.537 0.0645161 0
14.0254 4.66614 0.025974 0
3.89775 240.431 0.0472973 1
35.1027 186.527 0.00934579 1
7.47231 3.34769 0.0138889 0
5.65862 234.784 0.122222 1
2.36911 407.498 0.0537634 1
19.0097 639.139 0.0163043 0
7.26937 387.579 0.0140845 0
7.26937 387.579 0.0833333 0
7.26937 387.579 0.00460829 0
19.0097 639.139 0.341837 0
37.9672 647.274 0.0122699 1
21.9554 644.423 0.0183486 1
7.72939 384.705 0.0185185 0
7.72939 384.705 0.00448431 0
19.5008 636.265 0.118812 0
7.72939 384.705 0.144231 0
7.72939 384.705 0.0606061 0
41.4085 646.419 0.0443038 1
23.9658 626.043 0.0424528 1
8.26709 381.559 0.00613497 0
9.55031 636.632 0.0201005 1
25.3657 623.985 0.0654206 1
7.54203 624.677 0.0168776 1
6.39123 623.276 0.156118 1
57.2962 580.932 0.0436681 1
47.2558 605.551 0.179104 1
11.4009 608.443 0.0139535 1
83.4269 620.87 0.0519481 1
52.3749 612.304 0.296774 1
24.0882 594.809 0.0578512 1
65.0967 600.894 0.0141844 1
8.33537 613.601 0.0193237 1
25.6766 587.164 0.0657895 1
20.0024 619.029 0.133333 1
7.29381 610.642 0.03125 1
44.0024 625.784 0.155556 1
26.8802 624.728 0.0297619 1
106.795 534.986 0.01 1
7.10036 603.012 0.00529101 1
47.9511 636.625 0.00326797 1
13.7351 612.672 0.0194805 1
46.9166 636.619 0.00858369 1
37.3228 628.452 0.0110497 1
8.18571 616.88 0.197531 1
44.2692 624.811 0.036036 0
7.04435 368.374 0.00543478 0
44.2692 624.811 0.10303 0
7.04435 368.374 0.0411765 0
7.04435 368.374 0.0526316 0
44.2692 624.811 0.00657895 0
7.04435 368.374 0.0227273 0
7.04435 368.374 0.00543478 0
7.04435 368.374 0.0526316 0
51.1529 256.438 0.125749 1
52.0384 272.089 0.0142857 1
43.4104 264.938 0.0125786 1
32.321 26.6432 0.27027 1
3.14455 267.228 0.121951 1
9.61815 267.706 0.142045 1
1.48756 265.315 0.0769231 1
5.37956 267.658 0.0222222 1
15.9969 266.088 0.0283019 1
3.09737 267.813 0.0145985 1
0.650906 266.169 0.030303 1
20.8334 260.712 0.0397351 1
3.81997 257.657 0.224 1
6.48657 370.727 0.00714286 0
62.0426 212.756 0.0241935 0
56.3018 221.575 0.0634921 0
30.9564 244.342 0.128049 0
18.774 619.933 0.0189573 0
62.0762 592.302 0.00598802 1
36.5421 615.56 0.0195122 1
23.3518 587.398 0.0898876 1
30.8218 624.326 0.0480769 1
5.63882 612.692 0.0561798 1
6.12351 366.929 0.0148148 0
6.12351 366.929 0.0645161 0
6.12351 366.929 0.00714286 0
18.38 616.135 0.0163043 0
18.38 616.135 0.341837 0
18.38 616.135 0.118812 0
18.38 616.135 0.0189573 0
18.38 616.135 0.0045045 0
43.5481 628.516 0.0625 1
33.0392 623.694 0.195531 1
9.53621 613.855 0.0238095 1
18.9474 612.575 0.0045045 0
19.4134 617.073 0.171053 1
16.4239 609.016 0.0224215 1
43.917 594.028 0.0481928 1
27.0992 597.481 0.0097561 1
63.471 563.871 0.135714 1
4.57993 577.138 0.0152284 1
30.3188 600.464 0.241758 1
103.645 578.818 0.056338 1
22.4741 588.646 0.00657895 1
47.251 579.13 0.0822785 1
9.86883 602.177 0.128514 1
24.133 607.109 0.158537 1
42.9278 564.576 0.0546875 1
28.1562 608.522 0.00757576 1
10.1323 591.075 0.0377358 1
47.4628 616.031 0.171103 1
37.0722 608.448 0.233831 1
47.2891 613.989 0.113208 1
45.6006 613.905 0.0604982 1
41.0212 614.136 0.00495049 1
44.4372 613.866 0.00680272 0
44.4372 613.866 0.0472103 0
45.4789 612.311 0.00413223 0
44.4372 613.866 0.0149254 0
45.4789 612.311 0.027972 0
7.05935 348.702 0.036036 0
7.05935 348.702 0.10303 0
7.05935 348.702 0.00657895 0
51.3552 265.164 0.0165746 1
51.9889 264.102 0.273684 1
50.9757 269.925 0.129771 1
50.6369 269.909 0.020202 1
51.3619 268.479 0.00917431 1
31.686 263.494 0.416667 1
7.55204 181.066 0.034188 1
15.0125 250.52 0.0672269 1
11.5847 266.23 0.00793651 1
17.6213 264.544 0.198413 1
1.28973 261.548 0.018018 1
26.1142 252.643 0.0333333 1
11.8674 266.762 0.0909091 1
0.987131 263.631 0.0197368 1
3.52887 262.03 0.0125786 1
7.31225 265.16 0.0471698 1
9.26842 264.69 0.0380952 1
61.1705 215.576 0.142857 1
63.5132 212.294 0.0070922 0
5.60636 349.163 0.013986 0
5.60636 349.163 0.0497238 0
21.5956 227.803 0.188776 0
3.83748 239.839 0.0253807 0
63.5132 212.294 0.0241935 0
63.5132 212.294 0.0070922 0
68.4622 561.457 0.154545 1
26.5132 577.784 0.233129 1
6.50997 588.398 0.0182927 1
5.21122 346.549 0.0634921 0
5.21122 346.549 0.013986 0
5.38694 587.98 0.0222222 1
5.2182 344.579 0.128049 0
5.2182 344.579 0.0497238 0
16.6271 602.127 0.00952381 1
33.1737 601.153 0.126374 1
19.5491 587.575 0.191964 1
12.0301 581.207 0.0166667 1
86.5634 548.573 0.0153846 1
16.1381 588.428 0.0965909 1
2.56459 585.325 0.0582524 1
4.98756 583.284 0.0287081 1
16.1394 585.107 0.149254 1
73.582 554.775 0.335821 1
13.1611 584.572 0.0397351 1
28.8383 586.854 0.0437158 1
60.5216 549.363 0.0177778 1
97.2308 545.42 0.00549451 1
78.5053 559.089 0.0176211 1
32.2089 582.557 0.0115607 1
49.755 575.55 0.00578035 1
12.44 555.494 0.24 1
4.3636 585.095 0.115789 1
10.7714 585.311 0.0186916 1
115.952 477.249 0.00892857 1
40.233 599.559 0.336957 1
47.2972 595.383 0.0961538 1
41.1171 603.323 0.0291262 1
46.7992 601.529 0.047138 1
27.0264 597.788 0.076087 1
46.3527 605.324 0.00653595 0
46.3527 605.324 0.115854 0
4.33886 340.359 0.0555556 0
46.3527 605.324 0.291846 0
4.33886 340.359 0.0520231 0
15.3119 590.1 0.038961 0
46.3527 605.324 0.149351 0
46.3159 606.863 0.0514286 0
4.33886 340.359 0.00680272 0
4.33886 340.359 0.0472103 0
4.33886 340.359 0.0149254 0
4.33886 340.359 0.0555556 0
4.33886 340.359 0.0520231 0
19.5546 249.741 0.0169492 1
50.3811 264.962 0.251282 1
50.214 266.95 0.12037 1
49.7395 269.44 0.0379747 1
3.63499 339.353 0.00413223 0
3.63499 339.353 0.027972 0
49.4046 269.863 0.00900901 1
47.0838 260.246 0.152174 1
26.6495 228.219 0.0645161 1
25.4836 259.549 0.229358 1
54.2577 246.589 0.0957447 1
7.38063 262.014 0.123596 1
2.56601 263.917 0.122093 1
9.57508 263.383 0.284211 1
11.2145 265.807 0.0130719 1
68.7302 232.417 0.174603 1
17.9211 266.756 0.0657895 1
13.5276 259.802 0.00645161 1
6.63556 264.899 0.131387 1
9.84426 246.644 0.127962 1
3.95256 340.345 0.015873 0
3.95256 340.345 0.188776 0
3.95256 340.345 0.015873 0
3.95256 340.345 0.256522 0
76.6344 567.472 0.00529101 1
34.3697 578.692 0.13615 1
17.1726 570.507 0.00865801 1
3.41048 339.088 0.0253807 0
7.82978 574.313 0.027027 1
17.5038 583.344 0.0461538 1
16.5569 558.874 0.0564972 1
59.685 571.4 0.0483871 1
44.5348 582.15 0.0816327 1
30.216 584.998 0.0294118 1
29.7516 576.453 0.0243902 1
8.19684 573.238 0.0946746 1
7.51625 567.714 0.160194 1
35.9954 590.436 0.147826 1
9.11773 575.396 0.018018 1
47.0367 589.292 0.0858896 1
32.2589 546.616 0.446602 1
63.5482 566.292 0.0207254 1
87.0257 531.204 0.00552486 1
13.8249 579.653 0.0208333 1
55.1047 552.582 0.01 1
26.1655 542.927 0.0414201 1
25.4715 570.382 0.00512821 1
6.43941 560.555 0.0995025 1
30.7648 574.602 0.165563 1
47.4537 589.451 0.0729614 1
45.5439 587.506 0.229167 1
26.9011 558.382 0.188679 1
3.38586 325.075 0.038961 0
52.3554 264.025 0.123596 1
34.7969 262.325 0.25 1
3.24691 323.424 0.00653595 0
3.24691 323.424 0.115854 0
3.24691 323.424 0.291846 0
3.24691 323.424 0.149351 0
3.24691 323.424 0.0425532 0
3.24691 323.424 0.0514286 0
49.6172 270.522 0.0466667 1
50.5846 270.373 0.106557 1
49.2288 266.895 0.153153 1
9.79367 236.78 0.0630631 1
41.224 227.971 0.215909 1
31.5685 206.232 0.153061 1
19.3304 258.452 0.178808 1
28.7534 259.336 0.116667 1
14.2926 265.913 0.0994475 1
7.06457 263.257 0.0697674 1
21.8241 263.798 0.0357143 1
29.0498 244.324 0.0794702 1
11.2675 264.917 0.0985916 1
16.9004 261.249 0.0588235 1
8.13467 264.108 0.0479452 1
39.6694 241.054 0.0285714 1
3.32609 325.966 0.256522 0
3.32609 325.966 0.00888889 0
111.042 206.383 0.0106952 0
49.9631 227.824 0.00454545 0
3.32609 325.966 0.0973451 0
162.872 529.271 0.0238095 0
113.854 532.349 0.246575 0
52.7325 553.79 0.418994 1
3.12331 325.991 0.00888889 0
3.12331 325.991 0.0145985 0
113.61 532.374 0.0117647 0
6.29421 541.989 0.047619 1
66.7492 555.402 0.0306748 1
45.3456 572.487 0.0714286 1
24.9213 551.307 0.161826 1
6.56645 569.532 0.247525 1
33.3601 540.058 0.0231481 1
27.127 552.643 0.0289855 1
145.273 523.461 0.0843373 1
47.3076 535.257 0.00628931 1
12.5829 574.895 0.0276498 1
58.7835 543.369 0.0421687 1
30.4097 530.536 0.00865801 1
4.52758 552.775 0.00956938 1
44.6395 573.923 0.171053 1
8.41626 549.927 0.0114943 1
24.2478 571.296 0.0116959 1
4.38193 559.513 0.322115 1
23.1393 558.938 0.0569948 1
40.9627 549.275 0.0347222 1
13.041 548.787 0.0129032 1
8.6514 546.688 0.0134529 1
36.4139 531.515 0.155172 1
22.8217 530.696 0.114754 1
9.54231 554.916 0.0468085 1
51.5127 573.688 0.0330578 1
10.9233 551.076 0.108911 1
25.3118 551.127 0.0248447 1
48.7981 568.373 0.12 1
2.22898 313.564 0.0425532 0
2.22898 313.564 0.11236 0
48.2592 578.069 0.295154 1
47.8807 575.268 0.0106383 0
2.45367 312.992 0.0103093 0
2.45367 312.992 0.11236 0
2.45367 312.992 0.0103093 0
2.45367 312.992 0.170732 0
49.7767 262.276 0.277108 1
49.3649 264.954 0.0621118 1
2.17746 312.323 0.0405405 0
49.3129 268.649 0.038961 1
49.1268 268.545 0.0111111 1
50.2091 266.654 0.0206897 1
48.8151 268.467 0.245033 1
49.0443 266.535 0.0755814 1
33.7898 247.869 0.0917431 1
8.31823 231.077 0.0431034 1
21.2745 261.538 0.115646 1
17.7077 265.582 0.0211268 1
23.4191 262.665 0.0422535 1
15.6075 259.65 0.0654762 1
68.4999 224.363 0.359375 1
16.9285 264.79 0.008 1
3.89183 262.371 0.193103 1
24.2438 247.126 0.0148148 1
1.83312 313.529 0.0973451 0
1.83312 313.529 0.0145985 0
160.981 202.768 0.0253165 0
111.927 205.846 0.141414 0
139.907 217.047 0.0280374 0
83.0107 221.317 0.134831 0
161.821 516.297 0.0238095 0
160.981 202.768 0.0253165 0
49.1456 3.07786 0.348214 1
8.55321 148.016 0.316667 1
53.3847 133.103 0.0980392 1
28.7495 243.21 0.00662252 1
131.473 6.02957 0.0106952 0
132.353 307.499 0.246575 0
132.353 307.499 0.0117647 0
131.473 6.02957 0.141414 0
132.353 307.499 0.0363636 0
33.3736 217.312 0.0300752 1
1.83312 313.529 0.00454545 0
126.897 291.051 0.0363636 0
126.897 291.051 0.0129032 0
126.897 291.051 0.120482 0
86.0303 495.546 0.0106383 0
126.897 291.051 0.017341 0
86.0303 495.546 0.0102564 0
7.99386 538.407 0.218605 1
37.2151 533.398 0.00518135 1
85.8512 493.647 0.0201342 0
10.5894 503.763 0.0600858 1
106.178 480.529 0.00714286 1
17.7937 561.629 0.0216216 1
5.59333 552.672 0.104478 1
26.435 557.168 0.0326797 1
52.1291 550.443 0.0167598 1
83.5649 518.059 0.0223881 1
9.20267 532.925 0.00440529 1
48.0748 519.187 0.0185185 1
22.3885 547.021 0.298343 1
31.9052 546.505 0.0412371 1
43.4117 546.589 0.0140845 1
37.8049 562.536 0.0843373 1
8.74024 552.064 0.103448 1
45.6557 559.842 0.00784314 1
30.1358 553.837 0.00598802 1
23.4085 544.115 0.0425532 1
7.05424 538.991 0.0483092 1
21.2821 545.496 0.0135747 1
27.2862 558.343 0.018018 1
39.9883 554.949 0.0145985 1
48.6299 568.118 0.0430108 0
48.6299 568.118 0.0116732 0
48.6291 567.763 0.187234 1
46.5658 567.487 0.0111111 0
2.28989 304.202 0.170732 0
2.28989 304.202 0.0405405 0
2.28989 304.202 0.265116 0
2.28989 304.202 0.0190476 0
46.5658 567.487 0.0828729 0
46.9143 571.403 0.00595238 0
2.28989 304.202 0.0106383 0
2.28989 304.202 0.265116 0
2.28989 304.202 0.00507614 0
48.4333 263.285 0.0704225 1
48.591 267.399 0.0232558 1
1.9611 303.902 0.0190476 0
48.3661 267.744 0.017094 1
48.5875 267.83 0.109756 1
47.4442 265.09 0.0405405 1
47.8942 267.634 0.0136986 1
30.2962 255.782 0.0895522 1
12.0574 245.243 0.0125 1
7.63997 0.44808 0.272189 1
10.9748 253.681 0.127962 1
13.7358 262.595 0.0875912 1
8.35257 264.612 0.0171429 1
8.23574 264.565 0.011236 1
12.8294 249.301 0.161538 1
126.935 23.724 0.0222222 0
126.935 23.724 0.145299 0
131.294 246.337 0.00645161 0
111.793 237.024 0.0263158 0
126.935 23.724 0.0280374 0
126.935 23.724 0.0222222 0
7.91246 270.061 0.130952 1
17.8154 236.527 0.266667 1
3.33222 230.544 0.0434783 1
125.757 24.7354 0.134831 0
126.589 330.183 0.0129032 0
125.757 24.7354 0.145299 0
39.7704 156.036 0.0257732 1
51.9228 208.142 0.351955 1
8.00767 238.602 0.0913706 1
126.948 257.261 0.120482 0
126.948 257.261 0.017341 0
126.948 257.261 0.0106383 0
126.948 257.261 0.0102564 0
126.948 257.261 0.0201342 0
126.948 257.261 0.0656566 0
95.9639 249.251 0.286486 0
126.948 257.261 0.0656566 0
126.948 257.261 0.00995025 0
31.0572 506.512 0.219512 1
31.4525 549.618 0.00617284 1
7.04217 536.716 0.0416667 1
7.38931 533.98 0.243056 1
19.4923 539.638 0.0113636 1
55.0039 517.334 0.0654206 1
14.2269 546.849 0.00862069 1
21.0349 537.949 0.120603 1
31.2605 518.515 0.170507 1
85.0419 511.81 0.0847458 1
17.9458 534.047 0.00877193 1
21.2775 518.264 0.0782609 1
8.82015 505.409 0.0797546 1
48.5717 553.497 0.0893617 1
46.9091 552.802 0.147287 1
29.0057 545.76 0.0143885 1
40.44 550.116 0.0125786 1
12.8915 530.461 0.0422535 1
58.1016 538.864 0.0402685 1
36.5826 530.982 0.109091 1
3.79984 529.703 0.123529 1
41.0984 547.143 0.311828 1
47.0649 558.59 0.00625 0
48.4684 557.831 0.0430108 0
48.4684 557.831 0.0116732 0
48.4684 557.831 0.00416667 0
48.4684 557.831 0.1 0
48.4684 557.831 0.0047619 0
2.94509 0.759402 0.578947 1
1.38273 3.70972 0.0698925 1
1.52194 295.645 0.00507614 0
47.4669 558.675 0.00416667 0
1.52194 295.645 0.171779 0
47.4669 558.675 0.00888889 0
47.4669 558.675 0.097561 0
1.52194 295.645 0.0111111 0
1.52194 295.645 0.0828729 0
1.52194 295.645 0.171779 0
48.2957 263.031 0.0825688 1
47.1721 267.27 0.0104167 1
1.26452 294.473 0.00595238 0
46.9973 267.37 0.0204082 1
46.7865 267.479 0.0298507 1
46.6388 267.562 0.0128205 1
47.5709 266.658 0.0172414 1
39.7904 264.682 0.172414 1
46.1484 265.929 0.268293 1
46.2515 268.198 0.0181818 1
46.1484 267.467 0.057377 1
45.9567 259.929 0.0638298 1
25.1268 258.946 0.223684 1
14.7583 253.384 0.109827 1
8.91181 261.881 0.037037 1
2.90507 261.944 0.0136986 1
5.06736 262.934 0.221429 1
26.7204 260.462 0.0266667 1
20.057 261.998 0.0581395 1
13.0429 262.054 0.146341 1
15.0725 257.718 0.105556 1
28.0085 249.276 0.0526316 1
127.831 48.9464 0.00653595 0
94.4744 230.578 0.0560748 0
156.346 212.639 0.00952381 0
127.831 48.9464 0.00645161 0
127.831 48.9464 0.00653595 0
127.831 48.9464 0.0230769 0
35.3918 279.525 0.161972 1
30.1629 267.469 0.371429 1
9.45076 302.11 0.427807 1
15.1222 239.687 0.0761905 1
128.655 38.9032 0.0263158 0
75.0686 240.375 0.0714286 0
131.277 281.492 0.00862069 0
127.685 257.502 0.00995025 0
127.685 257.502 0.00531915 0
75.0686 240.375 0.0384615 0
131.277 281.492 0.0223881 0
127.685 257.502 0.286486 0
127.685 257.502 0.00531915 0
52.8119 497.877 0.0223881 1
18.7185 548.959 0.0402299 1
46.7987 548.789 0.0108108 1
43.928 543.079 0.00564972 1
28.3071 539.058 0.0729927 1
36.309 516.746 0.0409357 1
8.04189 536.84 0.0504587 1
34.7695 521 0.131818 1
8.81218 519.79 0.0980392 1
27.917 520.847 0.00401606 1
58.4144 509.118 0.119048 1
61.6879 468.433 0.0874317 1
36.6399 533.479 0.0462963 1
11.1518 513.167 0.0995671 1
14.45 510.857 0.0289855 1
11.7129 510.15 0.00431034 1
7.53376 525.72 0.0259067 1
42.5156 524.131 0.111111 1
85.5489 521.543 0.263158 1
34.4502 519.886 0.0070922 1
20.9412 535.036 0.02 1
20.307 537.713 0.0242424 1
1.50831 286.877 0.1 0
1.50831 286.877 0.0787879 0
14.5217 521.167 0.139535 0
44.2604 538.135 0.0291262 0
1.50831 286.877 0.0047619 0
14.5217 521.167 0.0948276 0
1.50831 286.877 0.00625 0
1.50831 286.877 0.00888889 0
1.50831 286.877 0.0787879 0
13.3773 234.29 0.0261438 1
43.242 251.269 0.0647059 1
1.55875 286.632 0.097561 0
46.0825 263.954 0.0547945 1
46.8534 261.073 0.106383 1
47.237 264.05 0.0654206 1
45.6508 266.261 0.0196078 1
46.4368 265.334 0.28125 1
39.9021 264.918 0.040404 1
45.0931 266.311 0.198276 1
45.2256 267.016 0.0186916 1
45.0297 267.194 0.0357143 1
44.8867 266.609 0.0263158 1
45.6944 248.675 0.03 1
33.9659 256.336 0.0254237 1
44.1228 259.346 0.025641 1
40.5562 259.902 0.115385 1
33.6082 258.434 0.0595238 1
129.517 36.4414 0.0230769 0
47.8839 241.158 0.0921053 1
107.493 241.131 0.0659341 0
129.378 36.0602 0.0560748 0
24.9287 277.191 0.0776699 1
128.481 36.1305 0.00952381 0
126.743 247.903 0.00649351 0
130.361 281.562 0.0126582 0
27.5815 274.878 0.00471698 1
37.2015 271.167 0.215247 1
12.5741 271.185 0.0394089 1
40.753 245.559 0.0320856 1
128.966 238.342 0.0714286 0
128.966 238.342 0.0384615 0
128.966 238.342 0.00649351 0
8.09139 529.466 0.2375 1
128.972 237.927 0.024 0
128.972 237.927 0.183486 0
10.2271 515.441 0.0608696 1
128.952 237.332 0.00862069 0
128.952 237.332 0.0223881 0
128.952 237.332 0.0126582 0
128.952 237.332 0.0442478 0
29.6334 538.24 0.277372 1
36.5255 493.213 0.0294118 1
11.9666 529.661 0.0896552 1
13.511 526.394 0.00510204 1
2.9777 490.462 0.0654206 1
5.5803 506.988 0.079602 1
42.39 485.464 0.0220588 1
60.6985 510.265 0.00581395 1
8.19358 504.869 0.32906 1
107.269 464.077 0.015625 1
5.98123 513.52 0.0147783 1
6.82859 521.418 0.0131579 1
20.6186 503.181 0.0183824 1
38.5918 482.266 0.0297619 1
46.2357 497.715 0.0194805 1
30.7536 478.896 0.0958904 1
28.5932 524.877 0.0205479 1
135.59 463.248 0.00862069 1
20.0046 529.844 0.0112994 1
26.7971 507.881 0.171717 1
53.6823 502.247 0.0659898 1
3.08213 283.653 0.0416667 0
3.08213 283.653 0.00729927 0
88.8253 488.918 0.00617284 1
6.15513 525.092 0.0887097 1
3.29246 285.521 0.0155039 0
3.29246 285.521 0.00684932 0
3.29246 285.521 0.139535 0
3.29246 285.521 0.0948276 0
3.29246 285.521 0.0416667 0
3.29246 285.521 0.0155039 0
3.29246 285.521 0.153846 0
47.078 260.745 0.0397351 1
3.47906 284.669 0.0291262 0
3.47906 284.669 0.00729927 0
3.47906 284.669 0.00684932 0
3.47906 284.669 0.0842105 0
34.0664 236.798 0.0168067 0
34.0664 236.798 0.0128205 0
18.8838 256.914 0.00675676 1
34.0409 236.911 0.0512821 0
5.90611 254.31 0.00793651 1
45.1991 266.559 0.0701754 1
45.2614 269.021 0.0106383 1
42.5561 267.393 0.056 1
45.2751 267.87 0.0304878 1
44.5813 268.842 0.0964912 1
44.4784 270.171 0.0487805 1
44.0184 268.936 0.0677966 1
47.785 262.52 0.2 1
32.5151 264.21 0.0481928 1
18.9959 265.042 0.00735294 1
28.3096 261.265 0.0384615 1
21.8004 263.767 0.0230769 1
23.0316 260.6 0.0168067 1
28.4511 255.318 0.0366972 1
131.327 45.7418 0.0315789 0
131.327 45.7418 0.0220588 0
119.034 230.49 0.0413223 0
139.359 246.988 0.041958 0
131.327 45.7418 0.0659341 0
131.327 45.7418 0.0315789 0
15.933 276.231 0.345588 1
10.2397 289.203 0.177215 1
16.9761 274.639 0.0189873 1
132.089 31.3329 0.0220588 0
55.2878 272.766 0.00653595 1
30.4167 293.299 0.0865385 1
9.3945 271.932 0.199074 1
132.177 236.88 0.024 0
132.177 236.88 0.00609756 0
96.438 253.751 0.00704225 0
132.177 236.88 0.183486 0
132.177 236.88 0.0442478 0
132.177 236.88 0.0472973 0
96.438 253.751 0.0793651 0
132.177 236.88 0.00609756 0
132.177 236.88 0.0472973 0
30.6347 527.95 0.00515464 1
36.0459 490.223 0.234848 1
10.3685 527.348 0.181818 1
45.4882 515.74 0.166667 1
67.9818 444.887 0.0824742 1
171.377 488.196 0.0075188 1
113.458 497.682 0.027972 1
74.8732 513.986 0.0309278 1
27.6856 489.871 0.0758123 1
10.7722 532.201 0.0141844 1
18.0868 496.725 0.00961538 1
33.3556 511.002 0.047619 1
70.0108 488.626 0.0144928 1
107.232 511.81 0.0508475 1
92.9336 536.364 0.247126 1
78.5525 500.763 0.0788177 1
45.6073 505.535 0.0536913 1
32.0963 520.708 0.0142857 1
43.813 558.253 0.0595238 1
9.28443 526.553 0.172775 1
50.6323 554.971 0.0955056 1
99.822 513.857 0.0177515 1
30.9394 538.017 0.18617 1
65.8198 538.278 0.0887097 1
49.1318 526.914 0.154839 1
20.3978 537.94 0.0223881 1
6.47529 311.082 0.153846 0
6.47529 311.082 0.0842105 0
6.47529 311.082 0.0129032 0
40.1032 546.977 0.0849057 1
6.39894 311.021 0.0129032 0
6.39894 311.021 0.0614525 0
6.39894 311.021 0.0162162 0
17.6267 225.596 0.00515464 1
6.35112 311.317 0.0168067 0
6.35112 311.317 0.0128205 0
6.35112 311.317 0.0512821 0
6.35112 311.317 0.0614525 0
6.35112 311.317 0.028777 0
6.35112 311.317 0.0819672 0
50.2696 567.289 0.195122 0
6.35112 311.317 0.0896552 0
41.3922 568.767 0.0714286 0
6.35112 311.317 0.028777 0
43.9901 255.972 0.00757576 1
34.9626 257.993 0.00934579 1
6.5096 310.581 0.0819672 0
44.7433 266.924 0.0168067 1
45.1969 266.371 0.0863309 1
43.5438 266.825 0.00884956 1
44.2354 268.667 0.0434783 1
44.0961 269.462 0.00925926 1
43.9392 269.535 0.0246914 1
43.7953 269.608 0.0895522 1
26.9274 264.142 0.269663 1
23.1051 263.942 0.251748 1
14.2267 254.785 0.141304 1
18.0606 240.941 0.019802 1
27.8769 262.519 0.0592593 1
42.6962 251.624 0.0681818 1
31.0698 237.587 0.0930233 1
136.568 49.2792 0.0217391 0
125.566 215.189 0.00961538 0
136.568 49.2792 0.0413223 0
136.568 49.2792 0.0217391 0
14.1415 264.468 0.0859375 1
25.7548 293.22 0.0163934 1
137.388 46.4162 0.041958 0
47.1391 267.011 0.0717949 1
29.8915 257.628 0.0282486 1
69.3963 272.348 0.0236686 1
130.008 214.982 0.0169492 0
14.0438 551.156 0.0309278 0
26.1763 554.564 0.261682 1
130.089 214.586 0.00704225 0
130.089 214.586 0.0793651 0
130.089 214.586 0.226087 0
143.579 468.876 0.016 1
116.534 515.83 0.12844 1
159.513 538.159 0.013245 1
149.344 548.917 0.0197368 1
179.183 574.928 0.331551 1
164.775 556.023 0.0843373 1
85.079 570.755 0.0129032 1
125.409 534.605 0.00671141 1
58.5468 556.108 0.0123457 1
112.507 562.667 0.00699301 1
17.0381 603.849 0.0234742 1
12.4075 600.474 0.0561224 1
65.8009 594.956 0.0271493 1
63.7609 608.197 0.00628931 1
100.995 582.934 0.0277778 1
4.36032 508.751 0.00819672 1
79.8658 571.519 0.00613497 1
29.8241 625.131 0.00606061 1
46.3186 640.173 0.00584795 1
22.5662 629.423 0.0731707 1
9.56766 626.759 0.295775 1
58.1581 605.268 0.010989 1
10.8425 381.626 0.00666667 0
14.6741 604.182 0.0621118 0
32.8254 635.644 0.00666667 0
10.8425 381.626 0.0162162 0
14.6741 604.182 0.307143 0
32.8254 635.644 0.0465116 0
10.8425 381.626 0.195122 0
10.8425 381.626 0.00666667 0
5.40414 222.555 0.102362 1
22.064 253.988 0.336207 1
10.8779 381.484 0.0896552 0
10.8779 381.484 0.0714286 0
38.2296 258.499 0.028169 1
32.1668 257.605 0.0396825 1
41.3079 262.347 0.023622 1
44.5038 266.809 0.177778 1
44.973 266.729 0.0784314 1
43.628 268.215 0.0390625 1
43.508 268.896 0.0526316 1
47.4068 231.993 0.0126582 1
13.5501 240.083 0.109091 1
87.0893 201.205 0.11828 1
15.1298 254.415 0.233333 1
81.0049 211.106 0.0692308 1
60.1673 240.476 0.232558 1
44.9646 178.537 0.026087 1
23.3828 233.13 0.0104167 1
136.998 87.9247 0.100917 0
136.998 87.9247 0.0121951 0
136.998 87.9247 0.00961538 0
136.998 87.9247 0.100917 0
37.315 345.747 0.037594 1
138.165 89.6622 0.0121951 0
27.537 351.103 0.0877193 1
5.45635 299.911 0.00966184 1
141.381 330.048 0.00704225 0
35.208 281.188 0.0507246 1
127.777 288.943 0.0169492 0
127.777 288.943 0.226087 0
140.424 332.229 0.0291971 0
127.777 288.943 0.0127389 0
154.613 341.762 0.0307692 0
16.806 621.172 0.0309278 0
140.424 332.229 0.00704225 0
140.424 332.229 0.0291971 0
140.424 332.229 0.02 0
20.3972 3.08256 0.518797 0
15.0519 9.53246 0.44898 0
32.4467 15.0231 0.00507614 0
127.777 288.943 0.0127389 0
27.6926 630.705 0.011976 1
43.6446 635.896 0.0414747 1
27.2664 550.473 0.0251572 1
85.0544 562.613 0.398649 1
182.275 624.195 0.0535714 1
109.919 580.809 0.161677 1
133.278 626.946 0.0381356 1
111.976 587.565 0.037234 1
50.2797 591.161 0.0191083 1
19.1894 581.721 0.00662252 1
41.9562 574.674 0.0307018 1
94.2976 593.139 0.182857 1
30.0917 628.672 0.00480769 1
123.54 552.832 0.0148148 1
41.2299 594.852 0.226415 1
10.8242 624.533 0.0125 1
29.7841 627.766 0.221053 1
25.0736 633.935 0.00578035 1
19.9251 602.893 0.254167 1
7.30636 610.167 0.00454545 1
42.6418 650.871 0.0636943 1
56.6364 658.723 0.0310559 1
40.4898 658.615 0.219355 1
19.8616 650.492 0.0201342 1
21.1635 638.477 0.107383 1
16.1705 649.447 0.00854701 0
12.7512 395.517 0.0621118 0
12.7512 395.517 0.307143 0
12.7512 395.517 0.0189873 0
20.3691 253.93 0.0616438 1
12.7281 395.767 0.00666667 0
12.7281 395.767 0.0465116 0
11.2958 250.329 0.254237 1
32.8579 14.9931 0.305556 1
36.5085 80.4489 0.0114943 1
7.61861 101.452 0.0153846 1
15.3469 256.828 0.170455 1
39.5185 134.241 0.255102 1
14.7663 251.349 0.0821918 1
26.6106 262.262 0.152542 1
39.8259 270.769 0.0234375 0
44.3204 276.574 0.042735 1
44.8778 275.552 0.146341 0
81.0196 204.394 0.140625 1
100.067 257.379 0.0188679 1
118.088 262.753 0.0963855 0
143.147 265.54 0.0117647 0
108.601 242.189 0.193878 0
108.601 242.189 0.0163934 0
138.209 78.1173 0.00568182 0
108.601 242.189 0.101266 0
121.284 229.118 0.141026 0
32.7038 307.235 0.0350877 0
10.8922 332.378 0.227273 1
37.6017 334.681 0.0047619 1
16.8262 255.523 0.045977 1
140.523 73.6276 0.00568182 0
34.0347 302.746 0.0194805 0
142.718 327.739 0.02 0
123.05 324.657 0.0775194 1
126.329 248.388 0.00699301 0
88.7017 375.179 0.299213 1
139.455 429.248 0.518797 0
124.986 214.519 0.0555556 0
42.8652 413.292 0.0140845 0
124.986 214.519 0.0307692 0
18.2524 643.767 0.44898 0
124.986 214.519 0.00699301 0
124.986 214.519 0.0555556 0
124.986 214.519 0.0241935 0
14.2245 630.242 0.0422535 1
35.035 654.459 0.0523256 1
18.1546 642.901 0.00507614 0
22.7038 649.662 0.00787402 1
18.2079 624.291 0.0130719 1
49.0435 607.715 0.0661765 1
76.0017 622.982 0.188406 1
12.6854 596.112 0.0736196 1
12.6 645.378 0.0111732 1
31.4265 650.172 0.0179641 1
22.5564 649.904 0.0512821 1
29.1154 577.042 0.277533 1
65.44 609.881 0.0633484 1
8.79787 621.399 0.0439024 1
20.7599 611.761 0.00471698 1
83.9318 580.98 0.105634 1
9.72988 624.173 0.0526316 1
8.70198 642.177 0.0622222 1
68.4992 576.964 0.0884354 1
43.7567 620.617 0.0612245 1
19.4288 639.836 0.0247525 1
25.7789 586.265 0.0502513 1
52.5064 652.991 0.123762 1
24.6301 625.955 0.149171 1
12.605 382.853 0.285714 0
33.6906 621.593 0.0490798 0
12.605 382.853 0.0189873 0
12.605 382.853 0.13253 0
33.6906 621.593 0.125714 0
12.605 382.853 0.00854701 0
12.605 382.853 0.285714 0
12.605 382.853 0.13253 0
12.605 382.853 0.0171429 0
44.038 238.74 0.263804 1
79.9911 240.216 0.00806452 0
79.9911 240.216 0.00934579 0
79.9911 240.216 0.0172414 0
87.8743 209.909 0.0961538 0
72.3607 230.641 0.0327869 0
27.2133 242.694 0.0294118 0
27.2133 242.694 0.0882353 0
19.7106 266.26 0.0487805 0
40.0796 276.363 0.0234375 0
5.86443 3.68607 0.296703 1
45.3141 281.075 0.0555556 0
45.5779 280.324 0.333333 0
45.3141 281.075 0.146341 0
45.3141 281.075 0.0555556 0
1.2608 0.751266 0.186207 1
117.993 262.714 0.222222 0
160.817 256.362 0.0136986 0
117.993 262.714 0.0963855 0
117.993 262.714 0.222222 0
25.9771 2.78735 0.26087 1
33.9437 32.9093 0.037037 1
150.192 182.811 0.0117647 0
3.53401 75.6236 0.109091 1
108.507 242.149 0.0126582 0
150.652 190.465 0.0123457 0
142.546 263.906 0.123288 0
108.507 242.149 0.193878 0
108.507 242.149 0.0163934 0
108.507 242.149 0.101266 0
108.507 242.149 0.0126582 0
41.0988 26.1153 0.127273 1
8.7234 45.6906 0.105263 1
17.5479 85.4857 0.0769231 1
30.4809 93.7062 0.0357143 1
17.3303 95.2021 0.0285714 1
151.189 178.447 0.141026 0
33.6021 353.622 0.0350877 0
33.6021 353.622 0.0194805 0
33.6021 353.622 0.0214286 0
16.674 72.3698 0.0307692 1
22.9422 77.558 0.0612245 0
33.7179 340.031 0.0214286 0
16.5667 417.589 0.00549451 1
33.4585 336.746 0.00621118 0
49.5725 436.017 0.00584795 0
42.1206 384.578 0.0967742 1
125.972 207.047 0.0241935 0
43.7953 413.962 0.0869565 0
90.2658 334.394 0.0480769 1
35.7044 460.797 0.00632911 0
64.4213 425.468 0.0315789 0
42.5591 439.615 0.0140845 0
42.5591 439.615 0.0869565 0
15.8409 5.52136 0.0833333 1
37.9108 45.7377 0.0420168 1
65.185 56.766 0.107143 0
134.85 550.096 0.0232558 0
65.185 56.766 0.479592 0
110.353 67.8774 0.018018 0
134.85 550.096 0.0232558 0
72.5085 606.862 0.212389 1
25.1345 618.038 0.325397 1
8.03365 641.49 0.0572917 1
16.8964 630.571 0.0795455 1
16.8353 582.756 0.045045 1
23.7166 635.05 0.0165746 1
48.7192 608.991 0.444444 1
39.6936 649.668 0.0112994 1
50.5333 648.918 0.305389 1
36.9399 642.75 0.0273973 1
9.83027 617.397 0.204545 1
30.9034 629.298 0.0655022 1
47.2871 608.506 0.0216216 1
10.31 621.255 0.257282 1
51.5992 594.69 0.150838 1
58.3419 573.728 0.12381 1
14.7279 628.12 0.0333333 1
33.4867 627.384 0.00540541 1
17.5138 621.562 0.00790514 1
19.8637 589.314 0.136364 1
4.48196 590.487 0.0285714 1
59.0521 646.626 0.0135747 1
44.2342 637.26 0.0510204 1
12.2515 375.423 0.0171429 0
12.2515 375.423 0.0108696 0
35.6611 611.349 0.0540541 1
12.1549 375.089 0.0490798 0
12.1549 375.089 0.125714 0
12.1549 375.089 0.0108696 0
79.9911 240.216 0.180451 0
110.778 233.847 0.0155039 0
12.1549 375.089 0.017341 0
15.1498 240.549 0.0654762 0
45.7201 219.24 0.00606061 0
79.9911 240.216 0.00806452 0
79.9911 240.216 0.00934579 0
79.9911 240.216 0.0172414 0
79.9911 240.216 0.180451 0
31.2761 6.36945 0.255556 1
33.4772 73.3641 0.00961538 1
106.819 111.869 0.00775194 0
70.6624 90.5602 0.0396825 0
114.57 128.68 0.0155039 0
106.819 111.869 0.008 0
70.6624 90.5602 0.057377 0
18.6351 55.4784 0.0648148 1
36.2753 113.61 0.162791 1
37.7625 131.473 0.0361446 1
12.1601 194.678 0.23125 1
4.89299 184.94 0.0124224 1
125.958 96.9281 0.0961538 0
54.4151 133.713 0.0163934 1
21.6069 169.79 0.0136986 1
122.868 71.4117 0.0327869 0
98.7815 171.282 0.1625 0
72.058 164.007 0.103896 0
27.2133 242.694 0.0294118 0
27.2133 242.694 0.0882353 0
98.7815 171.282 0.1625 0
40.5363 23.566 0.163462 1
51.4824 44.1693 0.126437 1
3.76535 128.606 0.134831 1
18.5449 129.652 0.0487805 0
41.6156 145.017 0.4 1
7.74466 5.0407 0.169014 1
44.0531 273.001 0.333333 0
3.6417 2.68309 0.133971 1
150.652 190.465 0.0136986 0
32.0648 52.0768 0.103896 1
3.04059 132.665 0.0350877 1
162.255 156.686 0.0123457 0
1.77291 119.983 0.0136986 1
10.957 0.168373 0.037037 1
3.0755 137.821 0.00813008 1
3.94767 129.512 0.0166667 1
158.887 156.73 0.123288 0
7.18966 123.118 0.0267857 1
35.8868 361.655 0.00621118 0
32.1302 103.971 0.0714286 1
36.0905 347.998 0.0373832 0
18.0264 131.356 0.0659341 1
25.75 109.309 0.00584795 0
36.3056 347.721 0.00584795 0
36.3056 347.721 0.025641 0
23.0263 131.704 0.1 1
42.4305 129.438 0.116505 1
23.5212 136.716 0.0497238 0
37.138 320.314 0.0612245 0
37.138 320.314 0.0373832 0
37.138 320.314 0.025641 0
37.138 320.314 0.015873 0
29.2669 457.03 0.269608 1
59.9186 460.318 0.278846 1
29.9965 377.074 0.0731707 1
37.8201 473.008 0.0403226 0
48.2778 468.766 0.12 0
37.8201 473.008 0.0403226 0
23.3804 99.3736 0.320225 1
31.6329 361.274 0.0222222 0
39.2782 107.492 0.151515 1
22.7295 145.979 0.10596 1
12.3376 117.4 0.0289855 1
33.9277 340.453 0.00632911 0
126.032 168.658 0.0315789 0
148.435 509.112 0.107143 0
148.435 509.112 0.479592 0
148.435 509.112 0.00952381 0
57.3206 617.841 0.0344828 1
148.378 509.063 0.018018 0
40.571 615.366 0.102041 1
27.9521 636.711 0.0322581 1
3.18424 614.704 0.0991736 1
7.79821 617.365 0.0301724 1
33.4825 635.272 0.152709 1
24.3651 633.225 0.00904977 1
24.7523 568.424 0.0113636 1
2.83425 610.063 0.0677083 1
2.11477 618.54 0.03125 1
52.6398 575.819 0.015748 1
24.2089 613.967 0.226244 1
15.9053 611.508 0.010582 1
25.6758 610.396 0.0260417 1
26.8086 609.617 0.141104 1
57.1634 577.513 0.0168067 1
59.2454 597.304 0.145161 1
42.9657 628.464 0.0112994 1
31.192 631.644 0.0705882 1
50.9839 631.193 0.0434783 1
48.7367 615.71 0.00549451 1
56.2087 642.278 0.405512 1
49.0919 640.729 0.0430108 1
11.4579 368.908 0.017341 0
16.2653 609.457 0.325444 1
36.3355 587.59 0.0301205 1
56.5168 639.402 0.0669856 1
47.6149 635.937 0.0129032 1
11.1971 367.774 0.0654762 0
112.244 439.186 0.00775194 0
112.244 439.186 0.008 0
112.244 439.186 0.00680272 0
11.1971 367.774 0.00606061 0
112.244 439.186 0.0396825 0
112.244 439.186 0.057377 0
112.244 439.186 0.215278 0
23.6441 611.563 0.0797101 1
112.269 438.903 0.00680272 0
112.269 438.903 0.215278 0
112.269 438.903 0.0241935 0
72.7937 158.682 0.0406504 0
72.7937 158.682 0.00684932 0
38.0458 150.97 0.0232558 1
4.79137 165.091 0.00641026 1
113.242 48.5016 0.0674157 0
113.242 48.5016 0.103896 0
113.242 48.5016 0.0674157 0
113.242 48.5016 0.0363636 0
47.253 133.158 0.0769231 0
17.4008 153.876 0.213115 1
35.9389 146.848 0.0206186 1
39.7756 165.106 0.0243902 1
20.6687 164.741 0.414343 1
2.77724 147.256 0.159664 1
8.66798 155.817 0.121951 1
5.03434 146.952 0.367647 1
9.05452 145.568 0.0241935 1
26.045 143.807 0.046729 1
36.8585 335.843 0.015873 0
36.8585 335.843 0.0210526 0
34.2742 147.584 0.243697 1
27.8993 134.705 0.0097561 0
36.8482 141.738 0.0166667 0
37.2186 330.252 0.00584795 0
37.2186 330.252 0.0497238 0
37.2186 330.252 0.0210526 0
37.2186 330.252 0.00507614 0
37.2186 330.252 0.00531915 0
34.9344 464.957 0.257951 1
42.2218 469.695 0.232323 1
14.3108 447.469 0.0497738 1
32.6058 335.633 0.0222222 0
32.6058 335.633 0.0581395 0
32.6058 335.633 0.12 0
32.6058 335.633 0.0581395 0
16.1429 132.913 0.110092 1
5.91025 138.03 0.141935 1
3.63793 125.721 0.00625 1
152.587 521.983 0.00952381 0
39.4365 90.2361 0.0420168 1
66.6874 105.407 0.0252101 0
150.688 506.591 0.0594059 0
85.3886 611.998 0.554455 1
14.4474 610.309 0.0277778 1
13.7889 616.704 0.0484848 1
1.9302 616.075 0.00657895 1
45.3991 639.667 0.242038 1
52.2772 627.812 0.0268817 1
43.767 615.592 0.0990991 1
39.1884 589.954 0.027027 1
20.2379 625.79 0.0945946 1
38.2456 628.921 0.00512821 1
28.7945 567.726 0.0146341 1
35.5267 632.36 0.0418848 1
3.3605 604.617 0.156566 1
4.6368 608.421 0.15534 1
15.185 609.223 0.00490196 1
11.4311 603.401 0.00581395 1
21.9936 597.612 0.0267857 1
21.8302 610.05 0.00787402 1
6.01137 587.871 0.0125 1
18.1867 620.666 0.065 1
31.1304 618.005 0.0257732 1
49.039 623.106 0.0388889 1
10.3737 597.969 0.00666667 1
43.2388 620.213 0.039801 1
54.673 624.712 0.102041 1
29.8117 627.916 0.168 1
108.602 423.13 0.0241935 0
42.8223 589.26 0.042735 1
17.3212 604.925 0.258333 1
108.546 422.563 0.0406504 0
108.546 422.563 0.00684932 0
108.546 422.563 0.323944 0
108.546 422.563 0.323944 0
66.092 181.659 0.0136986 1
105.767 384.002 0.0827586 0
92.5853 219.239 0.0134228 0
32.3069 219.027 0.0145985 1
142.403 95.2097 0.0363636 0
142.403 95.2097 0.0769231 0
91.2736 220.979 0.393701 0
51.8673 125.77 0.013986 0
5.59762 151.624 0.231343 1
14.0705 153.816 0.25 1
16.3879 155.153 0.227273 0
30.8675 140.376 0.104762 1
5.05688 154.462 0.130719 1
12.8907 137.419 0.0225564 1
5.08498 156.156 0.0169492 1
17.7462 144.581 0.292035 1
3.37338 147.934 0.0551181 1
23.6866 146.4 0.0230769 1
31.5255 147.772 0.142857 1
35.9183 326.171 0.00507614 0
35.9183 326.171 0.00471698 0
15.1019 150.214 0.00862069 1
36.0466 326.495 0.00531915 0
36.0466 326.495 0.0295567 0
36.0466 326.495 0.0070922 0
5.85714 145.608 0.0105263 1
36.1009 328.066 0.0097561 0
36.1009 328.066 0.00471698 0
36.1009 328.066 0.0295567 0
36.1009 328.066 0.0157895 0
52.6458 446.862 0.0466321 1
35.9189 331.496 0.0166667 0
35.9189 331.496 0.0070922 0
35.9189 331.496 0.00714286 0
35.9189 331.496 0.0390625 0
36.2321 420.917 0.116279 1
93.1624 345.42 0.00689655 1
34.0999 377.722 0.047619 0
34.0999 377.722 0.0211268 0
6.4524 140.394 0.0331126 1
9.34655 124.998 0.0802139 1
13.0816 129.263 0.0227273 1
4.24167 119.588 0.0344828 1
21.3741 94.794 0.0943396 1
153.271 513.657 0.0594059 0
153.271 513.657 0.336364 0
153.271 513.657 0.0130719 0
89.9792 68.0184 0.050505 0
153.271 513.657 0.0252101 0
153.271 513.657 0.336364 0
153.271 513.657 0.0458015 0
65.6892 581.676 0.030303 1
29.0226 590.336 0.186047 1
20.0425 598.757 0.0810811 1
153.241 512.94 0.0130719 0
35.5747 627.272 0.13 1
17.0921 605.011 0.0662651 1
25.1634 577.933 0.0821918 1
12.086 614.089 0.287805 1
16.9091 574.78 0.0163934 1
8.77632 600.795 0.0376569 1
39.7638 616.66 0.0216216 1
20.883 605.963 0.325359 1
18.863 589.087 0.0104712 1
20.6514 599.621 0.0177515 1
67.4792 598.887 0.00757576 1
51.9828 598.361 0.0133333 1
43.5573 593.449 0.00595238 1
4.18968 609.947 0.173684 1
25.4866 561.351 0.00671141 1
42.0125 619.762 0.00609756 1
47.4171 544.49 0.0571429 1
18.3776 594.755 0.0177515 1
18.6821 574.909 0.0416667 1
31.0185 614.053 0.00471698 1
17.0908 558.292 0.0183486 1
50.6197 610.21 0.154229 1
104.699 375.757 0.0827586 0
53.4398 614.293 0.00568182 1
25.1757 589.482 0.140127 1
91.2736 220.979 0.0134228 0
91.2736 220.979 0.393701 0
52.6142 118.7 0.013986 0
91.2736 220.979 0.0338983 0
52.6142 118.7 0.0247934 0
23.8424 32.2274 0.00952381 1
16.4624 565.795 0.00555556 1
18.3909 604.247 0.34188 1
104.862 374.724 0.0338983 0
39.8561 477.003 0.0247934 0
39.8561 477.003 0.287037 0
16.2461 149.598 0.0625 0
16.3879 155.153 0.013245 0
16.2461 149.598 0.108571 0
16.3879 155.153 0.227273 0
16.3879 155.153 0.013245 0
1.93694 5.55539 0.168478 1
0.970165 3.5929 0.112745 1
60.5025 62.8996 0.046875 1
41.2263 148.81 0.0181818 1
12.003 179.171 0.0446429 1
4.81652 175.034 0.0197368 1
9.79932 171.825 0.166667 1
20.8071 171.855 0.198529 1
36.7369 339.376 0.00714286 0
32.2195 174.943 0.00925926 1
36.9241 338.116 0.0157895 0
36.9241 338.116 0.0390625 0
21.7837 133.24 0.117241 0
32.0295 143.205 0.00729927 0
35.4404 393.68 0.0272109 0
25.9128 471.356 0.00675676 1
33.9391 477.741 0.171429 1
34.4939 389.008 0.047619 0
34.4939 389.008 0.00917431 0
134.362 480.698 0.038961 1
44.9501 522.577 0.0319149 0
34.9865 409.455 0.0211268 0
34.9865 409.455 0.0124224 0
34.9865 409.455 0.00917431 0
34.9865 409.455 0.0196078 0
16.8201 113.122 0.00840336 1
9.18719 123.3 0.00757576 1
35.6648 412.617 0.0272109 0
35.6648 412.617 0.0124224 0
35.6648 412.617 0.0144928 0
16.7928 118.913 0.123711 1
18.8301 118.288 0.019802 1
9.93233 112.335 0.192982 1
14.5029 96.4493 0.18705 1
156.104 510.578 0.0458015 0
156.104 510.578 0.0583333 0
156.104 510.578 0.050505 0
156.104 510.578 0.0583333 0
156.104 510.578 0.0862069 0
20.0158 578.232 0.0638298 1
22.4661 606.235 0.00666667 1
38.612 539.798 0.0718563 1
31.9338 620.462 0.0192308 1
47.4033 612.738 0.0104712 1
27.3204 617.152 0.0353982 1
44.3024 601.253 0.0119048 1
20.0494 604.973 0.038961 1
12.9838 556.307 0.0188679 1
43.3969 532.522 0.0645161 1
3.44005 595.539 0.00732601 1
37.0267 611.127 0.0885417 1
36.8586 581.77 0.22335 1
4.29496 579.504 0.0392157 1
16.3221 598.959 0.0493827 1
17.4165 580.72 0.0351759 1
29.9248 605.36 0.0116959 1
13.0904 581.624 0.118919 1
18.26 598.327 0.0229008 1
32.7308 599.911 0.0424242 1
34.9541 562.91 0.0839695 1
8.18194 600.549 0.08 1
35.2652 601.62 0.0780488 1
47.2649 605.071 0.0769231 1
15.7011 590.046 0.157895 1
43.2242 594.04 0.011236 1
45.0825 589.819 0.020202 1
54.5135 612.528 0.0406504 1
38.8911 468.673 0.287037 0
16.1217 149.687 0.0625 0
16.1217 149.687 0.108571 0
53.4551 618.36 0.0427807 1
36.8252 604.104 0.0125786 1
20.1598 572.262 0.054878 1
143.829 124.524 0.117647 0
76.8673 120.717 0.108434 1
22.6737 206.239 0.197917 1
16.4677 198.037 0.0947368 1
33.3113 207.795 0.00689655 1
38.2241 210.61 0.0151515 1
39.3351 214.922 0.142857 1
26.0151 219.852 0.198113 1
16.735 214.439 0.046875 1
21.0043 217.914 0.0254237 1
37.3907 315.927 0.117241 0
37.3907 315.927 0.0621469 0
11.5574 450.292 0.194175 1
37.1749 311.796 0.00729927 0
36.3034 409.782 0.0196078 0
36.3034 409.782 0.0144928 0
36.3034 409.782 0.0229885 0
87.1912 424.239 0.235294 1
50.0817 534.113 0.0441176 0
36.9671 422.569 0.0319149 0
36.9671 422.569 0.0229885 0
36.9671 422.569 0.00649351 0
36.9671 422.569 0.00980392 0
22.0792 111.544 0.235294 1
28.3809 117.061 0.0769231 1
25.1635 121.026 0.0526316 1
19.1317 125.069 0.197917 1
22.5028 120.592 0.0526316 1
7.30235 54.2911 0.0841122 1
159.867 491.409 0.0862069 0
70.8293 35.4103 0.0393701 0
159.867 491.409 0.00909091 0
93.9058 526.819 0.209524 1
42.813 607.895 0.388889 1
9.76093 595.947 0.0432432 1
38.5439 602.98 0.0598291 1
5.50301 590.778 0.00645161 1
18.1119 593.9 0.0289256 1
44.4681 552.148 0.0261438 1
24.3591 585.331 0.0879121 1
46.4021 552.66 0.00892857 1
40.4363 537.614 0.0242718 1
20.3241 588.533 0.240132 1
6.41365 567.198 0.0986547 1
68.1977 571.011 0.00877193 1
4.04481 581.484 0.0397112 1
47.313 507.88 0.00966184 1
40.3717 596.8 0.371041 1
12.2934 574.915 0.0180505 1
19.9076 558.414 0.0328467 1
4.3481 590.851 0.203008 1
87.4012 566.117 0.13913 1
8.5794 591.948 0.0528846 1
14.9648 588.894 0.0578035 1
13.6 563.903 0.0451977 1
36.9085 560.631 0.00609756 1
15.8155 576.393 0.115152 1
59.1501 508.863 0.0337838 1
6.62025 524.555 0.0216216 1
51.9375 603.576 0.0545455 1
53.8069 602.3 0.0320856 1
146.262 162.488 0.117647 0
24.025 26.3732 0.180851 0
124.037 188.862 0.165138 0
104.967 200.716 0.02 0
20.0445 196.279 0.0804598 1
23.8584 212.873 0.108333 1
13.3411 204.428 0.046729 1
18.4853 211.005 0.0310078 1
29.6384 213.516 0.0601504 1
23.8918 210.68 0.09375 1
39.146 326.993 0.0621469 0
39.146 326.993 0.0342857 0
26.701 202.06 0.00763359 1
38.1608 413.051 0.00649351 0
39.4827 326.889 0.0342857 0
38.1608 413.051 0.015625 0
39.4827 326.889 0.04375 0
6.09763 454.667 0.255556 1
38.148 407.581 0.00980392 0
38.148 407.581 0.0240964 0
38.148 407.581 0.0263158 0
103.267 397.72 0.125 1
63.3536 548.389 0.0104167 0
39.0836 426.671 0.0441176 0
39.0836 426.671 0.0240964 0
39.0836 426.671 0.00900901 0
39.0836 426.671 0.0126582 0
37.0026 121.717 0.0126582 1
28.2395 138.753 0.00934579 1
40.0986 407.786 0.015625 0
40.0986 407.786 0.0263158 0
40.0986 407.786 0.0138889 0
31.6521 144.813 0.0224719 1
24.5711 148.496 0.0833333 1
28.6738 148.429 0.111111 1
23.9558 130.849 0.0330578 1
30.5892 156.631 0.12844 1
13.8817 160.386 0.0555556 1
167.095 450.849 0.00909091 0
167.095 450.849 0.278261 0
86.4801 92.2337 0.00884956 0
167.095 450.849 0.0393701 0
167.095 450.849 0.278261 0
12.5284 588.225 0.0280374 1
47.9652 604.08 0.125 1
28.6382 582.136 0.219409 1
13.6355 589.969 0.0717489 1
1.43863 583.912 0.00564972 1
45.9055 589.688 0.0315315 1
16.9707 573.797 0.00515464 1
40.3882 588.902 0.0629371 1
8.14499 554.821 0.0803571 1
16.2392 589.879 0.0666667 1
57.1751 552.051 0.126214 1
14.1314 571.39 0.0744681 1
30.4165 564.58 0.132479 1
9.64298 565.271 0.0113636 1
38.474 588.539 0.0441176 1
38.9169 522.593 0.0133333 1
65.4848 552.361 0.03125 1
60.8518 586.69 0.0153061 1
45.0771 576.302 0.0355556 1
19.4341 579.307 0.0283688 1
38.6971 551.018 0.0795455 1
30.1455 584.31 0.0869565 1
8.39158 583.123 0.0682731 1
40.3078 583.399 0.0206897 1
19.7569 588.512 0.00478469 1
32.0481 559.06 0.0314465 1
52.7795 599.284 0.0120482 1
20.947 540.879 0.0120482 1
24.025 26.3732 0.180851 0
127.207 186.555 0.165138 0
4.57136 9.24733 0.0190476 1
108.261 198.41 0.02 0
19.3957 10.8984 0.15625 1
33.635 14.6855 0.257732 1
49.811 168.757 0.136842 1
15.7334 191.622 0.0842105 1
7.48805 215.492 0.121212 1
1.94871 208.659 0.0481928 1
12.268 209.455 0.0588235 1
2.87426 193.767 0.015625 1
40.182 341.318 0.04375 0
40.182 341.318 0.0808824 0
43.7893 392.704 0.00900901 0
40.182 341.318 0.0808824 0
43.7893 392.704 0.0403226 0
43.7893 392.704 0.0197368 0
40.182 341.318 0.0775194 0
55.4709 414.993 0.161972 1
44.4834 397.541 0.0126582 0
44.4834 397.541 0.0138889 0
44.4834 397.541 0.0543478 0
48.5245 548.301 0.021978 0
44.4834 397.541 0.0104167 0
44.4834 397.541 0.0403226 0
44.4834 397.541 0.0543478 0
6.33445 150.76 0.010989 1
44.5473 398.42 0.0197368 0
9.68349 159.672 0.0859375 1
13.9133 159.602 0.0438596 1
6.6805 156.616 0.0206186 1
4.55402 157.155 0.0985916 1
87.2398 87.6508 0.031746 0
1.26301 135.719 0.0762712 1
87.2148 86.2384 0.00884956 0
87.2148 86.2384 0.031746 0
85.6888 536.795 0.00952381 1
168.209 450.93 0.0816327 0
154.866 597.753 0.0438596 0
31.9471 548.763 0.141414 1
31.8198 582.835 0.276836 1
15.8409 564.198 0.140777 1
47.5499 570.059 0.00645161 1
23.1233 575.496 0.00806452 1
4.028 571.827 0.0784314 1
49.0544 590.552 0.0181818 1
38.2438 587.94 0.0188679 1
8.63181 584.69 0.00487805 1
26.1211 559.69 0.144231 1
55.7541 536.841 0.0434783 1
23.7353 543.866 0.00469484 1
28.0361 588.75 0.185185 1
3.75089 550.197 0.00340136 1
53.026 556.088 0.0588235 1
21.2844 548.718 0.0146341 1
5.74622 583.288 0.00757576 1
7.36103 562.38 0.206278 1
24.1468 570.73 0.0211864 1
14.202 573.751 0.0179641 1
45.3145 535.174 0.00574713 1
8.90314 521.78 0.0186047 1
15.1462 535.756 0.0580645 1
45.3047 578.64 0.0278884 1
52.3813 583.121 0.176 1
48.9565 577.852 0.104167 1
52.5601 82.4144 0.0447761 0
41.3268 90.428 0.0519481 0
17.4298 72.4604 0.0246914 0
113.191 108.806 0.15 0
17.4298 72.4604 0.0609756 0
35.2533 54.4946 0.0714286 0
113.191 108.806 0.15 0
77.9769 163.3 0.155556 1
5.98054 208.333 0.104651 1
43.4438 167.667 0.0823529 1
27.6367 187.785 0.0322581 1
6.60864 207.772 0.0724638 1
60.2263 168.103 0.015625 1
32.2537 188.283 0.114286 1
17.7352 193.712 0.032967 1
39.3817 332.909 0.0775194 0
39.3817 332.909 0.0347826 0
39.3817 332.909 0.0347826 0
45.0288 403.536 0.0458716 0
39.3817 332.909 0.075 0
117.431 448.307 0.125 1
46.0849 486.72 0.190909 1
43.7439 593.192 0.00980392 0
47.1153 439.713 0.021978 0
47.1153 439.713 0.0458716 0
47.1153 439.713 0.0107527 0
4.32671 153.479 0.240964 1
8.88169 153.507 0.017094 1
4.56845 151.207 0.0133333 1
6.15189 146.427 0.0819672 1
17.9558 140.45 0.0444444 1
13.2034 147.913 0.0263158 1
21.4856 145.226 0.0243902 1
167.23 452.978 0.0816327 0
34.9554 125.907 0.028169 1
167.064 451.976 0.0438596 0
70.5416 101.902 0.0212766 0
48.8838 555.636 0.234234 1
17.6471 573.74 0.00568182 1
33.5459 577.862 0.0557621 1
45.7667 548.15 0.0379747 1
5.11741 567.689 0.25 1
9.95053 580.645 0.00694444 1
29.7194 576.622 0.0408163 1
36.5091 559.555 0.103774 1
40.9525 579.789 0.0358744 1
17.9098 564.805 0.227723 1
26.8115 550.953 0.0492611 1
39.7983 563.003 0.0182648 1
104.661 565.069 0.00917431 1
74.2212 566.381 0.0496454 1
12.1264 549.278 0.145923 1
12.7162 545.021 0.129187 1
11.7261 564.638 0.0271493 1
53.4465 507.362 0.0124224 1
26.0274 526.591 0.0123967 1
15.9327 569.972 0.00816326 1
16.2327 555.601 0.00377358 1
53.1873 495.776 0.0140187 1
71.8008 529.185 0.0529801 1
15.1935 572.756 0.0495495 1
44.8877 582.172 0.0285714 1
3.6542 562.032 0.00381679 1
51.2217 534.529 0.0496894 1
16.2387 564.542 0.212121 1
32.9335 535.909 0.0218579 1
26.1213 554.195 0.00348432 1
52.5601 82.4144 0.0447761 0
11.3233 8.01358 0.115385 1
42.1027 14.202 0.0185185 1
10.2743 70.5252 0.0163934 1
69.8712 32.1978 0.0519481 0
52.6545 40.2626 0.106061 1
5.47463 110.957 0.0714286 1
61.7921 18.0715 0.0246914 0
61.7921 18.0715 0.0609756 0
166.701 103.98 0.111111 0
23.024 56.2554 0.0131579 1
111.044 122.051 0.0714286 0
163.977 98.4674 0.111111 0
163.977 98.4674 0.0769231 0
97.5262 183.57 0.151515 1
70.8212 181.444 0.0350877 1
126.112 188.98 0.02 0
117.94 179.173 0.0166667 0
117.94 179.173 0.0625 0
99.5616 161.266 0.0144928 1
52.7969 208.334 0.0470588 1
39.6998 315.41 0.075 0
39.6998 315.41 0.0588235 0
45.9123 446.998 0.0107527 0
45.9123 446.998 0.0348837 0
39.6998 315.41 0.0102041 0
37.9788 557.621 0.0725806 0
39.6998 315.41 0.0588235 0
45.9123 446.998 0.0119048 0
39.6998 315.41 0.0416667 0
35.7912 549.687 0.010989 0
37.9788 557.621 0.0737705 0
45.9123 446.998 0.00980392 0
45.9123 446.998 0.0348837 0
45.9123 446.998 0.0119048 0
13.392 110.623 0.175439 1
13.2959 144.77 0.108108 1
15.7242 148.124 0.0152672 1
23.0601 144.944 0.0486111 1
13.9643 138.951 0.0559441 1
68.4823 98.3239 0.152542 0
165.438 448.95 0.043956 0
108.503 96.8287 0.0595238 0
68.4823 98.3239 0.0212766 0
68.4823 98.3239 0.152542 0
100.061 547.274 0.0612245 1
165.379 449.458 0.0569106 0
164.707 587.414 0.04 0
59.2749 546.286 0.373626 1
11.1908 559.257 0.00694444 1
165.31 449.022 0.043956 0
17.9219 559.31 0.141593 1
7.0936 551.014 0.0512821 1
33.6227 556.806 0.0128205 1
10.1756 537.898 0.0655022 1
14.4666 551.501 0.015873 1
51.4378 584.395 0.019084 1
29.5786 563.114 0.142322 1
13.9676 552.803 0.0263158 1
3.24844 557.876 0.355556 1
5.16207 562.904 0.0813397 1
44.6523 501.487 0.0149254 1
18.8538 561.339 0.0543478 1
5.39719 532.982 0.0882353 1
5.12771 559.329 0.057971 1
28.1096 567.1 0.0178571 1
29.2664 565.967 0.246575 1
13.6622 537.608 0.00888889 1
6.67404 546.95 0.0324074 1
25.5002 569.683 0.0218978 1
3.9896 515.06 0.0227273 1
22.6841 569.651 0.00411523 1
30.5878 513.902 0.233333 1
53.3044 519.298 0.075 1
4.33437 511.692 0.0867925 1
13.8688 509.018 0.114754 1
37.3329 126.586 0.145833 1
23.124 133.448 0.00961538 1
30.8034 129.327 0.189474 1
17.2379 130.258 0.126214 1
3.17113 123.332 0.008 1
184.479 162.48 0.0769231 0
184.479 162.48 0.185714 0
8.61269 115.239 0.0277778 1
1.56967 105.324 0.0543478 1
14.2768 92.4176 0.025974 1
185.065 176.127 0.185714 0
124.923 220.671 0.037037 0
185.065 176.127 0.0153846 0
124.923 220.671 0.02 0
124.923 220.671 0.037037 0
35.7058 35.7102 0.0192308 1
27.6283 29.086 0.0666667 1
52.5602 23.9912 0.0491803 1
3.49189 143.256 0.0285714 1
1.40567 125.588 0.0810811 1
181.618 150.909 0.0166667 0
181.618 150.909 0.0625 0
181.618 150.909 0.16 0
181.618 150.909 0.16 0
171.014 259.953 0.1 0
155.621 243.082 0.0229885 0
116.069 217.222 0.0210526 0
39.6998 315.41 0.0102041 0
39.6998 315.41 0.0416667 0
7.53059 135.166 0.00793651 1
158.531 212.318 0.0206186 0
119.076 186.459 0.12381 0
82.9646 153.436 0.0111111 1
35.7912 549.687 0.010989 0
30.4813 213.279 0.0495868 1
173.379 239.289 0.0105263 0
158.028 222.417 0.0108696 0
118.562 196.558 0.03 0
40.9768 197.781 0.211268 1
1.67281 245.57 0.06 1
41.2208 337.06 0.0725806 0
41.2208 337.06 0.0737705 0
157.889 221.431 0.0162602 0
118.417 195.572 0.0152672 0
5.04679 255.314 0.114754 1
12.2789 257.668 0.0364963 1
21.9291 256.625 0.242424 1
161.156 330.492 0.0569106 0
4.37961 248.669 0.227273 1
19.521 251.555 0.0701754 1
25.2391 234.042 0.0840336 1
160.843 332.578 0.04 0
80.3952 192.797 0.0102041 0
160.843 332.578 0.0595238 0
83.9178 525.375 0.0701754 1
36.1069 534.013 0.0220588 1
14.9469 536.872 0.00478469 1
50.8044 496.39 0.308081 1
28.9448 548.191 0.281955 1
17.1429 561.578 0.0047619 1
40.6348 549.521 0.034965 1
44.8501 572.092 0.00772201 1
25.7017 556.212 0.0825688 1
5.46233 502.111 0.00425532 1
55.899 501.169 0.00561798 1
20.0664 538.32 0.008 1
6.70438 511.357 0.0541667 1
19.0504 537.097 0.0359281 1
32.6091 495.232 0.0873786 1
4.3487 518.981 0.0530035 1
43.2894 504.321 0.137931 1
19.1576 556.683 0.189189 1
8.63052 524.751 0.0896861 1
41.0173 512.013 0.0167598 1
8.80878 436.111 0.0904977 1
16.101 531.445 0.0585774 1
35.359 499.972 0.0917431 1
6.17324 504.358 0.05 1
28.5331 497.454 0.011236 1
16.2899 527.117 0.0156863 1
25.9398 532.392 0.0151515 1
20.9293 500.292 0.0444444 1
15.8258 439.605 0.0947368 1
183.257 124.369 0.0153846 0
11.0313 109.045 0.216495 1
182.665 126.002 0.1 0
182.665 126.002 0.0105263 0
26.7852 90.5405 0.257732 1
66.6499 66.056 0.0285714 1
180.636 110.214 0.0229885 0
180.636 110.214 0.0206186 0
180.636 110.214 0.0108696 0
180.636 110.214 0.0162602 0
180.636 110.214 0.0344828 0
180.636 110.214 0.0210526 0
180.636 110.214 0.12381 0
180.636 110.214 0.03 0
180.636 110.214 0.0152672 0
180.636 110.214 0.252632 0
180.636 110.214 0.0344828 0
180.636 110.214 0.252632 0
160.883 323.851 0.258824 0
160.883 323.851 0.0102041 0
160.883 323.851 0.258824 0
7.07434 299.59 0.015625 0
7.07434 299.59 0.0162162 0
7.07434 299.59 0.125 0
7.07434 299.59 0.0196078 0
7.07434 299.59 0.0807453 0
7.07434 299.59 0.0658683 0
7.07434 299.59 0.1625 0
7.07434 299.59 0.0131579 0
7.07434 299.59 0.0807453 0
7.07434 299.59 0.150685 0
7.07434 299.59 0.115607 0
7.07434 299.59 0.245989 0
7.07434 299.59 0.150685 0
7.07434 299.59 0.047619 0
7.07434 299.59 0.021978 0
7.07434 299.59 0.222892 0
7.07434 299.59 0.0421053 0
7.07434 299.59 0.0612245 0
7.07434 299.59 0.015625 0
7.07434 299.59 0.125 0
7.07434 299.59 0.0658683 0
7.07434 299.59 0.0421053 0
7.07434 299.59 0.0162162 0
7.07434 299.59 0.0196078 0
7.07434 299.59 0.1625 0
7.07434 299.59 0.0131579 0
7.07434 299.59 0.115607 0
7.07434 299.59 0.047619 0
7.07434 299.59 0.245989 0
7.07434 299.59 0.021978 0
7.07434 299.59 0.222892 0
7.07434 299.59 0.00520833 0
7.07434 299.59 0.0422535 0
7.07434 299.59 0.00520833 0
7.07434 299.59 0.0163934 0
7.07434 299.59 0.0175439 0
7.07434 299.59 0.0307692 0
7.07434 299.59 0.017094 0
7.07434 299.59 0.0288462 0
7.07434 299.59 0.0070922 0
7.07434 299.59 0.025641 0
7.07434 299.59 0.00729927 0
7.07434 299.59 0.0204082 0
7.07434 299.59 0.127778 0
7.07434 299.59 0.0606061 0
7.07434 299.59 0.0169492 0
7.07434 299.59 0.00854701 0
7.07434 299.59 0.0135747 0
7.07434 299.59 0.0169492 0
7.07434 299.59 0.0235294 0
7.07434 299.59 0.0612245 0
7.07434 299.59 0.00854701 0
7.07434 299.59 0.0163934 0
7.07434 299.59 0.110294 0
7.07434 299.59 0.010989 0
7.07434 299.59 0.0175439 0
7.07434 299.59 0.0403226 0
7.07434 299.59 0.00588235 0
7.07434 299.59 0.0422535 0
7.07434 299.59 0.110294 0
7.07434 299.59 0.0403226 0
7.07434 299.59 0.041958 0
7.07434 299.59 0.0143885 0
7.07434 299.59 0.0212766 0
7.07434 299.59 0.0452261 0
7.07434 299.59 0.0149254 0
7.07434 299.59 0.0408163 0
7.07434 299.59 0.00675676 0
7.07434 299.59 0.0297619 0
7.07434 299.59 0.015873 0
7.07434 299.59 0.0078125 0
7.07434 299.59 0.0155039 0
7.07434 299.59 0.0268456 0
7.07434 299.59 0.0307692 0
7.07434 299.59 0.015873 0
7.07434 299.59 0.126126 0
7.07434 299.59 0.126126 0
7.07434 299.59 0.0153846 0
7.07434 299.59 0.0101523 0
7.07434 299.59 0.0126582 0
7.07434 299.59 0.187097 0
7.07434 299.59 0.0153846 0
7.07434 299.59 0.0277778 0
7.07434 299.59 0.0277778 0
7.07434 299.59 0.0568182 0
7.07434 299.59 0.0542169 0
7.07434 299.59 0.123711 0
7.07434 299.59 0.0555556 0
7.07434 299.59 0.0568182 0
7.07434 299.59 0.017094 0
7.07434 299.59 0.0288462 0
7.07434 299.59 0.0542169 0
7.07434 299.59 0.0070922 0
7.07434 299.59 0.0157068 0
7.07434 299.59 0.025641 0
7.07434 299.59 0.00729927 0
7.07434 299.59 0.0359281 0
7.07434 299.59 0.0204082 0
7.07434 299.59 0.127778 0
7.07434 299.59 0.0606061 0
7.07434 299.59 0.316384 0
7.07434 299.59 0.0157068 0
7.07434 299.59 0.0359281 0
7.07434 299.59 0.316384 0
7.07434 299.59 0.00423729 0
7.07434 299.59 0.14218 0
7.07434 299.59 0.0350877 0
7.07434 299.59 0.0196078 0
7.07434 299.59 0.027027 0
7.07434 299.59 0.00473934 0
7.07434 299.59 0.0319149 0
7.07434 299.59 0.0235294 0
7.07434 299.59 0.0233645 0
7.07434 299.59 0.0213904 0
7.07434 299.59 0.0135747 0
7.07434 299.59 0.0233645 0
7.07434 299.59 0.0213904 0
7.07434 299.59 0.00943396 0
7.07434 299.59 0.041958 0
7.07434 299.59 0.100529 0
7.07434 299.59 0.010989 0
7.07434 299.59 0.00588235 0
7.07434 299.59 0.00943396 0
7.07434 299.59 0.100529 0
7.07434 299.59 0.03125 0
7.07434 299.59 0.0159574 0
7.07434 299.59 0.0568182 0
7.07434 299.59 0.0153061 0
7.07434 299.59 0.0143885 0
7.07434 299.59 0.0452261 0
7.07434 299.59 0.0046729 0
7.07434 299.59 0.0212766 0
7.07434 299.59 0.0149254 0
7.07434 299.59 0.0408163 0
7.07434 299.59 0.0078125 0
7.07434 299.59 0.453704 0
7.07434 299.59 0.0227273 0
7.07434 299.59 0.00675676 0
7.07434 299.59 0.0155039 0
7.07434 299.59 0.0297619 0
7.07434 299.59 0.0268456 0
7.07434 299.59 0.0101523 0
7.07434 299.59 0.0126582 0
7.07434 299.59 0.187097 0
7.07434 299.59 0.123711 0
7.07434 299.59 0.0555556 0
7.07434 299.59 0.00423729 0
7.07434 299.59 0.14218 0
7.07434 299.59 0.0393258 0
7.07434 299.59 0.0070922 0
7.07434 299.59 0.0350877 0
7.07434 299.59 0.291667 0
7.07434 299.59 0.0186916 0
7.07434 299.59 0.0393258 0
7.07434 299.59 0.291667 0
7.07434 299.59 0.138122 0
7.07434 299.59 0.00584795 0
7.07434 299.59 0.0245902 0
7.07434 299.59 0.0555556 0
7.07434 299.59 0.0780142 0
7.07434 299.59 0.294574 0
7.07434 299.59 0.00549451 0
7.07434 299.59 0.0196078 0
7.07434 299.59 0.027027 0
7.07434 299.59 0.0780142 0
7.07434 299.59 0.234375 0
7.07434 299.59 0.289157 0
7.07434 299.59 0.00473934 0
7.07434 299.59 0.0157068 0
7.07434 299.59 0.0305677 0
7.07434 299.59 0.0319149 0
7.07434 299.59 0.0119048 0
7.07434 299.59 0.116505 0
7.07434 299.59 0.0107527 0
7.07434 299.59 0.03125 0
7.07434 299.59 0.0159574 0
7.07434 299.59 0.0568182 0
7.07434 299.59 0.0153061 0
7.07434 299.59 0.00452489 0
7.07434 299.59 0.0046729 0
7.07434 299.59 0.453704 0
7.07434 299.59 0.0227273 0
7.07434 299.59 0.00452489 0
7.07434 299.59 0.0306122 0
7.07434 299.59 0.0432432 0
7.07434 299.59 0.00851064 0
7.07434 299.59 0.00543478 0
7.07434 299.59 0.0306122 0
7.07434 299.59 0.0432432 0
7.07434 299.59 0.138122 0
7.07434 299.59 0.00584795 0
7.07434 299.59 0.118056 0
7.07434 299.59 0.0070922 0
7.07434 299.59 0.0186916 0
7.07434 299.59 0.118056 0
7.07434 299.59 0.0645161 0
7.07434 299.59 0.142857 0
7.07434 299.59 0.270492 0
7.07434 299.59 0.0245902 0
7.07434 299.59 0.0555556 0
7.07434 299.59 0.142857 0
7.07434 299.59 0.0344828 0
7.07434 299.59 0.0344828 0
7.07434 299.59 0.0617284 0
7.07434 299.59 0.025974 0
7.07434 299.59 0.0140845 0
7.07434 299.59 0.270492 0
7.07434 299.59 0.0617284 0
7.07434 299.59 0.0571429 0
7.07434 299.59 0.0230769 0
7.07434 299.59 0.0571429 0
7.07434 299.59 0.0138889 0
7.07434 299.59 0.0833333 0
7.07434 299.59 0.0185185 0
7.07434 299.59 0.0314465 0
7.07434 299.59 0.00460829 0
7.07434 299.59 0.00448431 0
7.07434 299.59 0.144231 0
7.07434 299.59 0.294574 0
7.07434 299.59 0.0314465 0
7.07434 299.59 0.0603448 0
7.07434 299.59 0.234375 0
7.07434 299.59 0.0157068 0
7.07434 299.59 0.0119048 0
7.07434 299.59 0.0603448 0
7.07434 299.59 0.106509 0
7.07434 299.59 0.0606061 0
7.07434 299.59 0.00613497 0
7.07434 299.59 0.00549451 0
7.07434 299.59 0.106509 0
7.07434 299.59 0.0434783 0
7.07434 299.59 0.289157 0
7.07434 299.59 0.0305677 0
7.07434 299.59 0.116505 0
7.07434 299.59 0.0107527 0
7.07434 299.59 0.0434783 0
7.07434 299.59 0.111524 0
7.07434 299.59 0.111524 0
7.07434 299.59 0.00851064 0
7.07434 299.59 0.00543478 0
7.07434 299.59 0.00675676 0
7.07434 299.59 0.0645161 0
7.07434 299.59 0.0687023 0
7.07434 299.59 0.0227273 0
7.07434 299.59 0.00675676 0
7.07434 299.59 0.0687023 0
7.07434 299.59 0.0411765 0
7.07434 299.59 0.0148148 0
7.07434 299.59 0.0230769 0
7.07434 299.59 0.0645161 0
7.07434 299.59 0.025974 0
7.07434 299.59 0.0138889 0
12.7206 561.646 0.0163043 0
7.07434 299.59 0.0140845 0
7.07434 299.59 0.0833333 0
7.07434 299.59 0.00460829 0
12.7206 561.646 0.341837 0
7.07434 299.59 0.0185185 0
7.07434 299.59 0.00448431 0
12.7206 561.646 0.118812 0
7.07434 299.59 0.144231 0
7.07434 299.59 0.0606061 0
7.07434 299.59 0.00613497 0
7.07434 299.59 0.036036 0
7.07434 299.59 0.00543478 0
7.07434 299.59 0.10303 0
7.07434 299.59 0.0411765 0
7.07434 299.59 0.0526316 0
7.07434 299.59 0.00657895 0
7.07434 299.59 0.0227273 0
7.07434 299.59 0.00543478 0
7.07434 299.59 0.0526316 0
7.07434 299.59 0.00714286 0
7.07434 299.59 0.0241935 0
7.07434 299.59 0.0634921 0
7.07434 299.59 0.128049 0
12.7206 561.646 0.0189573 0
7.07434 299.59 0.0148148 0
7.07434 299.59 0.0645161 0
7.07434 299.59 0.00714286 0
12.7206 561.646 0.0163043 0
12.7206 561.646 0.341837 0
12.7206 561.646 0.118812 0
12.7206 561.646 0.0189573 0
12.7206 561.646 0.0045045 0
12.7206 561.646 0.0045045 0
7.07434 299.59 0.00680272 0
7.07434 299.59 0.0472103 0
7.07434 299.59 0.00413223 0
7.07434 299.59 0.0149254 0
7.07434 299.59 0.027972 0
7.07434 299.59 0.036036 0
7.07434 299.59 0.10303 0
7.07434 299.59 0.00657895 0
7.07434 299.59 0.0070922 0
7.07434 299.59 0.013986 0
7.07434 299.59 0.0497238 0
7.07434 299.59 0.188776 0
7.07434 299.59 0.0253807 0
7.07434 299.59 0.0241935 0
7.07434 299.59 0.0070922 0
7.07434 299.59 0.0634921 0
7.07434 299.59 0.013986 0
7.07434 299.59 0.128049 0
7.07434 299.59 0.0497238 0
7.07434 299.59 0.00653595 0
7.07434 299.59 0.115854 0
7.07434 299.59 0.0555556 0
7.07434 299.59 0.291846 0
7.07434 299.59 0.0520231 0
7.07434 299.59 0.038961 0
7.07434 299.59 0.149351 0
7.07434 299.59 0.0514286 0
7.07434 299.59 0.00680272 0
7.07434 299.59 0.0472103 0
7.07434 299.59 0.0149254 0
7.07434 299.59 0.0555556 0
7.07434 299.59 0.0520231 0
7.07434 299.59 0.00413223 0
7.07434 299.59 0.027972 0
7.07434 299.59 0.015873 0
7.07434 299.59 0.188776 0
7.07434 299.59 0.015873 0
7.07434 299.59 0.256522 0
7.07434 299.59 0.0253807 0
7.07434 299.59 0.038961 0
7.07434 299.59 0.00653595 0
7.07434 299.59 0.115854 0
7.07434 299.59 0.291846 0
7.07434 299.59 0.149351 0
7.07434 299.59 0.0425532 0
7.07434 299.59 0.0514286 0
7.07434 299.59 0.256522 0
7.07434 299.59 0.00888889 0
133.57 317.688 0.0106952 0
7.07434 299.59 0.00454545 0
7.07434 299.59 0.0973451 0
126.595 18.0981 0.0238095 0
126.595 18.0981 0.246575 0
7.07434 299.59 0.00888889 0
7.07434 299.59 0.0145985 0
126.595 18.0981 0.0117647 0
7.07434 299.59 0.0425532 0
7.07434 299.59 0.11236 0
7.07434 299.59 0.0106383 0
7.07434 299.59 0.0103093 0
7.07434 299.59 0.11236 0
7.07434 299.59 0.0103093 0
7.07434 299.59 0.170732 0
7.07434 299.59 0.0405405 0
7.07434 299.59 0.0973451 0
7.07434 299.59 0.0145985 0
133.57 317.688 0.0253165 0
133.57 317.688 0.141414 0
133.57 317.688 0.0280374 0
133.57 317.688 0.134831 0
126.595 18.0981 0.0238095 0
133.57 317.688 0.0253165 0
133.57 317.688 0.0106952 0
126.595 18.0981 0.246575 0
126.595 18.0981 0.0117647 0
133.57 317.688 0.141414 0
126.595 18.0981 0.0363636 0
7.07434 299.59 0.00454545 0
126.595 18.0981 0.0363636 0
126.595 18.0981 0.0129032 0
126.595 18.0981 0.120482 0
126.595 18.0981 0.0106383 0
126.595 18.0981 0.017341 0
126.595 18.0981 0.0102564 0
126.595 18.0981 0.0201342 0
7.07434 299.59 0.0430108 0
7.07434 299.59 0.0116732 0
7.07434 299.59 0.0111111 0
7.07434 299.59 0.170732 0
7.07434 299.59 0.0405405 0
7.07434 299.59 0.265116 0
7.07434 299.59 0.0190476 0
7.07434 299.59 0.0828729 0
7.07434 299.59 0.00595238 0
7.07434 299.59 0.0106383 0
7.07434 299.59 0.265116 0
7.07434 299.59 0.00507614 0
7.07434 299.59 0.0190476 0
133.57 317.688 0.0222222 0
133.57 317.688 0.145299 0
133.57 317.688 0.00645161 0
133.57 317.688 0.0263158 0
133.57 317.688 0.0280374 0
133.57 317.688 0.0222222 0
133.57 317.688 0.134831 0
126.595 18.0981 0.0129032 0
133.57 317.688 0.145299 0
126.595 18.0981 0.120482 0
126.595 18.0981 0.017341 0
126.595 18.0981 0.0106383 0
126.595 18.0981 0.0102564 0
126.595 18.0981 0.0201342 0
126.595 18.0981 0.0656566 0
126.595 18.0981 0.286486 0
126.595 18.0981 0.0656566 0
126.595 18.0981 0.00995025 0
7.07434 299.59 0.00625 0
7.07434 299.59 0.0430108 0
7.07434 299.59 0.0116732 0
7.07434 299.59 0.00416667 0
7.07434 299.59 0.1 0
7.07434 299.59 0.0047619 0
7.07434 299.59 0.00507614 0
7.07434 299.59 0.00416667 0
7.07434 299.59 0.171779 0
7.07434 299.59 0.00888889 0
7.07434 299.59 0.097561 0
7.07434 299.59 0.0111111 0
7.07434 299.59 0.0828729 0
7.07434 299.59 0.171779 0
7.07434 299.59 0.00595238 0
133.57 317.688 0.00653595 0
133.57 317.688 0.0560748 0
133.57 317.688 0.00952381 0
133.57 317.688 0.00645161 0
133.57 317.688 0.00653595 0
133.57 317.688 0.0230769 0
133.57 317.688 0.0263158 0
126.595 18.0981 0.0714286 0
126.595 18.0981 0.00862069 0
126.595 18.0981 0.00995025 0
126.595 18.0981 0.00531915 0
126.595 18.0981 0.0384615 0
126.595 18.0981 0.0223881 0
126.595 18.0981 0.286486 0
126.595 18.0981 0.00531915 0
7.07434 299.59 0.1 0
7.07434 299.59 0.0787879 0
7.07434 299.59 0.139535 0
7.07434 299.59 0.0291262 0
7.07434 299.59 0.0047619 0
7.07434 299.59 0.0948276 0
7.07434 299.59 0.00625 0
7.07434 299.59 0.00888889 0
7.07434 299.59 0.0787879 0
7.07434 299.59 0.097561 0
133.57 317.688 0.0230769 0
133.57 317.688 0.0659341 0
133.57 317.688 0.0560748 0
133.57 317.688 0.00952381 0
126.595 18.0981 0.00649351 0
126.595 18.0981 0.0126582 0
126.595 18.0981 0.0714286 0
126.595 18.0981 0.0384615 0
126.595 18.0981 0.00649351 0
126.595 18.0981 0.024 0
126.595 18.0981 0.183486 0
126.595 18.0981 0.00862069 0
126.595 18.0981 0.0223881 0
126.595 18.0981 0.0126582 0
126.595 18.0981 0.0442478 0
7.07434 299.59 0.0416667 0
7.07434 299.59 0.00729927 0
7.07434 299.59 0.0155039 0
7.07434 299.59 0.00684932 0
7.07434 299.59 0.139535 0
7.07434 299.59 0.0948276 0
7.07434 299.59 0.0416667 0
7.07434 299.59 0.0155039 0
7.07434 299.59 0.153846 0
7.07434 299.59 0.0291262 0
7.07434 299.59 0.00729927 0
7.07434 299.59 0.00684932 0
7.07434 299.59 0.0842105 0
7.07434 299.59 0.0168067 0
7.07434 299.59 0.0128205 0
7.07434 299.59 0.0512821 0
133.57 317.688 0.0315789 0
133.57 317.688 0.0220588 0
133.57 317.688 0.0413223 0
133.57 317.688 0.041958 0
133.57 317.688 0.0659341 0
133.57 317.688 0.0315789 0
133.57 317.688 0.0220588 0
126.595 18.0981 0.024 0
126.595 18.0981 0.00609756 0
126.595 18.0981 0.00704225 0
126.595 18.0981 0.183486 0
126.595 18.0981 0.0442478 0
126.595 18.0981 0.0472973 0
126.595 18.0981 0.0793651 0
126.595 18.0981 0.00609756 0
126.595 18.0981 0.0472973 0
7.07434 299.59 0.153846 0
7.07434 299.59 0.0842105 0
7.07434 299.59 0.0129032 0
7.07434 299.59 0.0129032 0
7.07434 299.59 0.0614525 0
7.07434 299.59 0.0162162 0
7.07434 299.59 0.0168067 0
7.07434 299.59 0.0128205 0
7.07434 299.59 0.0512821 0
7.07434 299.59 0.0614525 0
7.07434 299.59 0.028777 0
7.07434 299.59 0.0819672 0
7.07434 299.59 0.195122 0
7.07434 299.59 0.0896552 0
7.07434 299.59 0.0714286 0
7.07434 299.59 0.028777 0
7.07434 299.59 0.0819672 0
133.57 317.688 0.0217391 0
133.57 317.688 0.00961538 0
133.57 317.688 0.0413223 0
133.57 317.688 0.0217391 0
133.57 317.688 0.041958 0
126.595 18.0981 0.0169492 0
13.8672 553.663 0.0309278 0
126.595 18.0981 0.00704225 0
126.595 18.0981 0.0793651 0
126.595 18.0981 0.226087 0
7.07434 299.59 0.00666667 0
7.07434 299.59 0.0621118 0
7.07434 299.59 0.00666667 0
7.07434 299.59 0.0162162 0
7.07434 299.59 0.307143 0
7.07434 299.59 0.0465116 0
7.07434 299.59 0.195122 0
7.07434 299.59 0.00666667 0
7.07434 299.59 0.0896552 0
7.07434 299.59 0.0714286 0
133.57 317.688 0.100917 0
133.57 317.688 0.0121951 0
133.57 317.688 0.00961538 0
133.57 317.688 0.100917 0
133.57 317.688 0.0121951 0
135.753 571.761 0.00704225 0
126.595 18.0981 0.0169492 0
126.595 18.0981 0.226087 0
135.753 571.761 0.0291971 0
126.595 18.0981 0.0127389 0
126.595 18.0981 0.0307692 0
13.8672 553.663 0.0309278 0
135.753 571.761 0.00704225 0
135.753 571.761 0.0291971 0
135.753 571.761 0.02 0
135.753 571.761 0.518797 0
13.8672 553.663 0.44898 0
13.8672 553.663 0.00507614 0
126.595 18.0981 0.0127389 0
7.07434 299.59 0.00854701 0
7.07434 299.59 0.0621118 0
7.07434 299.59 0.307143 0
7.07434 299.59 0.0189873 0
7.07434 299.59 0.00666667 0
7.07434 299.59 0.0465116 0
29.8881 125.941 0.0234375 0
29.8881 125.941 0.146341 0
167.748 24.2614 0.0963855 0
167.748 24.2614 0.0117647 0
167.748 24.2614 0.193878 0
167.748 24.2614 0.0163934 0
133.57 317.688 0.00568182 0
167.748 24.2614 0.101266 0
167.748 24.2614 0.141026 0
40.8983 341.949 0.0350877 0
133.57 317.688 0.00568182 0
40.8983 341.949 0.0194805 0
135.753 571.761 0.02 0
126.595 18.0981 0.00699301 0
135.753 571.761 0.518797 0
126.595 18.0981 0.0555556 0
40.8983 341.949 0.0140845 0
126.595 18.0981 0.0307692 0
13.8672 553.663 0.44898 0
126.595 18.0981 0.00699301 0
126.595 18.0981 0.0555556 0
126.595 18.0981 0.0241935 0
13.8672 553.663 0.00507614 0
7.07434 299.59 0.285714 0
7.07434 299.59 0.0490798 0
7.07434 299.59 0.0189873 0
7.07434 299.59 0.13253 0
7.07434 299.59 0.125714 0
7.07434 299.59 0.00854701 0
7.07434 299.59 0.285714 0
7.07434 299.59 0.13253 0
7.07434 299.59 0.0171429 0
114.35 23.6617 0.00806452 0
114.35 23.6617 0.00934579 0
114.35 23.6617 0.0172414 0
114.35 23.6617 0.0961538 0
114.35 23.6617 0.0327869 0
29.8881 125.941 0.0294118 0
29.8881 125.941 0.0882353 0
29.8881 125.941 0.0487805 0
29.8881 125.941 0.0234375 0
29.8881 125.941 0.0555556 0
29.8881 125.941 0.333333 0
29.8881 125.941 0.146341 0
29.8881 125.941 0.0555556 0
167.748 24.2614 0.222222 0
167.748 24.2614 0.0136986 0
167.748 24.2614 0.0963855 0
167.748 24.2614 0.222222 0
167.748 24.2614 0.0117647 0
167.748 24.2614 0.0126582 0
167.748 24.2614 0.0123457 0
167.748 24.2614 0.123288 0
167.748 24.2614 0.193878 0
167.748 24.2614 0.0163934 0
167.748 24.2614 0.101266 0
167.748 24.2614 0.0126582 0
167.748 24.2614 0.141026 0
40.8983 341.949 0.0350877 0
40.8983 341.949 0.0194805 0
40.8983 341.949 0.0214286 0
40.8983 341.949 0.0612245 0
40.8983 341.949 0.0214286 0
40.8983 341.949 0.00621118 0
40.8983 341.949 0.00584795 0
126.595 18.0981 0.0241935 0
40.8983 341.949 0.0869565 0
40.8983 341.949 0.00632911 0
126.595 18.0981 0.0315789 0
40.8983 341.949 0.0140845 0
40.8983 341.949 0.0869565 0
160.883 323.851 0.107143 0
160.883 323.851 0.0232558 0
160.883 323.851 0.479592 0
160.883 323.851 0.018018 0
160.883 323.851 0.0232558 0
7.07434 299.59 0.0171429 0
7.07434 299.59 0.0108696 0
7.07434 299.59 0.0490798 0
7.07434 299.59 0.125714 0
7.07434 299.59 0.0108696 0
114.35 23.6617 0.180451 0
114.35 23.6617 0.0155039 0
7.07434 299.59 0.017341 0
7.07434 299.59 0.0654762 0
7.07434 299.59 0.00606061 0
114.35 23.6617 0.00806452 0
114.35 23.6617 0.00934579 0
114.35 23.6617 0.0172414 0
114.35 23.6617 0.180451 0
107.666 323.252 0.00775194 0
107.666 323.252 0.0396825 0
114.35 23.6617 0.0155039 0
107.666 323.252 0.008 0
107.666 323.252 0.057377 0
114.35 23.6617 0.0961538 0
114.35 23.6617 0.0327869 0
143.173 102.28 0.1625 0
143.173 102.28 0.103896 0
29.8881 125.941 0.0294118 0
29.8881 125.941 0.0882353 0
143.173 102.28 0.1625 0
29.8881 125.941 0.0487805 0
29.8881 125.941 0.333333 0
167.748 24.2614 0.0136986 0
167.748 24.2614 0.0123457 0
167.748 24.2614 0.123288 0
40.8983 341.949 0.00621118 0
40.8983 341.949 0.0373832 0
40.8983 341.949 0.00584795 0
40.8983 341.949 0.00584795 0
40.8983 341.949 0.025641 0
40.8983 341.949 0.0497238 0
40.8983 341.949 0.0612245 0
40.8983 341.949 0.0373832 0
40.8983 341.949 0.025641 0
40.8983 341.949 0.015873 0
40.8983 341.949 0.0403226 0
40.8983 341.949 0.12 0
40.8983 341.949 0.0403226 0
40.8983 341.949 0.0222222 0
40.8983 341.949 0.00632911 0
126.595 18.0981 0.0315789 0
160.883 323.851 0.107143 0
160.883 323.851 0.479592 0
160.883 323.851 0.00952381 0
160.883 323.851 0.018018 0
7.07434 299.59 0.017341 0
7.07434 299.59 0.0654762 0
107.666 323.252 0.00775194 0
107.666 323.252 0.008 0
107.666 323.252 0.00680272 0
7.07434 299.59 0.00606061 0
107.666 323.252 0.0396825 0
107.666 323.252 0.057377 0
107.666 323.252 0.215278 0
107.666 323.252 0.00680272 0
107.666 323.252 0.215278 0
107.666 323.252 0.0241935 0
107.666 323.252 0.0406504 0
107.666 323.252 0.00684932 0
143.173 102.28 0.0674157 0
143.173 102.28 0.103896 0
143.173 102.28 0.0674157 0
143.173 102.28 0.0363636 0
143.173 102.28 0.0769231 0
40.8983 341.949 0.015873 0
40.8983 341.949 0.0210526 0
40.8983 341.949 0.0097561 0
40.8983 341.949 0.0166667 0
40.8983 341.949 0.00584795 0
40.8983 341.949 0.0497238 0
40.8983 341.949 0.0210526 0
40.8983 341.949 0.00507614 0
40.8983 341.949 0.00531915 0
40.8983 341.949 0.0222222 0
40.8983 341.949 0.0581395 0
40.8983 341.949 0.12 0
40.8983 341.949 0.0581395 0
160.883 323.851 0.00952381 0
160.883 323.851 0.0252101 0
160.883 323.851 0.0594059 0
107.666 323.252 0.0241935 0
107.666 323.252 0.0406504 0
107.666 323.252 0.00684932 0
107.666 323.252 0.323944 0
107.666 323.252 0.323944 0
107.666 323.252 0.0827586 0
107.666 323.252 0.0134228 0
143.173 102.28 0.0363636 0
143.173 102.28 0.0769231 0
107.666 323.252 0.393701 0
36.9597 425.531 0.013986 0
36.9597 425.531 0.227273 0
40.8983 341.949 0.00507614 0
40.8983 341.949 0.00471698 0
40.8983 341.949 0.00531915 0
40.8983 341.949 0.0295567 0
40.8983 341.949 0.0070922 0
40.8983 341.949 0.0097561 0
40.8983 341.949 0.00471698 0
40.8983 341.949 0.0295567 0
40.8983 341.949 0.0157895 0
40.8983 341.949 0.0166667 0
40.8983 341.949 0.0070922 0
40.8983 341.949 0.00714286 0
40.8983 341.949 0.0390625 0
40.8983 341.949 0.047619 0
40.8983 341.949 0.0211268 0
160.883 323.851 0.0594059 0
160.883 323.851 0.336364 0
160.883 323.851 0.0130719 0
160.883 323.851 0.050505 0
160.883 323.851 0.0252101 0
160.883 323.851 0.336364 0
160.883 323.851 0.0458015 0
160.883 323.851 0.0130719 0
107.666 323.252 0.0827586 0
107.666 323.252 0.0134228 0
107.666 323.252 0.393701 0
36.9597 425.531 0.013986 0
107.666 323.252 0.0338983 0
36.9597 425.531 0.0247934 0
107.666 323.252 0.0338983 0
36.9597 425.531 0.0247934 0
36.9597 425.531 0.287037 0
36.9597 425.531 0.0625 0
36.9597 425.531 0.013245 0
36.9597 425.531 0.108571 0
36.9597 425.531 0.227273 0
36.9597 425.531 0.013245 0
40.8983 341.949 0.00714286 0
40.8983 341.949 0.0157895 0
40.8983 341.949 0.0390625 0
40.8983 341.949 0.117241 0
40.8983 341.949 0.00729927 0
40.8983 341.949 0.0272109 0
40.8983 341.949 0.047619 0
40.8983 341.949 0.00917431 0
40.8983 341.949 0.0319149 0
40.8983 341.949 0.0211268 0
40.8983 341.949 0.0124224 0
40.8983 341.949 0.00917431 0
40.8983 341.949 0.0196078 0
40.8983 341.949 0.0272109 0
40.8983 341.949 0.0124224 0
40.8983 341.949 0.0144928 0
160.883 323.851 0.0458015 0
160.883 323.851 0.0583333 0
160.883 323.851 0.050505 0
160.883 323.851 0.0583333 0
160.883 323.851 0.0862069 0
36.9597 425.531 0.287037 0
36.9597 425.531 0.0625 0
36.9597 425.531 0.108571 0
146.423 199.756 0.117647 0
40.8983 341.949 0.117241 0
40.8983 341.949 0.0621469 0
40.8983 341.949 0.00729927 0
40.8983 341.949 0.0196078 0
40.8983 341.949 0.0144928 0
40.8983 341.949 0.0229885 0
40.8983 341.949 0.0441176 0
40.8983 341.949 0.0319149 0
40.8983 341.949 0.0229885 0
40.8983 341.949 0.00649351 0
40.8983 341.949 0.00980392 0
160.883 323.851 0.0862069 0
160.883 323.851 0.0393701 0
160.883 323.851 0.00909091 0
146.423 199.756 0.117647 0
39.1742 50.5682 0.180851 0
110.669 149.188 0.165138 0
110.669 149.188 0.02 0
40.8983 341.949 0.0621469 0
40.8983 341.949 0.0342857 0
40.8983 341.949 0.00649351 0
40.8983 341.949 0.0342857 0
40.8983 341.949 0.015625 0
40.8983 341.949 0.04375 0
40.8983 341.949 0.00980392 0
40.8983 341.949 0.0240964 0
40.8983 341.949 0.0263158 0
40.8983 341.949 0.0104167 0
40.8983 341.949 0.0441176 0
40.8983 341.949 0.0240964 0
40.8983 341.949 0.00900901 0
40.8983 341.949 0.0126582 0
40.8983 341.949 0.015625 0
40.8983 341.949 0.0263158 0
40.8983 341.949 0.0138889 0
160.883 323.851 0.00909091 0
160.883 323.851 0.278261 0
160.883 323.851 0.00884956 0
160.883 323.851 0.0393701 0
160.883 323.851 0.278261 0
39.1742 50.5682 0.180851 0
110.669 149.188 0.165138 0
110.669 149.188 0.02 0
40.8983 341.949 0.04375 0
40.8983 341.949 0.0808824 0
40.8983 341.949 0.00900901 0
40.8983 341.949 0.0808824 0
40.8983 341.949 0.0403226 0
40.8983 341.949 0.0197368 0
40.8983 341.949 0.0775194 0
40.8983 341.949 0.0126582 0
40.8983 341.949 0.0138889 0
40.8983 341.949 0.0543478 0
40.8983 341.949 0.021978 0
40.8983 341.949 0.0104167 0
40.8983 341.949 0.0403226 0
40.8983 341.949 0.0543478 0
40.8983 341.949 0.0197368 0
160.883 323.851 0.031746 0
160.883 323.851 0.00884956 0
160.883 323.851 0.031746 0
160.883 323.851 0.0816327 0
160.883 323.851 0.0438596 0
76.8347 38.9739 0.0447761 0
76.8347 38.9739 0.0519481 0
76.8347 38.9739 0.0246914 0
110.669 149.188 0.15 0
76.8347 38.9739 0.0609756 0
110.669 149.188 0.0714286 0
110.669 149.188 0.15 0
40.8983 341.949 0.0775194 0
40.8983 341.949 0.0347826 0
40.8983 341.949 0.0347826 0
40.8983 341.949 0.0458716 0
40.8983 341.949 0.075 0
40.8983 341.949 0.00980392 0
40.8983 341.949 0.021978 0
40.8983 341.949 0.0458716 0
40.8983 341.949 0.0107527 0
160.883 323.851 0.0816327 0
160.883 323.851 0.0438596 0
160.883 323.851 0.0212766 0
76.8347 38.9739 0.0447761 0
76.8347 38.9739 0.0519481 0
76.8347 38.9739 0.0246914 0
76.8347 38.9739 0.0609756 0
180.636 110.214 0.111111 0
110.669 149.188 0.0714286 0
180.636 110.214 0.111111 0
180.636 110.214 0.0769231 0
180.636 110.214 0.02 0
180.636 110.214 0.0166667 0
180.636 110.214 0.0625 0
40.8983 341.949 0.075 0
40.8983 341.949 0.0588235 0
40.8983 341.949 0.0107527 0
40.8983 341.949 0.0348837 0
40.8983 341.949 0.0102041 0
40.8983 341.949 0.0725806 0
40.8983 341.949 0.0588235 0
40.8983 341.949 0.0119048 0
40.8983 341.949 0.0416667 0
40.8983 341.949 0.010989 0
40.8983 341.949 0.0737705 0
40.8983 341.949 0.00980392 0
40.8983 341.949 0.0348837 0
40.8983 341.949 0.0119048 0
160.883 323.851 0.152542 0
160.883 323.851 0.043956 0
160.883 323.851 0.0595238 0
160.883 323.851 0.0212766 0
160.883 323.851 0.152542 0
160.883 323.851 0.0569106 0
160.883 323.851 0.04 0
160.883 323.851 0.043956 0
180.636 110.214 0.0769231 0
180.636 110.214 0.185714 0
180.636 110.214 0.185714 0
180.636 110.214 0.037037 0
180.636 110.214 0.0153846 0
180.636 110.214 0.02 0
180.636 110.214 0.037037 0
180.636 110.214 0.0166667 0
180.636 110.214 0.0625 0
180.636 110.214 0.16 0
180.636 110.214 0.16 0
180.636 110.214 0.1 0
180.636 110.214 0.0229885 0
180.636 110.214 0.0210526 0
40.8983 341.949 0.0102041 0
40.8983 341.949 0.0416667 0
180.636 110.214 0.0206186 0
180.636 110.214 0.12381 0
40.8983 341.949 0.010989 0
180.636 110.214 0.0105263 0
180.636 110.214 0.0108696 0
180.636 110.214 0.03 0
40.8983 341.949 0.0725806 0
40.8983 341.949 0.0737705 0
180.636 110.214 0.0162602 0
180.636 110.214 0.0152672 0
160.883 323.851 0.0569106 0
160.883 323.851 0.04 0
160.883 323.851 0.0102041 0
160.883 323.851 0.0595238 0
180.636 110.214 0.0153846 0
180.636 110.214 0.1 0
180.636 110.214 0.0105263 0
180.636 110.214 0.0229885 0
180.636 110.214 0.0206186 0
180.636 110.214 0.0108696 0
180.636 110.214 0.0162602 0
180.636 110.214 0.0344828 0
180.636 110.214 0.0210526 0
180.636 110.214 0.12381 0
180.636 110.214 0.03 0
180.636 110.214 0.0152672 0
180.636 110.214 0.252632 0
180.636 110.214 0.0344828 0
180.636 110.214 0.252632 0
160.883 323.851 0.258824 0
160.883 323.851 0.0102041 0
160.883 323.851 0.258824 0
