2.72431 0.251599 0.209524 1
0.506862 1.57916 0.193277 1
4.36266 1.95178 0.181818 1
4.05562 3.18315 0.0390625 1
5.50405 4.26937 0.00787402 1
3.46761 4.40958 0.106796 1
5.53233 3.96104 0.121495 1
5.22389 6.31997 0.0333333 1
6.68462 6.6739 0.158333 1
5.78367 8.18656 0.0733945 1
8.48808 7.46402 0.154639 1
5.96212 8.62201 0.0185185 1
7.18049 10.6084 0.115108 1
4.36894 10.906 0.037037 1
1.6029 11.0527 0.0927152 1
2.48119 10.2831 0.188034 1
2.14411 8.12955 0.05 1
3.08195 9.74818 0.203488 1
1.70149 10.3197 0.00526316 1
6.41382 9.13121 0.133333 1
3.30042 10.1813 0.0421053 1
4.37361 10.1958 0.0446429 1
2.89757 10.1266 0.0166667 1
6.42704 9.43418 0.076087 1
5.26038 9.86533 0.0138889 1
2.7019 9.90834 0.158879 1
5.00347 9.82692 0.0420168 1
5.43025 8.14966 0.25 1
6.87213 8.59681 0.0625 1
4.05179 9.31697 0.109375 1
8.66481 9.19065 0.324324 1
8.60807 10.9527 0.0948905 1
10.1081 11.806 0.0891089 1
7.41126 13.0608 0.0434783 1
9.8893 13.8542 0.0888889 1
9.01088 14.838 0.050505 1
6.85347 14.7382 0.122807 1
5.32736 16.0137 0.142857 1
6.06032 15.1327 0.0263158 1
5.44688 14.7772 0.201681 1
6.69067 11.7515 0.147368 1
2.86142 14.1404 0.0105263 1
4.36988 11.2306 0.212389 1
7.15985 10.8965 0.0943396 1
5.39846 13.2784 0.024 1
12.9036 14.4273 0.258427 1
7.80495 0.176546 0.0422535 1
23.1241 8.2837 0.1 1
22.4689 28.8827 0.0694444 1
29.6379 32.8547 0.287129 1
23.8664 35.3812 0.109756 1
32.3274 39.2205 0.230769 1
25.0948 45.4551 0.0958904 1
29.9454 48.9891 0.0105263 1
26.1469 50.9823 0.101124 1
28.3845 51.8334 0.148438 1
30.9758 52.6743 0.176871 1
31.0771 56.9828 0.0869565 1
28.149 56.2772 0.0884956 1
32.6143 60.997 0.243421 1
36.0487 63.7906 0.00806452 1
32.1323 73.673 0.238095 1
36.0882 75.3469 0.0232558 1
37.9969 79.2281 0.0480769 1
39.3569 85.9652 0.163043 1
40.3013 92.6294 0.164062 1
40.4372 96.4306 0.0608696 1
41.1853 99.5939 0.257576 1
37.1188 101.508 0.140496 1
34.045 103.002 0.0347826 1
31.7513 102.573 0.299213 1
32.7783 106.546 0.0769231 1
32.2119 106.629 0.141935 1
29.6537 108.594 0.0991736 1
29.2334 108.683 0.232558 1
30.0369 109.422 0.0444444 1
31.5866 108.981 0.176101 1
25.3838 108.563 0.322368 1
30.0594 109.617 0.0914634 1
17.5456 108.942 0.0363636 1
19.9015 109.139 0.184 1
10.4035 109.753 0.122807 1
14.7195 109.53 0.0925926 1
6.97884 109.66 0.29661 1
11.0698 108.632 0.0756303 1
2.35953 108.152 0.0701754 1
4.80107 107.523 0.0612245 1
3.58667 105.553 0.162162 1
3.42697 106.266 0.0683761 1
9.96797 106.512 0.201681 1
13.737 106.8 0.18705 1
17.1003 106.435 0.10687 1
21.741 106.957 0.288 1
25.3804 106.539 0.128788 1
23.5206 107.162 0.015873 1
20.5132 107.774 0.0296296 1
18.2332 107.598 0.011236 1
14.2559 107.789 0.00578035 1
14.7732 108.07 0.198473 1
17.1641 107.622 0.321168 1
21.7124 106.656 0.0594059 1
17.2023 107.359 0.0666667 1
25.1354 106.705 0.171429 1
10.3521 107.858 0.1 1
5.10764 107.268 0.148936 1
7.29041 107.439 0.00909091 1
8.5196 106.772 0.0210526 1
10.6753 106.284 0.0148148 1
8.38281 105.942 0.0353982 1
8.18059 104.874 0.0813008 1
4.66636 103.869 0.0416667 1
2.89981 103.838 0.0681818 1
4.87426 102.244 0.126316 1
14.1621 101.602 0.14433 1
21.9549 104.348 0.160714 1
23.1524 104.332 0.0775862 1
24.4395 104.929 0.0306122 1
26.2827 105.483 0.0571429 1
26.8679 105.35 0.245098 1
23.2167 106.042 0.117021 1
27.2727 104.265 0.0630631 1
26.2253 106.239 0.179641 1
31.756 105.861 0.122807 1
35.2859 107.11 0.177966 1
37.9247 107.85 0.0294118 1
35.0858 111.816 0.0275229 1
31.364 111.94 0.0483871 1
28.1234 113.001 0.163636 1
24.6835 113.605 0.24 1
31.1222 113.489 0.12069 1
32.4594 113.132 0.0218978 1
32.1524 113.831 0.161905 1
24.1304 113.151 0.160584 1
20.1534 113.737 0.102564 1
17.6656 113.169 0.0420168 1
8.30851 112.848 0.11215 1
3.69707 113.261 0.107955 1
13.2855 112.859 0.145455 1
16.7361 113.215 0.0181818 1
22.709 113.767 0.00943396 1
20.3648 113.784 0.111111 1
21.4336 113.738 0.116667 1
25.64 112.917 0.0925926 1
28.268 114.445 0.209524 1
30.5711 114.512 0.346939 1
30.73 116.467 0.0185185 1
27.865 117.02 0.0344828 1
23.0365 116.816 0.059322 1
17.048 117.602 0.198473 1
13.9089 117.481 0.0909091 1
19.4851 116.422 0.0655738 1
25.5721 117.184 0.173554 1
22.9175 116.912 0.310924 1
29.2708 117.245 0.0703125 1
21.8642 117.546 0.0267857 1
17.6074 118.268 0.0825688 1
14.6311 117.911 0.131387 1
11.2649 117.414 0.0150376 1
8.61231 117.925 0.0153846 1
5.81354 117.809 0.122642 1
5.06648 116.794 0.0247934 1
4.04183 115.194 0.0336134 1
2.57352 115.023 0.00746269 1
6.50976 114.024 0.0754717 1
17.447 113.929 0.141414 1
22.1545 114.336 0.0517241 1
27.4223 115.902 0.4 1
28.8014 115.978 0.233577 1
31.7856 115.447 0.060241 1
30.4432 115.847 0.043956 1
27.4337 116.921 0.0857143 1
26.9613 117.153 0.0141844 1
32.3717 117.33 0.0791367 1
39.1229 118.2 0.145455 1
36.9974 120.647 0.103175 1
32.3298 121.345 0.0618557 1
28.5174 120.904 0.125 1
27.5828 121.343 0.0458716 1
33.2247 120.53 0.0808081 1
34.3442 121.27 0.0155039 1
34.4247 121.859 0.00826446 1
31.442 121.85 0.120482 1
25.9649 121.261 0.15625 1
21.041 120.855 0.0327869 1
12.3177 121.041 0.118182 1
1.97677 121.661 0.208333 1
14.3624 122.026 0.104478 1
16.9925 121.982 0.00869565 1
18.4063 122.503 0.0909091 1
21.3598 121.824 0.114035 1
24.3581 121.962 0.105263 1
33.2132 122.518 0.205607 1
33.0113 123.158 0.00854701 1
34.6307 124.642 0.182292 1
32.9684 126.21 0.045045 1
26.8743 126.415 0.172727 1
21.227 126.776 0.238095 1
16.0709 126.831 0.0625 1
13.2299 127.349 0.122302 1
18.7664 126.177 0.0495868 1
23.468 125.765 0.0243902 1
26.481 126.646 0.191617 1
23.0779 124.752 0.0803571 1
21.7565 126.915 0.0413223 1
18.6659 126.756 0.037037 1
15.668 125.037 0.0902778 1
11.2032 125.294 0.118644 1
8.81578 125.373 0.18254 1
6.03759 124.74 0.178218 1
10.892 123.745 0.0285714 1
8.90677 124.613 0.0169492 1
13.0714 123.554 0.0784314 1
18.8444 123.793 0.0392157 1
23.5865 125.224 0.00793651 1
25.8954 125.236 0.0217391 1
29.4126 125.561 0.096 1
34.6095 125.831 0.1 1
28.7332 126.734 0.108696 1
32.047 127.24 0.0137931 1
35.3045 126.817 0.132812 1
37.4541 127.227 0.0277778 1
34.4633 128.975 0.056338 1
29.3272 129.681 0.205357 1
32.6928 126.585 0.0430108 1
36.8477 128.839 0.045045 1
38.8043 129.556 0.0148148 1
32.7281 130.862 0.241379 1
33.8913 130.589 0.00657895 1
29.2593 130.136 0.292683 1
27.5216 130.488 0.115702 1
14.9609 128.937 0.102804 1
3.31072 126.601 0.0618557 1
13.017 130.774 0.411348 1
14.2749 130.832 0.0636943 1
18.7659 130.45 0.0196078 1
24.0923 129.865 0.127119 1
27.4037 130.378 0.00869565 1
35.4116 130.87 0.263473 1
31.9204 131.282 0.0909091 1
24.0356 130.731 0.0333333 1
16.994 131.218 0.05 1
12.4266 130.523 0.016129 1
15.8883 131.422 0.306569 1
19.5735 130.734 0.155039 1
20.5488 130.901 0.02 1
16.5746 126.453 0.0305344 1
20.6543 129.903 0.128378 1
25.8057 129.81 0.134454 1
20.235 129.092 0.0166667 1
10.8966 128.588 0.0078125 1
6.45879 128.553 0.144144 1
13.4483 128.099 0.164835 1
16.1576 128.416 0.0227273 1
19.0733 128.454 0.0215054 1
23.4907 129.193 0.00952381 1
23.6242 128.961 0.0775194 1
24.4622 131.046 0.149068 1
31.5221 130.105 0.225806 1
2.69604 0.56452 0.206186 1
35.5696 129.403 0.00961538 1
37.8663 131.372 0.03125 1
38.8621 133.137 0.0882353 1
36.3222 135.161 0.0776699 1
30.578 135.545 0.179245 1
28.4882 136.452 0.205405 1
33.4235 136.608 0.151079 1
34.9044 136.896 0.0858896 1
37.1798 136.572 0.0229008 1
29.9442 136.506 0.0900901 1
36.2283 136.593 0.105263 1
39.0681 136.356 0.011236 1
40.3965 137.795 0.263514 1
34.7967 138.452 0.121622 1
33.1449 138.436 0.15 1
29.8482 137.363 0.0542169 1
22.9526 137.802 0.0961538 1
18.3516 137.947 0.137615 1
5.52749 133.419 0.0736842 1
14.4973 138.804 0.083871 1
16.1062 139.41 0.25 1
15.0261 138.477 0.075 1
17.5787 138.332 0.0696203 1
16.3535 138.595 0.0581395 1
22.5411 138.178 0.237705 1
28.6819 138.249 0.102564 1
32.0653 137.653 0.121495 1
29.1891 137.908 0.181034 1
21.8545 138.944 0.0956522 1
13.9999 128.605 0.165414 1
4.40502 113.348 0.01 0
15.6686 132.529 0.182353 1
18.5282 137.232 0.0555556 1
14.2097 127.947 0.202899 1
12.3297 126.723 0.224638 1
4.15113 118.172 0.0841122 0
22.1086 132.139 0.0467836 1
4.12809 118.081 0.0550459 0
35.8071 83.7452 0.0176991 0
8.41621 109.747 0.285714 0
16.6671 133.845 0.0530973 1
7.5349 134.355 0.129032 1
18.0448 136.066 0.0449438 1
20.9851 137.268 0.10989 1
25.4843 136.579 0.169492 1
25.0586 137.065 0.046729 1
25.4029 138.144 0.0214286 1
24.9312 138.492 0.112994 1
25.7477 137.532 0.0839161 1
28.0247 137.807 0.0454545 1
34.5084 138.093 0.177083 1
40.4894 138.172 0.0202703 1
38.1224 141.829 0.0780142 1
35.4349 142.553 0.0103093 1
31.8902 142.444 0.111111 1
35.8143 142.994 0.0168067 1
34.5614 143.775 0.0992908 1
35.0191 143.921 0.0165289 1
32.509 143.692 0.0363636 1
38.6293 144.223 0.17284 1
41.2205 143.958 0.136842 1
41.7803 145.103 0.00884956 1
35.5525 144.553 0.0923077 1
30.0886 144.393 0.13245 1
27.2428 145.39 0.164474 1
23.7694 144.63 0.133333 1
20.2567 145.03 0.028777 1
12.4229 143.208 0.176471 1
13.7142 145.764 0.302703 1
15.6582 145.483 0.0136986 1
18.6611 145.21 0.00877193 1
19.2641 145.364 0.146552 1
20.0426 145.68 0.0169492 1
24.6291 144.639 0.0490196 1
28.3361 143.94 0.117647 1
20.4241 134.213 0.0571429 1
4.03143 119.848 0.32 0
14.7749 120.666 0.0992366 0
43.3121 109.512 0.0518519 0
34.5826 90.2915 0.0238095 0
10.0445 118.359 0.04 0
4.03143 119.848 0.01 0
4.03143 119.848 0.32 0
4.03143 119.848 0.0289855 0
4.03143 119.848 0.0434783 0
13.5793 0.818163 0.0816327 1
34.8746 8.09328 0.0588235 1
67.312 30.5705 0.113043 1
11.8346 248.148 0.258065 1
47.1758 260.034 0.0434783 1
33.7747 163.688 0.0289855 0
33.7747 163.688 0.0215827 0
33.7747 163.688 0.333333 0
4.59025 125.165 0.00847458 0
4.59025 125.165 0.211009 0
34.2622 90.8299 0.0176991 0
33.7747 163.688 0.0689655 0
17.4723 120.783 0.138889 0
33.7208 118.131 0.0169492 0
4.59025 125.165 0.0841122 0
4.59025 125.165 0.0550459 0
4.59025 125.165 0.00847458 0
4.59025 125.165 0.211009 0
35.6112 34.3355 0.219512 1
11.1475 84.4608 0.0113636 1
7.59692 80.4776 0.155844 1
19.5238 70.577 0.045977 1
18.4323 38.1769 0.0176991 0
18.4323 38.1769 0.0176991 0
26.6325 31.8575 0.0481928 1
22.4202 7.81384 0.285714 0
25.474 105.639 0.0947368 1
18.8651 3.6918 0.0518519 0
18.8651 3.6918 0.212121 0
18.8651 3.6918 0.162162 0
24.4748 140.559 0.036036 0
15.1471 136.755 0.08 0
18.8651 3.6918 0.0518519 0
18.8651 3.6918 0.212121 0
18.8651 3.6918 0.00793651 0
18.8651 3.6918 0.162162 0
18.8651 3.6918 0.00952381 0
10.2501 136.867 0.223077 1
6.89766 132.913 0.0208333 1
10.7096 138.765 0.0108696 1
22.4974 132.164 0.008 1
25.5046 145.311 0.0150376 1
25.9302 139.771 0.0617284 1
27.1389 144.302 0.0547945 1
21.8458 144.376 0.015748 1
23.9964 145.307 0.114094 1
25.6238 145.378 0.0361446 1
23.4767 144.824 0.10219 1
27.2363 144.668 0.00877193 1
30.1031 144.241 0.0882353 1
35.6201 144.841 0.121212 1
40.8431 145.394 0.188406 1
38.8993 146.123 0.122642 1
34.8788 148.05 0.0625 1
31.3787 148.259 0.30303 1
29.7346 147.847 0.00653595 1
33.548 148.247 0.152542 1
39.3065 147.545 0.0823529 1
42.4553 148.622 0.12931 1
36.1317 148.121 0.0934579 1
30.925 148.788 0.186275 1
24.2311 150.626 0.0939597 1
23.3075 150.664 0.164773 1
20.8866 149.429 0.222222 1
17.263 148.725 0.294444 1
8.65703 145.271 0.0941176 1
13.2755 149.053 0.279221 1
18.6225 150.212 0.0695652 1
22.0475 150.344 0.326923 1
22.5073 150.449 0.041958 1
23.7136 149.858 0.0608696 1
24.8083 149.83 0.0185185 1
27.1745 145.648 0.104294 1
8.21132 130.366 0.0392157 0
32.2609 159.017 0.0434783 0
32.2609 159.017 0.123967 0
32.2609 159.017 0.008 0
8.21132 130.366 0.296875 0
32.2609 159.017 0.0992366 0
32.2609 159.017 0.123967 0
39.4804 289.384 0.351351 1
45.973 281.717 0.12381 1
31.4894 184.459 0.0518519 0
31.4894 184.459 0.008 0
98.3192 291.828 0.00775194 1
13.6728 467.01 0.259843 1
71.049 458.587 0.0620155 1
88.6199 503.847 0.00775194 1
37.6915 438.255 0.0238095 0
37.6915 438.255 0.0215827 0
37.6915 438.255 0.04 0
37.6915 438.255 0.333333 0
37.6915 438.255 0.0689655 0
20.5494 439.234 0.0714286 1
31.5214 379.807 0.138889 0
29.5186 492.506 0.0759494 1
32.6403 377.704 0.0169492 0
46.5141 478.667 0.00980392 1
17.0949 1.64007 0.333333 1
41.0733 26.9642 0.172932 1
87.2356 332.572 0.01 1
60.7733 629.971 0.186207 1
36.2463 661.756 0.0141844 1
58.4123 547.742 0.00793651 0
58.4123 547.742 0.00952381 0
58.4123 547.742 0.036036 0
34.402 104.663 0.00719424 0
58.4123 547.742 0.08 0
34.402 104.663 0.176471 0
14.1796 146.032 0.0633803 1
34.3736 104.624 0.0483871 0
34.3736 104.624 0.00632911 0
49.2771 122.155 0.212766 0
37.8152 127.436 0.0204082 0
49.2771 122.155 0.0849673 0
37.8152 127.436 0.194969 0
22.5116 146.075 0.146067 1
19.484 143.568 0.00555556 1
16.1217 148.482 0.0437956 1
21.489 148.751 0.0518519 1
23.7304 149.668 0.17284 1
25.8086 149.791 0.0992366 1
27.0712 149.34 0.152 1
31.2756 147.88 0.011236 1
38.0905 148.734 0.114286 1
40.0135 150.328 0.0431655 1
38.556 151.946 0.222222 1
41.396 151.553 0.03125 1
35.4109 154.575 0.039604 1
30.5689 154.603 0.0634921 1
33.6765 153.049 0.0135135 1
25.2035 153.777 0.292208 1
41.1283 152.074 0.0869565 1
43.5057 154.488 0.104 1
40.4158 153.639 0.0542636 1
31.2147 155.179 0.0693069 1
25.7461 155.469 0.116505 1
20.4805 156.046 0.161074 1
18.0854 155.169 0.129032 1
15.1119 155.63 0.222826 1
12.7866 153.473 0.0714286 1
17.6378 155.602 0.0873786 1
18.9013 156.108 0.132075 1
24.0317 155.836 0.0774648 1
25.8876 155.597 0.0591716 1
29.1301 156.107 0.0645161 1
28.3676 155.332 0.17284 1
56.9833 542.152 0.0568182 0
30.1419 150.018 0.241379 1
24.1132 114.345 0.0116959 0
57.0963 542.022 0.0392157 0
57.0963 542.022 0.296875 0
57.0963 542.022 0.0568182 0
57.0963 542.022 0.0206897 0
33.3734 656.366 0.221239 1
47.8315 664.362 0.214953 1
46.0771 665.2 0.00740741 1
52.5118 656.943 0.213018 1
113.053 668.418 0.0735294 1
120.673 719.427 0.0289855 1
49.035 767.564 0.0442478 1
6.00249 754.493 0.0720721 1
9.98474 741.442 0.0638298 1
60.7751 728.479 0.00925926 1
11.032 740.307 0.247423 1
25.7438 720.492 0.107914 1
51.6046 717.472 0.00684932 1
11.3728 707.049 0.0193548 1
43.5766 589.099 0.00719424 0
43.5766 589.099 0.176471 0
43.5766 589.099 0.0483871 0
43.5766 589.099 0.00632911 0
43.5766 589.099 0.0510949 0
8.07678 717.014 0.0305344 1
32.8829 695.173 0.17341 1
44.6966 577.263 0.0510949 0
44.6966 577.263 0.0416667 0
44.6966 577.263 0.00617284 0
44.6966 577.263 0.212766 0
44.6966 577.263 0.0849673 0
44.6966 577.263 0.0416667 0
10.2757 710.459 0.0833333 1
65.3979 693.482 0.00952381 1
22.141 696.959 0.231405 1
46.1733 568.031 0.0204082 0
46.1733 568.031 0.194969 0
46.1733 568.031 0.110345 0
46.1733 568.031 0.047619 0
14.311 690.612 0.278196 1
11.8338 694.634 0.0310078 1
46.2257 556.098 0.110345 0
46.2257 556.098 0.0131579 0
46.2257 556.098 0.168919 0
11.4791 150.396 0.0290698 1
46.1973 556.174 0.047619 0
46.1973 556.174 0.0324675 0
46.1973 556.174 0.266667 0
18.34 146.015 0.0104712 1
46.1427 556.237 0.0559441 0
22.105 147.253 0.110429 1
24.1543 148.532 0.00458716 1
27.406 149.691 0.0694444 1
38.4976 143.474 0.00625 1
40.6208 155.98 0.148148 1
43.4175 158.694 0.216561 1
32.3058 160.672 0.0322581 1
27.193 162.717 0.223301 1
20.4343 160.734 0.149254 1
29.4734 158.798 0.0608696 1
45.055 162.284 0.168317 1
47.1396 162.407 0.00892857 1
43.4904 161.417 0.145455 1
33.7001 162.435 0.137931 1
26.8264 162.886 0.214876 1
20.6681 164.21 0.00943396 1
16.9411 163.652 0.0465116 1
13.0126 163.649 0.047619 1
10.453 163.53 0.0105263 1
16.8735 163.862 0.2 1
21.693 164.681 0.149533 1
24.3361 164.523 0.00806452 1
26.1206 165.297 0.00917431 1
27.6955 164.626 0.00714286 1
29.5299 160.717 0.037037 1
45.1079 547.143 0.0206897 0
45.1079 547.143 0.0214286 0
5.84095 141.519 0.101449 0
45.1079 547.143 0.0116959 0
45.1079 547.143 0.0214286 0
49.0988 688.662 0.40566 1
23.5537 650.058 0.264706 1
100.155 681.895 0.0864198 1
46.0864 710.15 0.228395 1
62.6248 695.341 0.306569 1
13.9575 709.507 0.431138 1
45.2668 683.161 0.0116279 1
72.9477 697.524 0.0566038 1
14.5362 699.534 0.0944444 1
31.6362 689.556 0.0574713 1
75.8068 676.907 0.0267857 1
18.833 660.019 0.0119048 1
16.1767 653.573 0.286408 1
22.4675 670.238 0.155963 1
16.0205 670.009 0.0838323 1
6.5999 670.164 0.00588235 1
54.6329 644.581 0.125 1
43.4132 531.177 0.00617284 0
17.6418 675.215 0.0213904 1
9.38322 670.251 0.00675676 1
43.1258 523.63 0.0131579 0
43.1258 523.63 0.0324675 0
51.6907 635.951 0.262712 1
24.4171 654.026 0.0962963 1
44.1876 522.164 0.168919 0
44.1876 522.164 0.266667 0
44.1876 522.164 0.0559441 0
44.1876 522.164 0.108974 0
44.1876 522.164 0.0115607 0
11.1624 658.241 0.0610687 1
44.0729 518.094 0.108974 0
44.0729 518.094 0.00645161 0
44.0729 518.094 0.0387097 0
44.0729 518.094 0.0115607 0
44.0729 518.094 0.25 0
44.0729 518.094 0.111111 0
46.4527 129.409 0.111888 0
46.4527 129.409 0.100529 0
32.1224 156.44 0.0192308 1
46.3867 129.576 0.0465116 0
54.6956 137.825 0.0661157 0
54.6956 137.825 0.220339 0
42.6688 156.179 0.0839161 1
45.4301 164.775 0.0227273 1
54.527 141.878 0.00617284 0
44.4398 160.054 0.00505051 1
37.1875 161.952 0.047619 1
60.8335 147.301 0.0105263 0
29.7844 160.94 0.0306122 1
16.513 168.302 0.12973 1
33.5425 166.692 0.111111 1
39.7667 167.074 0.0769231 1
45.5401 158.675 0.0130719 1
42.5178 163.087 0.0629371 1
36.2163 170.798 0.0425532 1
31.0679 169.975 0.0268456 1
23.9795 172.452 0.107914 1
20.0415 165.379 0.0381679 1
14.8099 166.653 0.0486111 1
11.8226 171.233 0.0261438 1
20.2194 172.257 0.152174 1
21.9214 172.42 0.00826446 1
25.09 173.181 0.123077 1
26.2322 172.808 0.06 1
28.5034 172.576 0.0813008 1
43.1765 510.19 0.0566038 0
24.2092 161.266 0.178571 1
10.1452 151.041 0.0402685 0
43.2027 510.193 0.101449 0
43.2027 510.193 0.0566038 0
43.2027 510.193 0.159292 0
51.5701 661.234 0.0531915 1
24.6643 646.508 0.282828 1
78.3793 641.575 0.0214286 1
38.1918 669.363 0.324324 1
15.6978 652.688 0.253968 1
29.067 636.641 0.177083 1
7.72294 658.774 0.0103093 1
46.2882 625.081 0.00609756 1
35.6762 582.576 0.0180723 1
53.1097 612.688 0.401869 1
52.5712 642.944 0.105263 1
24.0967 644.245 0.0112994 1
56.4639 631.557 0.174497 1
9.97168 634.745 0.202381 1
47.0281 621.728 0.0118343 1
46.2851 644.208 0.0314136 1
65.3926 641.318 0.010929 1
25.5669 634.067 0.272109 1
48.9391 636.408 0.00724638 1
61.1325 620.741 0.0352941 1
40.6491 491.783 0.00645161 0
23.6043 639.049 0.015748 1
23.4965 648.934 0.0451128 1
40.6885 488.089 0.0387097 0
40.6885 488.089 0.25 0
40.6885 488.089 0.111111 0
13.5038 625.399 0.183333 1
35.346 623.771 0.00581395 1
47.7254 594.967 0.0431034 1
40.706 483.414 0.111888 0
40.706 483.414 0.100529 0
40.706 483.414 0.0465116 0
19.7011 628.973 0.0294118 1
59.4746 606.849 0.00961538 1
41.277 483.046 0.198347 0
41.277 483.046 0.0661157 0
41.277 483.046 0.220339 0
41.277 483.046 0.00617284 0
41.277 483.046 0.198347 0
60.64 616.406 0.0361446 1
34.4556 623.946 0.0740741 1
60.2419 148.83 0.132075 0
41.7988 483.66 0.188679 0
60.2419 148.83 0.0105263 0
60.2419 148.83 0.132075 0
60.2419 148.83 0.145299 0
60.2419 148.83 0.05 0
24.133 632.49 0.0882353 1
67.3435 600.774 0.0724638 1
33.6185 611.285 0.144578 1
42.5181 483.944 0.145299 0
42.5181 483.944 0.00757576 0
62.6052 131.422 0.0123457 0
42.5181 483.944 0.05 0
42.5181 483.944 0.0347826 0
62.6052 131.422 0.0551724 0
22.1237 167.327 0.0522388 1
62.5561 131.359 0.139535 0
11.9965 165.881 0.0173913 1
62.5307 131.263 0.00505051 0
24.6366 161.951 0.179191 1
51.521 132.422 0.00529101 0
51.521 132.422 0.0409836 0
51.521 132.422 0.0151515 0
69.8772 135.518 0.0363636 0
69.8772 135.518 0.260274 0
56.9333 152.522 0.214815 1
54.762 152.131 0.12 0
36.8826 167.469 0.0655738 1
54.7317 152.195 0.024 0
54.7317 152.195 0.0381679 0
43.2865 157.724 0.0454545 0
26.2904 170.63 0.327381 1
37.3367 140.442 0.258065 0
37.3367 140.442 0.0746269 0
20.8376 139.658 0.276596 1
22.2842 176.072 0.0684932 1
22.1601 176.281 0.0434783 1
23.8392 175.038 0.253731 1
31.7479 174.718 0.328244 1
42.4812 480.694 0.159292 0
42.4812 480.694 0.330097 0
42.4812 480.694 0.0833333 0
17.7497 120.713 0.0769231 0
65.0956 103.619 0.017094 0
42.4812 480.694 0.0402685 0
42.4812 480.694 0.330097 0
70.2688 640.555 0.0510949 0
25.1801 601.408 0.306122 1
26.723 582.935 0.0714286 1
42.4506 477.89 0.0833333 0
94.3476 603.294 0.185792 1
74.8173 641.411 0.0324675 1
24.0124 639.114 0.187097 1
10.1156 619.396 0.011236 1
20.1399 645.494 0.475728 1
77.0876 579.248 0.0857143 1
65.0122 607.872 0.107143 1
88.7683 632.123 0.0973451 1
96.1128 642.609 0.16129 1
34.2368 648.825 0.00680272 1
61.6186 650.349 0.0202703 1
76.4033 655.878 0.0242718 1
81.4151 679.664 0.0917031 1
32.2612 679.448 0.0538922 1
90.3951 677.368 0.0163934 1
71.0585 676.088 0.138756 1
11.7257 672.925 0.0366492 1
31.2161 660.012 0.00531915 1
50.2859 660.884 0.0271739 1
11.2752 660.235 0.26087 1
9.91833 646.169 0.127854 1
29.6514 659.432 0.00746269 1
34.9596 660.371 0.213483 1
16.2528 653.725 0.0078125 1
38.8784 510.976 0.188679 0
67.1607 614.311 0.0410959 1
39.2387 512.445 0.00757576 0
39.2387 512.445 0.0347826 0
25.3041 647.117 0.0859375 1
44.6924 643.562 0.0324675 1
39.0213 510.063 0.0123457 0
39.0213 510.063 0.0551724 0
39.0213 510.063 0.139535 0
39.0213 510.063 0.00505051 0
39.0213 510.063 0.0272109 0
9.93953 638.05 0.160428 1
50.667 600.008 0.0774648 1
39.4706 507.255 0.0272109 0
39.4706 507.255 0.00568182 0
51.5865 135.859 0.0222222 0
39.4706 507.255 0.0520231 0
39.4706 507.255 0.015625 0
51.5865 135.859 0.169355 0
39.4706 507.255 0.025641 0
82.8037 122.117 0.00862069 0
51.5865 135.859 0.00529101 0
51.5865 135.859 0.0409836 0
51.5865 135.859 0.0151515 0
51.5865 135.859 0.0222222 0
51.5865 135.859 0.169355 0
14.6022 643.114 0.123596 1
73.7415 647.929 0.0421053 1
45.906 628.464 0.19697 1
19.2864 652.921 0.123188 1
69.9376 138.955 0.0363636 0
69.9376 138.955 0.260274 0
69.9376 138.955 0.188235 0
35.6617 643.598 0.0136986 1
64.9329 626.375 0.213483 1
33.5413 648.377 0.0280374 1
40.7105 504.231 0.188235 0
54.8601 152.063 0.109756 0
40.7105 504.231 0.025641 0
40.7105 504.231 0.0625 0
81.461 113.723 0.0348837 0
54.8601 152.063 0.12 0
54.8601 152.063 0.024 0
54.8601 152.063 0.0381679 0
54.8601 152.063 0.109756 0
54.8601 152.063 0.436782 0
11.4542 5.52936 0.115942 1
50.7268 138.15 0.00787402 0
22.4264 642.381 0.0116279 1
43.4916 616.11 0.255319 1
44.6489 636.559 0.0786517 1
41.1384 501.911 0.436782 0
41.1384 501.911 0.106061 0
41.1384 501.911 0.021978 0
41.1384 501.911 0.0454545 0
41.1384 501.911 0.106061 0
41.1384 501.911 0.0943396 0
18.3158 642.292 0.0461538 1
55.497 657.775 0.0175439 1
41.2761 501.054 0.00787402 0
41.2761 501.054 0.0943396 0
41.2761 501.054 0.0243902 0
41.2761 501.054 0.258065 0
41.2761 501.054 0.0746269 0
41.2761 501.054 0.0243902 0
41.2761 501.054 0.0674157 0
36.122 622.139 0.161905 1
24.6193 590.551 0.0756303 1
41.7631 498.002 0.0674157 0
41.7631 498.002 0.15873 0
22.9747 175.98 0.357955 1
21.5486 176.07 0.219298 1
20.3984 175.886 0.0222222 1
20.708 176.249 0.180328 1
20.646 175.398 0.0243902 1
24.372 174.851 0.0894309 1
29.1835 159.712 0.00613497 1
29.1771 175.195 0.0714286 1
32.2566 172.399 0.0526316 1
42.2875 497.87 0.0510949 0
42.2875 497.87 0.0529801 0
84.7408 113.894 0.00628931 0
42.2875 497.87 0.0769231 0
42.2875 497.87 0.0529801 0
42.2875 497.87 0.0943396 0
45.8286 611.763 0.05 1
42.5591 497.551 0.017094 0
112.181 648.86 0.289773 1
62.5337 677.928 0.045977 1
44.7184 674.225 0.0588235 1
53.8291 660.561 0.036036 1
37.8278 651.439 0.0738255 1
69.2098 636.523 0.0107527 1
35.5132 604.176 0.0972222 1
26.8851 633.848 0.138211 1
49.5722 667.428 0.0384615 1
72.5997 663.101 0.0956938 1
94.3769 683.935 0.00621118 1
65.9636 670.693 0.0765766 1
99.157 687.71 0.226601 1
55.5919 689.17 0.061674 1
57.2082 680.902 0.156069 1
35.817 671.281 0.0152672 1
41.4233 677.185 0.00985222 1
58.5698 685.871 0.0909091 1
59.9716 675.662 0.00460829 1
17.3371 666.513 0.157447 1
49.6565 668.601 0.00952381 1
41.5088 658.929 0.00555556 1
23.3305 665.285 0.290043 1
9.45356 670.299 0.0046729 1
14.5124 667.399 0.011976 1
43.6057 650.089 0.0636943 1
13.8579 654.29 0.012987 1
59.3049 654.079 0.0445545 1
19.1862 623.826 0.0638298 1
38.5198 515.852 0.00568182 0
38.5198 515.852 0.0520231 0
28.9701 656.866 0.1 1
38.3659 514.76 0.015625 0
38.3659 514.76 0.025641 0
19.2112 642.804 0.00689655 1
38.2684 513.398 0.00862069 0
7.31553 644.957 0.125786 1
13.3267 660.182 0.0783133 1
38.3178 509.607 0.025641 0
38.3178 509.607 0.0625 0
33.8329 654.117 0.0155039 1
9.52002 665.688 0.0764331 1
38.1473 507.044 0.0348837 0
38.1473 507.044 0.021978 0
14.6517 654.147 0.00653595 1
20.8058 644.345 0.0373134 1
5.33513 638.173 0.243902 1
38.2069 501.67 0.15873 0
14.6893 624.419 0.268293 1
21.435 176.238 0.0384615 1
21.6118 175.839 0.181034 1
19.6909 174.715 0.137931 1
17.6814 176.189 0.0277778 1
19.8055 174.185 0.0305344 1
38.3649 500.237 0.0943396 0
41.6778 131.811 0.00628931 0
38.3649 500.237 0.00628931 0
20.1611 616.629 0.0107527 1
50.8222 648.319 0.00675676 1
13.4568 631.543 0.283333 1
87.1607 630.385 0.326389 1
80.5096 649.382 0.0127389 1
65.8591 651.581 0.028436 1
103.474 652.651 0.00617284 1
85.1286 652.997 0.220183 1
100.742 611.643 0.018018 1
14.1103 640.604 0.0454545 1
5.49309 627.949 0.214765 1
43.3184 657.282 0.0714286 1
85.9773 686.8 0.00724638 1
97.936 690.385 0.0187793 1
82.3668 692.829 0.0820896 1
66.1096 681.694 0.0042735 1
56.9877 679.708 0.00662252 1
66.6665 682.151 0.0227273 1
51.4581 664.311 0.0280374 1
74.949 690.822 0.279817 1
64.2087 684.595 0.0042735 1
12.8948 664.418 0.0810811 1
27.7555 675.105 0.326996 1
59.0149 671.458 0.012931 1
39.6123 672.715 0.00483092 1
18.303 681.836 0.00995025 1
21.3296 684.882 0.0727273 1
41.4619 671.518 0.0949721 1
60.1642 676.018 0.068323 1
14.1399 668.178 0.246154 1
64.8741 680.788 0.0377358 1
21.445 651.171 0.246305 1
40.7773 670.702 0.0436893 1
7.61064 659.448 0.0201342 1
58.9825 663.086 0.167832 1
47.721 674.027 0.114458 1
38.2785 672.594 0.0295567 1
64.2951 668.972 0.00529101 1
14.0244 664.863 0.00595238 1
31.1644 665.086 0.044586 1
62.8322 665.284 0.0273973 1
26.2208 664.096 0.19457 1
44.5756 643.881 0.034188 1
24.4905 175.658 0.103448 1
26.477 175.175 0.0610687 1
24.4854 174.379 0.0578512 1
22.5695 167.241 0.00502513 1
34.3576 516.81 0.0204082 0
9.58851 137.386 0.0217391 0
27.6701 166.773 0.0220994 1
34.4131 516.784 0.0204082 0
26.0195 654.196 0.288462 1
34.3831 516.563 0.070922 0
34.3831 516.563 0.0638298 0
23.8947 658.252 0.16 1
34.296 515.801 0.244898 0
34.296 515.801 0.0204082 0
34.296 515.801 0.00628931 0
51.3377 627.548 0.0825688 1
114.284 659.853 0.281915 1
92.626 676.395 0.00645161 1
45.1792 660.452 0.0843373 1
60.0424 632.645 0.00555556 1
124.64 678.232 0.19375 1
50.183 643.916 0.0724638 1
22.0679 636.299 0.1 1
84.3492 684.772 0.0873016 1
69.2368 712.187 0.131737 1
59.5233 709.884 0.0362694 1
68.671 708.909 0.026738 1
44.9033 708.005 0.00462963 1
80.3185 719.404 0.047619 1
32.8865 711.337 0.0817308 1
71.5438 720.869 0.205761 1
23.119 698.45 0.02 1
17.6331 707.807 0.0401786 1
33.2006 707.436 0.0213675 1
11.7301 708.423 0.00714286 1
24.3277 680.302 0.0052356 1
8.55977 689.088 0.0862069 1
13.037 688.384 0.0659341 1
50.4247 704.037 0.173184 1
11.7366 686.442 0.13587 1
55.4826 701.037 0.0925926 1
28.7617 693.313 0.00460829 1
10.8179 682.976 0.0539216 1
34.4319 697.985 0.357466 1
54.9898 701.405 0.020202 1
41.3183 687.533 0.0126582 1
7.28932 675.44 0.102703 1
66.5209 698.925 0.0569106 1
17.5498 674.293 0.0780488 1
13.8907 677.669 0.0129032 1
47.7596 687.135 0.0144231 1
32.9153 694.894 0.0988372 1
43.4933 694.088 0.0478469 1
74.5737 698.784 0.239437 1
65.6991 691.408 0.00904977 1
28.58 175.149 0.0526316 1
27.095 175.713 0.138614 1
30.5907 175.049 0.0540541 1
20.1151 173.139 0.126667 1
8.45411 164.197 0.0470588 0
32.5189 538.856 0.0217391 0
32.5189 538.856 0.0518519 0
32.5189 538.856 0.103704 0
32.5189 538.856 0.036036 0
38.9472 703.053 0.478261 1
32.4819 538.73 0.070922 0
32.4819 538.73 0.244898 0
32.4819 538.73 0.0518519 0
32.4819 538.73 0.125683 0
32.4819 538.73 0.00740741 0
32.4819 538.73 0.0638298 0
32.4819 538.73 0.0204082 0
32.4819 538.73 0.103704 0
32.4819 538.73 0.0962963 0
19.9443 174.838 0.0756757 1
32.5382 538.797 0.125683 0
34.0554 689.179 0.00719424 0
19.4771 656.25 0.0393701 1
34.0606 688.509 0.00826446 0
102.416 676.36 0.158537 1
120.127 682.664 0.0253807 1
44.9018 707.278 0.00689655 1
106.037 668.226 0.00558659 1
40.0515 657.756 0.0898204 1
95.6834 652.13 0.0238095 1
51.8425 687.081 0.148649 1
100.407 708.229 0.0280374 1
77.2938 718.641 0.214286 1
50.6918 733.11 0.151042 1
27.3408 725.82 0.405556 1
41.9715 717.007 0.0142857 1
20.0232 714.395 0.0335196 1
5.83788 715.892 0.304636 1
24.662 715.69 0.00555556 1
12.0877 712.231 0.162791 1
8.03229 700.987 0.117347 1
36.489 711.587 0.0641711 1
26.5057 706.337 0.0824742 1
6.64882 703.3 0.00574713 1
38.7307 704.06 0.163636 1
12.3852 692.703 0.0704225 1
14.9762 700.657 0.00738007 1
27.9985 713.985 0.1 1
12.6901 693.918 0.0394737 1
38.9831 707.227 0.330049 1
58.9383 713.533 0.0166667 1
47.213 716.512 0.046729 1
66.2293 715.044 0.0204082 1
15.2566 684.33 0.045 1
21.2093 698.572 0.02 1
56.4262 708.24 0.116883 1
41.8642 709.967 0.00456621 1
48.6 712.5 0.0572917 1
61.711 710.891 0.0166667 1
55.2847 695.964 0.182927 1
55.7943 701.622 0.144 1
71.0827 706.96 0.00492611 1
51.4437 662.89 0.170833 1
32.0303 175.251 0.0694444 1
34.4114 174.534 0.134831 1
34.9128 175.069 0.06 1
31.2528 546.121 0.036036 0
31.2528 546.121 0.198198 0
23.152 175.245 0.0791367 1
31.2857 546.149 0.0470588 0
31.2857 546.149 0.00740741 0
31.2857 546.149 0.0962963 0
31.2857 546.149 0.198198 0
18.0594 171.144 0.251337 1
32.5118 696.966 0.00719424 0
32.5118 696.966 0.00826446 0
32.5118 696.966 0.217742 0
3.28453 150.742 0.137363 1
12.8894 167.653 0.3125 1
19.1538 150.621 0.269565 1
31.3549 546.352 0.217742 0
31.3549 546.352 0.00588235 0
31.3549 546.352 0.23301 0
69.0316 650.535 0.117021 1
95.357 688.053 0.0662651 1
80.4128 692.346 0.0196078 1
64.7266 692.554 0.00485437 1
11.7374 694.103 0.0654762 1
21.5776 658.788 0.160714 1
63.5828 656.041 0.108333 1
89.0416 693.972 0.0746269 1
31.9757 694.349 0.0763889 1
63.2178 681.218 0.107143 1
9.73958 714.847 0.0472441 1
8.39056 714.713 0.04375 1
21.7038 699.382 0.00480769 1
15.016 708.284 0.114865 1
40.3092 698.19 0.280822 1
55.9014 692.885 0.0697674 1
37.1458 706.624 0.142857 1
49.0689 699.74 0.00892857 1
39.8278 706.671 0.0328947 1
28.4989 695.077 0.00409836 1
4.9588 676.275 0.0725389 1
43.7128 686.312 0.16129 1
16.258 680.822 0.121094 1
47.2768 691.829 0.096 1
25.2303 687.72 0.0843373 1
17.4175 673.974 0.026178 1
41.571 701.585 0.0136054 1
28.0258 684.141 0.0242424 1
61.2973 697.123 0.00653595 1
28.2287 693.222 0.0853081 1
56.7737 694.284 0.0679612 1
17.2197 681.758 0.0526316 1
32.4176 681.711 0.108247 1
61.2536 693.749 0.016129 1
19.1624 680.783 0.185714 1
28.9496 676.455 0.0632911 1
37.874 677.15 0.13278 1
37.6577 175.746 0.0363636 1
40.3566 176.052 0.00813008 1
38.0228 176.107 0.142857 1
30.431 175.453 0.112069 1
26.1573 176.494 0.207921 1
28.4888 176.684 0.371429 1
24.6099 175.795 0.125 1
20.4897 174.37 0.0325203 1
31.4354 535.308 0.00588235 0
4.54436 158.283 0.0952381 1
52.2954 113.531 0.00854701 0
31.4319 535.365 0.23301 0
31.4319 535.365 0.0352941 0
52.2954 113.531 0.386364 0
31.4319 535.365 0.0352941 0
31.5974 648.896 0.177215 1
114.36 656.77 0.10828 1
31.9476 673.657 0.0148515 1
9.11074 681.217 0.372093 1
22.5038 689.153 0.010989 1
45.2931 687.405 0.0388889 1
8.89913 686.453 0.0805687 1
22.7464 685.677 0.0117647 1
10.3676 690.32 0.034965 1
32.819 688.504 0.0420168 1
17.546 694.911 0.407035 1
13.2737 693.005 0.028777 1
18.6794 703.994 0.00625 0
24.702 705.555 0.0131579 0
18.6794 703.994 0.194444 0
17.8299 701.106 0.0551724 0
22.7702 692.511 0.0245902 1
17.7961 700.545 0.04 0
26.8483 688.647 0.0780142 1
59.4968 678.688 0.107843 1
19.7675 691.366 0.0169492 1
36.5682 677.779 0.0699301 1
23.3097 689.892 0.008 1
19.3124 695.697 0.0138889 0
53.6379 669.819 0.372549 1
40.8653 682.551 0.219697 1
60.4115 669.868 0.034188 1
5.16667 660.508 0.00462963 1
40.6569 678.964 0.0431034 1
51.988 682.467 0.110656 1
10.4333 667.079 0.0695652 1
41.5913 677.701 0.0132743 1
16.3821 671.611 0.0666667 1
40.5506 681.044 0.128631 1
60.2159 678.53 0.0248756 1
29.9292 667.114 0.0641711 1
41.5535 674.04 0.0209424 1
42.1581 678.18 0.016129 1
56.9989 682.28 0.0913043 1
64.2032 677.45 0.234568 1
34.0686 176.002 0.0695652 1
39.5107 176.264 0.0625 1
40.4785 177.063 0.05625 1
32.2751 177.337 0.0487805 1
29.8226 178.29 0.0107527 1
28.6127 177.567 0.0238095 1
26.587 177.217 0.130435 1
13.3186 167.106 0.128 1
31.3197 523.636 0.175824 0
65.9973 122.791 0.104167 0
31.3197 523.636 0.00854701 0
31.3197 523.636 0.386364 0
31.3197 523.636 0.175824 0
31.3197 523.636 0.0212766 0
43.353 646.427 0.183908 1
126.389 648.701 0.231132 1
88.165 639.641 0.038961 1
24.1352 679.782 0.102857 1
8.35879 690.278 0.0170455 1
23.976 671.68 0.117021 1
95.2012 694.404 0.0183486 1
27.9692 671.329 0.0136986 1
21.0489 671.52 0.00666667 1
51.4316 680.291 0.0201342 1
37.7665 679.277 0.254464 1
17.9062 697.365 0.0184049 1
24.5378 707.766 0.0839695 0
18.5695 706.205 0.00813008 0
26.8695 709.261 0.0437956 0
21.8652 709.107 0.0229008 0
24.5378 707.766 0.0131579 0
24.5378 707.766 0.0839695 0
11.4195 1.56115 0.0223881 1
21.103 691.998 0.013986 0
9.06918 17.2635 0.141892 1
9.24211 20.9059 0.0779221 1
5.32075 22.3599 0.394366 1
24.4081 686.08 0.00625 0
24.4081 686.08 0.194444 0
24.4081 686.08 0.00813008 0
21.4986 17.2373 0.0629921 1
12.26 41.0725 0.210145 1
21.4826 665.004 0.0551724 0
21.4826 665.004 0.04 0
21.4826 665.004 0.272 0
17.0576 42.8147 0.132948 1
8.44187 39.5613 0.00892857 1
19.5704 661.592 0.272 0
19.5704 661.592 0.0588235 0
19.5704 661.592 0.129412 0
19.5704 661.592 0.0733945 0
19.3099 700.211 0.008 0
19.5704 661.592 0.0121951 0
19.5704 661.592 0.0582524 0
19.3099 700.211 0.125 0
19.5704 661.592 0.0685714 0
19.6999 710.971 0.0642857 0
19.5704 661.592 0.254386 0
20.2835 711.747 0.012987 0
19.3099 700.211 0.0138889 0
19.3099 700.211 0.008 0
19.3099 700.211 0.125 0
19.3099 700.211 0.0306748 0
19.3099 700.211 0.0758621 0
7.1556 10.7606 0.0347222 1
11.1923 36.0751 0.0847458 1
9.37812 49.1131 0.113924 1
18.9199 663.7 0.0306748 0
22.3268 705.513 0.0194805 0
29.7019 696.414 0.0598802 1
18.9082 663.187 0.0758621 0
18.9082 663.187 0.0122699 0
23.1731 709.743 0.0298507 0
22.2689 705 0.132353 0
22.2689 705 0.0451128 0
36.1792 694.578 0.116279 1
62.1314 681.445 0.24 1
14.7681 680.031 0.00900901 1
40.1406 692.256 0.0615385 1
55.7135 669.983 0.205882 1
22.3766 700.076 0.017094 0
29.7949 682.586 0.0701754 1
50.4539 672.393 0.0869565 1
13.6149 629.142 0.126984 1
42.3963 669.615 0.00724638 1
14.1249 675.908 0.0808824 1
6.05457 682.021 0.128655 1
16.634 682.891 0.0240385 1
14.8145 665.888 0.00581395 1
22.3901 667.342 0.0375 1
6.16017 662.565 0.00465116 1
26.5644 678.718 0.0853081 1
32.3804 177.126 0.247788 1
36.2196 177.919 0.2 1
36.9835 177.893 0.0075188 1
32.9693 178.086 0.172131 1
30.2541 178.404 0.22449 1
28.7516 178.343 0.00877193 1
30.4876 177.698 0.0763889 1
20.5395 174.57 0.178295 1
32.881 527.391 0.0212766 0
30.1762 137.71 0.0416667 0
32.881 527.391 0.104167 0
32.881 527.391 0.00819672 0
16.3881 665.101 0.337079 1
70.8038 638.131 0.392523 1
59.9018 638.838 0.00595238 1
27.698 637.254 0.01875 1
72.1144 684.917 0.166667 1
41.1122 687.76 0.0384615 1
58.6488 691.998 0.211268 1
26.4894 686.087 0.0291262 0
16.5651 683.211 0.00806452 1
26.489 685.554 0.0934579 0
14.5878 683.755 0.0685714 1
31.1639 701.605 0.115385 0
19.3543 44.6215 0.0814815 1
19.4154 653.948 0.0393701 0
18.1854 50.2088 0.222222 1
14.4839 51.8128 0.229814 1
20.8208 651.407 0.013986 0
20.8208 651.407 0.115385 0
20.8208 651.407 0.221477 0
20.8208 651.407 0.0857143 0
20.8208 651.407 0.0437956 0
20.8208 651.407 0.221477 0
16.3382 53.3919 0.013986 1
17.3375 55.3915 0.0659341 1
6.8759 55.9119 0.21831 1
22.6319 647.659 0.0229008 0
2.17046 52.5739 0.0909091 1
22.5733 648.676 0.0588235 0
13.7144 54.0549 0.239726 1
22.1069 648.393 0.129412 0
22.1069 648.393 0.0121951 0
22.1069 648.393 0.0685714 0
16.0851 55.1451 0.203883 1
21.6498 648.167 0.0642857 0
17.5882 55.9401 0.0378788 1
11.5375 58.0453 0.00621118 1
20.8343 647.612 0.0733945 0
20.8343 647.612 0.0582524 0
20.8343 647.612 0.254386 0
20.8343 647.612 0.012987 0
20.8343 647.612 0.0122699 0
16.51 54.7856 0.111111 1
22.8508 703.539 0.0298507 0
4.76459 4.74323 0.0916667 1
22.3708 696.474 0.0526316 0
20.4999 48.9435 0.263158 1
22.3048 64.1475 0.181102 1
23.653 67.4889 0.0514706 1
19.3559 631.048 0.0194805 0
19.3559 631.048 0.132353 0
19.3559 631.048 0.0451128 0
19.3559 631.048 0.207407 0
19.3559 631.048 0.0526316 0
19.3559 631.048 0.207407 0
19.3559 631.048 0.00675676 0
19.3559 631.048 0.0211268 0
19.3559 631.048 0.13245 0
26.255 701.079 0.153374 0
26.255 701.079 0.157534 0
28.7955 700.054 0.0406977 0
26.255 701.079 0.0123457 0
28.7955 700.054 0.0531915 0
32.7972 690.628 0.25 1
22.1162 694.07 0.017094 0
22.1162 694.07 0.168142 0
22.1162 694.07 0.0263158 0
8.16561 5.65152 0.017341 1
26.8246 689.444 0.198347 0
19.2884 11.6407 0.0980392 1
24.2914 670.121 0.168142 0
24.2914 670.121 0.030303 0
24.2914 670.121 0.0263158 0
24.2914 670.121 0.01 0
24.2914 670.121 0.00775194 0
19.9435 696.748 0.124088 0
18.4059 690.173 0.00645161 0
23.151 682.456 0.00735294 1
38.2894 675.245 0.0352941 1
38.9556 668.614 0.0363636 1
20.3367 671.206 0.0277778 1
26.0504 668.064 0.133333 1
26.6255 682.15 0.0204082 0
26.6255 682.15 0.0144928 0
24.9061 669.666 0.174497 1
26.6175 681.626 0.117647 0
41.8078 694.409 0.00909091 0
26.6175 681.626 0.0283688 0
41.8078 694.409 0.0402685 0
41.8078 694.409 0.00662252 0
50.6977 658.258 0.509346 1
28.3529 177.753 0.20155 1
32.214 178.77 0.104348 1
30.2143 179.007 0.0625 1
28.8561 178.7 0.0172414 1
30.0849 178.894 0.0215827 1
31.7804 178.35 0.00680272 1
25.4968 178.581 0.0839695 1
33.0998 523.748 0.00819672 0
33.0998 523.748 0.0504202 0
20.4909 176.683 0.0413793 1
5.58949 147.507 0.0703125 0
33.1525 523.825 0.0416667 0
33.1525 523.825 0.0504202 0
33.1525 523.825 0.00892857 0
27.7328 671.332 0.315789 1
15.0496 615.627 0.25 1
4.3034 630.74 0.00657895 1
52.4145 677.175 0.00925926 0
52.4145 677.175 0.327103 0
50.2075 698.377 0.0461538 0
26.3638 680.967 0.0425532 0
46.8791 698.051 0.0384615 0
38.8744 695.69 0.0387597 0
26.3638 680.967 0.0229885 0
50.2075 698.377 0.00775194 0
46.8791 698.051 0.0201342 0
38.8744 695.69 0.00819672 0
26.3638 680.967 0.0291262 0
26.3638 680.967 0.0934579 0
26.3638 680.967 0.0425532 0
26.3638 680.967 0.0229885 0
26.3638 680.967 0.0194175 0
22.9332 17.0837 0.0138889 1
3.98731 34.9505 0.307692 1
23.1319 12.8043 0.239583 0
41.4425 662.276 0.0194175 0
41.4425 662.276 0.00724638 0
22.2497 675.08 0.25641 1
27.6262 692.431 0.0227273 0
31.3723 699.371 0.0164835 0
19.2143 626.677 0.0393701 0
19.2143 626.677 0.0115607 0
19.2143 626.677 0.0232558 0
27.6262 692.431 0.251799 0
31.3723 699.371 0.010582 0
19.2143 626.677 0.0115607 0
14.5219 65.7546 0.045977 1
18.125 73.4078 0.0491071 1
15.9845 75.8087 0.0880503 1
17.4628 75.6502 0.0121951 1
20.0319 625.251 0.0857143 0
20.0319 625.251 0.0232558 0
23.2404 75.6807 0.0347826 1
15.1257 76.6725 0.0616438 1
4.19118 75.4408 0.128713 1
11.8218 77.5689 0.0894309 1
18.0594 77.907 0.0677966 1
14.6062 78.7165 0.117647 1
10.6458 78.1884 0.041958 1
19.6734 622.658 0.00675676 0
13.2887 77.3798 0.0714286 1
19.5887 623.072 0.0211268 0
20.0861 77.3444 0.0517241 1
19.4159 622.53 0.13245 0
27.8658 74.1779 0.204819 1
24.4827 86.0567 0.105263 1
18.7584 611.839 0.153374 0
18.7584 611.839 0.157534 0
18.7584 611.839 0.0123457 0
23.9388 54.2432 0.210784 1
25.8991 96.6003 0.0416667 1
28.4893 96.6344 0.00657895 1
17.8555 599.808 0.0406977 0
17.8555 599.808 0.0531915 0
17.8555 599.808 0.191011 0
21.4435 96.3616 0.145349 1
17.7952 599.493 0.198347 0
17.7952 599.493 0.191011 0
17.7952 599.493 0.0186916 0
17.7952 599.493 0.0333333 0
18.4528 695.685 0.0416667 0
17.7952 599.493 0.030303 0
17.7952 599.493 0.01 0
17.7952 599.493 0.00775194 0
17.7952 599.493 0.0186916 0
9.01222 93.2166 0.03125 1
10.8388 96.2691 0.386139 1
2.26303 95.6831 0.206186 1
17.7519 600.161 0.124088 0
14.9593 98.3814 0.244898 1
1.03598 86.7777 0.0409836 1
8.48321 97.2487 0.00934579 1
18.4118 100.328 0.222973 1
17.8484 599.312 0.00645161 0
17.8484 599.312 0.190083 0
10.0983 92.9771 0.298013 1
17.846 599.85 0.190083 0
17.846 599.85 0.00943396 0
17.846 599.85 0.181818 0
28.0159 693.133 0.0322581 0
33.8064 684.957 0.189873 1
17.8287 599.518 0.0166667 0
27.9712 692.802 0.00892857 0
17.8287 599.518 0.0578512 0
27.9712 692.802 0.247788 0
33.0017 690.312 0.176471 0
33.0017 690.312 0.115385 0
33.7514 681.251 0.165354 0
30.902 690.5 0.00884956 0
26.4961 679.326 0.247619 0
33.7514 681.251 0.042735 0
30.902 690.5 0.145631 0
33.9118 693.906 0.0107527 0
36.6433 690.788 0.016129 0
26.4961 679.326 0.0204082 0
26.4961 679.326 0.0144928 0
26.4961 679.326 0.117647 0
26.4961 679.326 0.0283688 0
26.4961 679.326 0.247619 0
11.6562 11.1736 0.142857 1
21.1966 18.3003 0.137931 1
21.2093 38.4109 0.102041 1
30.1901 676.797 0.00606061 0
41.5786 692.109 0.00909091 0
41.5786 692.109 0.0402685 0
41.5786 692.109 0.00662252 0
23.1034 52.3378 0.016129 1
7.12506 46.5298 0.209877 1
23.0959 178.321 0.153061 1
25.2275 178.957 0.102564 1
29.854 178.645 0.0833333 1
31.1027 179.056 0.1 1
31.2033 178.847 0.202128 1
30.4932 179.41 0.0769231 1
31.9374 179.457 0.0956522 1
33.159 179.143 0.0538462 1
28.4356 178.636 0.0921986 1
33.4348 521.538 0.00909091 0
24.2109 179.237 0.0737705 1
10.9865 169.944 0.00943396 0
33.4608 521.557 0.00892857 0
33.4608 521.557 0.0909091 0
10.9865 169.944 0.239316 0
17.6517 165.68 0.102439 1
33.5187 521.675 0.0703125 0
33.5187 521.675 0.00909091 0
33.5187 521.675 0.0909091 0
42.0295 691.501 0.46 1
33.4671 521.534 0.0106383 0
52.3693 676.369 0.0833333 0
51.9612 697.846 0.0373134 0
33.4671 521.534 0.0465116 0
47.0356 697.953 0.0263158 0
52.3693 676.369 0.0426829 0
52.3693 676.369 0.00925926 0
52.3693 676.369 0.327103 0
52.3693 676.369 0.0833333 0
52.3693 676.369 0.0426829 0
6.61888 21.2015 0.111888 1
4.50601 13.5495 0.0443038 1
21.1333 165.424 0.0816327 1
15.9864 176.277 0.03 1
33.5644 521.704 0.0461538 0
33.5644 521.704 0.00775194 0
10.3731 139.765 0.241935 1
16.1846 178.833 0.0225564 1
33.633 521.992 0.0384615 0
33.633 521.992 0.0201342 0
13.9126 176.775 0.147465 1
15.9827 178.696 0.0194805 1
33.6843 522.133 0.0387597 0
33.6843 522.133 0.00819672 0
33.6843 522.133 0.00724638 0
33.6843 522.133 0.0458015 0
4.04976 173.036 0.102041 1
33.6892 522.289 0.239583 0
33.6892 522.289 0.0458015 0
17.795 599.377 0.056 0
17.795 599.377 0.0457143 0
33.6892 522.289 0.174603 0
17.795 599.377 0.0227273 0
17.795 599.377 0.251799 0
17.795 599.377 0.056 0
23.1425 77.088 0.0141844 1
31.8878 516.844 0.0164835 0
31.8878 516.844 0.010582 0
31.8878 516.844 0.0457143 0
4.0787 183.467 0.135593 1
3.74729 184.154 0.327273 1
5.19437 183.26 0.064 1
6.3466 182.912 0.0560748 1
8.99443 178.631 0.153061 1
23.8545 178.85 0.141414 1
31.2475 180.002 0.0291262 1
35.3692 181.803 0.171171 1
28.4228 182.315 0.115044 1
32.1264 181.245 0.00840336 1
38.938 182.028 0.247312 1
42.6058 183.217 0.0205479 1
45.3448 182.979 0.115108 1
44.9855 181.695 0.00729927 1
31.4491 515.698 0.0333333 0
35.773 181.723 0.134615 1
31.4148 515.599 0.0416667 0
25.432 179.52 0.00934579 1
14.0671 181.67 0.14 1
6.99907 183.649 0.159091 1
31.3598 515.807 0.00943396 0
16.0884 182.366 0.0873786 1
31.3448 515.857 0.181818 0
31.3448 515.857 0.0166667 0
31.3448 515.857 0.0578512 0
38.798 176.805 0.188312 1
26.1094 181.211 0.0902256 1
35.3912 181.631 0.101449 1
31.2371 515.689 0.0322581 0
31.2371 515.689 0.00892857 0
31.2371 515.689 0.247788 0
43.0771 174.482 0.256579 1
31.1873 515.448 0.176471 0
31.1873 515.448 0.115385 0
39.9548 165.662 0.109677 1
42.4708 182.246 0.135714 1
31.0752 515.148 0.165354 0
31.0752 515.148 0.042735 0
3.49077 119.512 0.246377 1
32.4136 179.371 0.0458015 1
31.0537 515.687 0.00884956 0
31.0537 515.687 0.145631 0
22.327 174.585 0.0701754 1
31.036 515.764 0.0107527 0
12.824 177.836 0.161616 1
5.08579 174.293 0.0224719 1
31.0256 515.936 0.016129 0
31.0256 515.936 0.00606061 0
22.4808 121.911 0.263158 1
12.2126 175.131 0.0352113 1
20.5166 177.475 0.00699301 0
29.9794 184.219 0.279279 1
33.1113 184.669 0.226667 1
35.2909 185.018 0.0208333 1
36.6962 184.791 0.13125 1
39.666 184.346 0.0173913 1
38.0898 184.627 0.0183486 1
33.8225 184.862 0.00854701 1
28.9442 185.611 0.152318 1
23.8652 185.381 0.139344 1
24.9721 185.4 0.00645161 1
31.3074 515.153 0.00943396 0
31.3074 515.153 0.239316 0
31.3074 515.153 0.00684932 0
31.3074 515.153 0.125 0
31.3074 515.153 0.0373134 0
31.3074 515.153 0.00684932 0
22.8141 184.729 0.0340136 1
20.2449 184.655 0.0684211 1
31.3696 515.229 0.0106383 0
31.3696 515.229 0.0465116 0
31.3696 515.229 0.125 0
31.3696 515.229 0.0263158 0
17.9782 185.426 0.10596 1
19.2073 185.021 0.0970874 1
19.8582 185.255 0.0285714 1
12.3584 183.759 0.0292398 1
19.7107 184.549 0.11236 1
16.5867 184.373 0.211538 1
8.7809 184.226 0.103175 1
31.5001 515.475 0.174603 0
6.19902 184.525 0.0214286 1
8.41299 184.01 0.173913 1
10.5619 183.596 0.00925926 1
15.8045 180.607 0.103093 1
36.4021 182.915 0.114943 1
38.4091 184.752 0.242105 1
41.3034 184.154 0.112245 1
40.3997 182.79 0.138298 1
31.6378 184.527 0.0330578 1
32.786 184.698 0.0169492 1
36.2275 184.745 0.0510204 1
39.0445 185.534 0.134021 1
39.4154 185.286 0.151261 1
42.2102 185.148 0.012987 1
38.6237 184.565 0.0952381 1
28.9494 183.047 0.0618557 1
18.6428 183.846 0.188119 1
9.3042 184.83 0.0507246 1
11.038 184.616 0.134021 1
20.3138 183.07 0.23 1
33.7482 184.665 0.046729 1
38.8113 183.776 0.0625 1
38.0799 182.426 0.0869565 1
35.4956 172.217 0.0405405 1
33.1769 175.266 0.0114943 0
21.8454 172.921 0.0224719 1
20.3594 178.974 0.142857 0
20.3594 178.974 0.00699301 0
20.3594 178.974 0.142857 0
20.3594 178.974 0.0777778 0
5.97652 1.51869 0.25 1
34.2837 186.074 0.188811 1
35.4053 186.35 0.0472973 1
37.5587 186.168 0.117117 1
41.3604 187.089 0.0485437 1
43.0809 186.856 0.122699 1
43.1281 187.731 0.0337079 1
38.1272 187.39 0.0366972 1
43.5738 187.767 0.0569106 1
31.354 188.276 0.0948276 1
27.2394 189.187 0.113475 1
26.8368 188.667 0.034965 1
22.6371 188.767 0.0740741 1
19.3323 189.448 0.0289855 1
17.628 188.891 0.00645161 1
17.2765 189.586 0.0869565 1
19.4044 189.445 0.0961538 1
18.0308 188.875 0.0438596 1
13.8807 186.987 0.0291262 1
4.9842 186.283 0.188976 1
13.1324 187.128 0.2 1
23.2565 185.148 0.0309278 1
32.2531 185.977 0.108696 1
40.7688 186.372 0.091954 1
43.8937 188.906 0.259615 1
46.0307 187.095 0.017094 1
46.7796 189.205 0.149123 1
35.112 188.65 0.222222 1
28.9128 189.58 0.0186916 1
29.6995 189.51 0.0416667 1
33.3308 190.189 0.177778 1
35.809 190.013 0.0275229 1
40.5666 190.425 0.0234375 1
39.1477 190.099 0.0289855 1
33.7891 188.522 0.158416 1
23.5762 187.919 0.13 1
12.9714 189.531 0.12844 1
13.36 189.878 0.0327869 1
23.5306 187.307 0.0291262 1
27.314 188.708 0.11 1
43.4357 183.615 0.0862069 1
46.3691 176.524 0.0545455 0
33.0597 179.988 0.0877193 0
50.7184 181.502 0.0149254 0
46.3691 176.524 0.0545455 0
13.6384 3.46378 0.0735294 1
12.4354 24.9935 0.0641026 1
23.2138 21.8268 0.028169 1
8.76215 63.009 0.0875 1
51.1952 121.371 0.0114943 0
51.1952 121.371 0.0877193 0
51.1952 121.371 0.194444 0
21.0461 58.8735 0.0229885 1
22.701 178.15 0.0777778 0
46.6045 117.186 0.194444 0
22.701 178.15 0.0277778 0
46.6045 117.186 0.0224719 0
22.701 178.15 0.0277778 0
25.8464 60.9646 0.091954 1
23.5186 91.8244 0.0897436 1
33.4594 190.17 0.284672 1
30.3524 190.503 0.107692 1
35.8709 190.265 0.08 1
39.6516 190.898 0.144578 1
40.9532 191.803 0.0344828 1
43.8487 191.831 0.450867 1
44.2392 192.103 0.0538922 1
46.7963 192.107 0.0138889 1
38.0531 193.813 0.00892857 1
36.2407 194.114 0.0645161 1
30.1488 193.521 0.048 1
33.5841 194.212 0.20155 1
28.9819 194.047 0.00869565 1
32.5354 194.373 0.264901 1
25.9862 194.012 0.196078 1
17.0354 193.662 0.0666667 1
14.3973 193.594 0.159664 1
16.0254 194.214 0.018018 1
17.0475 194.081 0.029703 1
13.3054 194.232 0.0757576 1
7.36564 189.822 0.0196078 1
6.60896 188.968 0.0530973 1
17.7311 190.42 0.225 1
28.5844 191.691 0.0510204 1
42.7391 191.806 0.108696 1
49.9949 193.04 0.0551181 1
49.6075 194.403 0.0676692 1
52.5264 195.526 0.0169492 1
43.303 197.093 0.116071 1
32.5325 197.449 0.128713 1
24.3666 198.061 0.0454545 1
25.9325 198.228 0.091954 1
33.3206 198.624 0.0227273 1
37.5124 198.543 0.0625 1
41.4429 198.671 0.0394737 1
35.2709 197.887 0.131034 1
30.2435 196.348 0.180952 1
16.6075 197.168 0.130435 1
10.0437 199.129 0.192982 1
16.3257 197.059 0.198347 1
30.8803 196.783 0.0761905 1
35.9265 89.6533 0.1 0
36.6642 195.66 0.130435 1
35.8907 89.688 0.0149254 0
35.8907 89.688 0.1 0
23.8261 99.4827 0.123596 1
27.6342 102.757 0.0348837 1
40.7662 106.154 0.0963855 1
32.7754 143.028 0.0235294 1
6.89196 142.005 0.0729167 1
4.22175 145.201 0.0721649 1
45.0036 49.8458 0.0224719 0
41.7891 124.27 0.155844 1
29.5138 198.803 0.348387 1
38.7486 198.976 0.126437 1
43.6144 198.357 0.0661765 1
43.2047 199.935 0.379487 1
46.5392 200.139 0.25 1
47.8175 199.818 0.057971 1
44.5933 201.25 0.0909091 1
40.492 201.764 0.227273 1
33.1384 202.431 0.125 1
32.1037 202.6 0.0852273 1
30.6675 202.479 0.0140845 1
23.4357 202.124 0.141414 1
20.2476 201.442 0.146552 1
14.1494 202.155 0.231481 1
12.447 202.554 0.110345 1
8.68505 201.889 0.030303 1
10.6977 202.502 0.415493 1
15.1327 202.31 0.00641026 1
14.2662 202.104 0.190141 1
11.8985 202.329 0.373016 1
5.28677 198.637 0.137615 1
14.3308 195.923 0.181034 1
24.019 197.783 0.0775862 1
35.7804 198.874 0.0833333 1
44.4391 199.504 0.140187 1
46.6207 200.995 0.12 1
38.2144 199.63 0.155556 1
21.5753 201.594 0.144231 1
27.035 199.997 0.164948 1
17.5149 201.061 0.185484 1
24.3366 200.404 0.185185 1
30.1409 201.163 0.0666667 1
35.7045 202.138 0.236842 1
40.2825 201.529 0.0803571 1
38.921 202.574 0.145299 1
29.171 199.099 0.0462963 1
21.6622 199.73 0.00990099 1
12.9415 201.81 0.0186335 1
21.8417 199.827 0.0816327 1
30.0694 194.475 0.117117 1
41.9734 192.116 0.0869565 1
42.3343 15.6273 0.0561798 0
24.2661 173.937 0.102273 1
41.9711 176.742 0.110092 1
7.66286 177.361 0.08 1
18.0449 184.891 0.0891089 1
56.6158 176.357 0.130435 1
26.7811 200.716 0.239726 1
33.8957 201.691 0.101449 1
42.6015 201.749 0.1 1
46.8539 202.728 0.19708 1
51.0103 204.163 0.115702 1
47.7199 203.801 0.111111 1
42.4645 202.835 0.0839161 1
36.8886 203.938 0.15 1
32.3656 203.794 0.303226 1
30.9972 205.5 0.0350877 1
31.0383 204.063 0.023622 1
29.2174 204.297 0.230769 1
25.8134 203.447 0.110092 1
20.046 203.717 0.0322581 1
17.064 204.244 0.00806452 1
14.3578 204.067 0.0163934 1
11.5652 204.697 0.177083 1
13.7492 204.277 0.0136054 1
18.4353 203.64 0.015625 1
14.7208 202.529 0.274336 1
11.0051 202.195 0.00900901 1
5.28692 200.7 0.115044 1
18.1048 201.105 0.0737705 1
31.5478 200.274 0.0892857 1
38.2388 200.547 0.0841122 1
41.5406 201.789 0.105263 1
33.5694 200.463 0.114943 1
20.2231 200.783 0.105263 1
14.4118 202.813 0.167883 1
11.0113 202.712 0.19469 1
19.3751 201.783 0.0545455 1
27.5294 202.709 0.121495 1
33.1567 203.327 0.0894309 1
38.2845 203.917 0.0564516 1
39.5367 203.382 0.0952381 1
34.9587 203.097 0.11236 1
26.6444 200.963 0.15534 1
17.1437 201.979 0.128713 1
10.1371 202.846 0.134752 1
17.9718 203.231 0.120805 1
24.0346 202.853 0.0991736 1
51.3309 192.995 0.00952381 0
42.9679 35.1102 0.0561798 0
51.3309 192.995 0.16129 0
14.9216 228.105 0.141304 1
30.7534 223.373 0.145833 1
50.1266 232.347 0.19469 1
37.6868 257.747 0.18254 1
17.2717 260.759 0.045045 1
35.5487 244.651 0.121212 1
79.031 250.577 0.0833333 1
22.9689 202.551 0.205882 1
31.8748 201.207 0.0504202 1
38.4813 203.605 0.117021 1
48.5265 204.706 0.0075188 1
50.1207 204.974 0.0215827 1
50.5706 206.337 0.037037 1
49.8596 206.673 0.0326087 1
52.3699 207.635 0.41358 1
47.2321 208.015 0.0920245 1
38.4945 208.526 0.103774 1
30.2925 209.213 0.153333 1
27.6457 208.764 0.00847458 1
22.5507 208.506 0.00666667 1
24.8547 208.39 0.0194175 1
18.8147 208.956 0.252632 1
16.6671 207.998 0.00833333 1
10.8662 209.73 0.015873 1
12.2034 209.824 0.184049 1
13.4115 208.997 0.00552486 1
16.4298 208.928 0.104396 1
16.0795 207.591 0.12 1
8.92679 205.508 0.0377358 1
3.90155 205.651 0.181034 1
10.1692 204.545 0.214286 1
23.8234 206.644 0.316239 1
28.7116 204.038 0.151786 1
34.6605 204.713 0.0614035 1
28.6904 205.747 0.0416667 1
15.5249 207.136 0.0425532 1
12.6103 207.326 0.146789 1
23.5002 206.499 0.10101 1
30.7023 207.444 0.0672269 1
33.1878 207.963 0.0357143 1
35.7428 208.231 0.159722 1
37.4343 208.255 0.0186335 1
31.1802 206.433 0.0263158 1
25.7239 206.456 0.125 1
20.612 207.701 0.0103093 1
14.0041 207.238 0.0916031 1
20.0123 207.472 0.11215 1
28.4794 200.794 0.194631 1
48.1138 113.729 0.00952381 0
48.1138 113.729 0.16129 0
14.2833 309.082 0.0882353 0
9.96167 302.548 0.0882353 1
29.2917 305.874 0.0186916 1
18.4321 302.186 0.105263 1
10.9776 296.754 0.047619 1
50.8753 265.027 0.0851064 1
93.8735 279.177 0.135135 1
19.5597 207.829 0.217687 1
28.0933 206.262 0.0714286 1
37.5703 207.667 0.166667 1
41.1315 208.548 0.0412371 1
46.0291 209.021 0.176923 1
47.8332 208.974 0.0421687 1
46.9133 209.347 0.0737705 1
42.3535 208.554 0.0393701 1
33.3209 208.964 0.117647 1
29.2748 207.425 0.0225564 1
24.4431 209.22 0.0285714 1
20.6573 209.16 0.059322 1
20.5489 208.468 0.20098 1
19.8563 206.25 0.0451613 1
14.0197 208.697 0.0986842 1
17.3928 207.231 0.0787879 1
14.2121 209.079 0.304762 1
15.1306 207.683 0.00540541 1
5.17062 207.736 0.0642202 1
3.67202 206.464 0.109091 1
13.0045 204.388 0.0791367 1
18.6203 204.013 0.00813008 1
24.7357 207.04 0.075188 1
22.602 205.798 0.114583 1
18.736 208.11 0.126984 1
15.6698 208.585 0.0756303 1
18.9742 207.506 0.0166667 1
25.8452 206.487 0.0916031 1
28.1865 196.854 0.0294118 1
34.5514 208.213 0.0887574 1
36.008 207.613 0.0108108 1
31.2274 200.216 0.0288462 1
24.2319 206.823 0.163043 1
16.7824 207.787 0.120301 1
16.115 207.918 0.0454545 1
18.8727 204.552 0.031746 1
23.1662 204.592 0.0813008 1
40.3598 195.318 0.181818 1
10.4859 191.191 0.00806452 1
29.4335 188.959 0.0272727 1
45.4015 172.458 0.0882353 0
45.4015 172.458 0.157407 0
45.4015 172.458 0.157407 0
45.4015 172.458 0.0465116 0
11.0255 343.47 0.039604 1
9.54974 340.8 0.168224 1
31.1171 341.629 0.0642202 1
59.1369 329.021 0.00909091 1
107.407 345.76 0.0128205 1
17.4949 204.721 0.344 1
23.2241 204.407 0.075 1
35.6828 191.898 0.131313 1
42.1566 207.119 0.00884956 1
45.3375 208.634 0.056 1
45.536 208.817 0.0314465 1
39.7557 199.87 0.102804 1
37.4384 178.704 0.117647 1
23.5399 208.522 0.0143885 1
25.8916 207.963 0.0806452 1
25.7629 204.33 0.096 1
73.3236 211.611 0.02 1
76.6295 211.617 0.012987 1
27.9756 204.983 0.141667 1
25.8311 199.009 0.109244 1
21.0912 200.325 0.059322 1
11.4275 195.554 0.141026 1
3.86512 200.271 0.00877193 1
45.6239 160.647 0.0625 1
7.85409 197.798 0.133929 1
17.5887 115.617 0.0506329 1
20.9676 209.87 0.151316 1
16.9058 208.969 0.101266 1
20.9523 209.854 0.16129 1
45.8148 178.247 0.0136986 1
38.315 175.584 0.111111 1
8.04305 148.848 0.0645161 1
21.5703 209.599 0.163462 1
14.8017 211.607 0.184713 1
16.0075 182.583 0.0625 0
47.2734 185.851 0.0208333 1
21.2362 153.375 0.0789474 0
38.4196 224.225 0.0465116 0
16.0119 183.024 0.0454545 0
38.4196 224.225 0.126582 0
16.0119 183.024 0.0625 0
16.0119 183.024 0.0454545 0
28.4805 407.248 0.0493827 1
51.6716 376.56 0.03125 1
59.5867 426.516 0.0238095 1
40.7427 412.684 0.0952381 1
34.1777 232.185 0.126582 0
88.0329 378.946 0.0338983 1
67.9499 428.526 0.176471 1
77.3792 426.927 0.0444444 1
74.5479 204.117 0.0153846 1
80.4746 216.049 0.015873 1
78.7755 215.729 0.0188679 1
79.6683 217.378 0.0222222 1
80.7652 217.459 0.0243902 1
81.5917 218.92 0.0243902 1
80.0836 217.771 0.0144928 1
73.4438 215.958 0.142857 1
35.9393 178.12 0.0361446 1
38.4283 175.682 0.0675676 1
39.6196 173.379 0.04 1
44.6805 188.891 0.0266667 1
29.1806 264.14 0.03125 0
29.1806 264.14 0.0789474 0
29.1806 264.14 0.03125 0
68.2516 410.035 0.153846 1
95.6753 467.466 0.08 1
30.9956 480.106 0.01 0
30.9956 480.106 0.0841122 0
30.9956 480.106 0.0550459 0
30.9956 480.106 0.0176991 0
30.9956 480.106 0.285714 0
30.9956 480.106 0.32 0
30.9956 480.106 0.0992366 0
30.9956 480.106 0.0518519 0
30.9956 480.106 0.0238095 0
30.9956 480.106 0.04 0
30.9956 480.106 0.01 0
30.9956 480.106 0.32 0
30.9956 480.106 0.0289855 0
30.9956 480.106 0.0434783 0
30.9956 480.106 0.0289855 0
30.9956 480.106 0.0215827 0
30.9956 480.106 0.333333 0
30.9956 480.106 0.00847458 0
30.9956 480.106 0.211009 0
30.9956 480.106 0.0176991 0
30.9956 480.106 0.0689655 0
30.9956 480.106 0.138889 0
30.9956 480.106 0.0169492 0
30.9956 480.106 0.0841122 0
30.9956 480.106 0.0550459 0
30.9956 480.106 0.00847458 0
30.9956 480.106 0.211009 0
30.9956 480.106 0.0176991 0
30.9956 480.106 0.0176991 0
30.9956 480.106 0.285714 0
30.9956 480.106 0.0518519 0
30.9956 480.106 0.212121 0
30.9956 480.106 0.162162 0
30.9956 480.106 0.036036 0
30.9956 480.106 0.08 0
30.9956 480.106 0.0518519 0
30.9956 480.106 0.212121 0
30.9956 480.106 0.00793651 0
30.9956 480.106 0.162162 0
30.9956 480.106 0.00952381 0
30.9956 480.106 0.0392157 0
30.9956 480.106 0.0434783 0
30.9956 480.106 0.123967 0
30.9956 480.106 0.008 0
30.9956 480.106 0.296875 0
30.9956 480.106 0.0992366 0
30.9956 480.106 0.123967 0
30.9956 480.106 0.0518519 0
30.9956 480.106 0.008 0
30.9956 480.106 0.0238095 0
30.9956 480.106 0.0215827 0
30.9956 480.106 0.04 0
30.9956 480.106 0.333333 0
30.9956 480.106 0.0689655 0
30.9956 480.106 0.138889 0
30.9956 480.106 0.0169492 0
30.9956 480.106 0.00793651 0
30.9956 480.106 0.00952381 0
30.9956 480.106 0.036036 0
30.9956 480.106 0.00719424 0
30.9956 480.106 0.08 0
30.9956 480.106 0.176471 0
30.9956 480.106 0.0483871 0
30.9956 480.106 0.00632911 0
30.9956 480.106 0.212766 0
30.9956 480.106 0.0204082 0
30.9956 480.106 0.0849673 0
30.9956 480.106 0.194969 0
30.9956 480.106 0.0568182 0
30.9956 480.106 0.0116959 0
30.9956 480.106 0.0392157 0
30.9956 480.106 0.296875 0
30.9956 480.106 0.0568182 0
30.9956 480.106 0.0206897 0
30.9956 480.106 0.00719424 0
30.9956 480.106 0.176471 0
30.9956 480.106 0.0483871 0
30.9956 480.106 0.00632911 0
30.9956 480.106 0.0510949 0
30.9956 480.106 0.0510949 0
30.9956 480.106 0.0416667 0
30.9956 480.106 0.00617284 0
30.9956 480.106 0.212766 0
30.9956 480.106 0.0849673 0
30.9956 480.106 0.0416667 0
30.9956 480.106 0.0204082 0
30.9956 480.106 0.194969 0
30.9956 480.106 0.110345 0
30.9956 480.106 0.047619 0
30.9956 480.106 0.110345 0
30.9956 480.106 0.0131579 0
30.9956 480.106 0.168919 0
30.9956 480.106 0.047619 0
30.9956 480.106 0.0324675 0
30.9956 480.106 0.266667 0
30.9956 480.106 0.0559441 0
30.9956 480.106 0.0206897 0
30.9956 480.106 0.0214286 0
30.9956 480.106 0.101449 0
30.9956 480.106 0.0116959 0
30.9956 480.106 0.0214286 0
30.9956 480.106 0.00617284 0
30.9956 480.106 0.0131579 0
30.9956 480.106 0.0324675 0
30.9956 480.106 0.168919 0
30.9956 480.106 0.266667 0
30.9956 480.106 0.0559441 0
30.9956 480.106 0.108974 0
30.9956 480.106 0.0115607 0
30.9956 480.106 0.108974 0
30.9956 480.106 0.00645161 0
30.9956 480.106 0.0387097 0
30.9956 480.106 0.0115607 0
30.9956 480.106 0.25 0
30.9956 480.106 0.111111 0
30.9956 480.106 0.111888 0
30.9956 480.106 0.100529 0
30.9956 480.106 0.0465116 0
30.9956 480.106 0.0661157 0
30.9956 480.106 0.220339 0
30.9956 480.106 0.00617284 0
30.9956 480.106 0.0105263 0
30.9956 480.106 0.0566038 0
30.9956 480.106 0.0402685 0
30.9956 480.106 0.101449 0
30.9956 480.106 0.0566038 0
30.9956 480.106 0.159292 0
30.9956 480.106 0.00645161 0
30.9956 480.106 0.0387097 0
30.9956 480.106 0.25 0
30.9956 480.106 0.111111 0
30.9956 480.106 0.111888 0
30.9956 480.106 0.100529 0
30.9956 480.106 0.0465116 0
30.9956 480.106 0.198347 0
30.9956 480.106 0.0661157 0
30.9956 480.106 0.220339 0
30.9956 480.106 0.00617284 0
30.9956 480.106 0.198347 0
30.9956 480.106 0.132075 0
30.9956 480.106 0.188679 0
30.9956 480.106 0.0105263 0
30.9956 480.106 0.132075 0
30.9956 480.106 0.145299 0
30.9956 480.106 0.05 0
30.9956 480.106 0.145299 0
30.9956 480.106 0.00757576 0
30.9956 480.106 0.0123457 0
30.9956 480.106 0.05 0
30.9956 480.106 0.0347826 0
30.9956 480.106 0.0551724 0
30.9956 480.106 0.139535 0
30.9956 480.106 0.00505051 0
30.9956 480.106 0.00529101 0
30.9956 480.106 0.0409836 0
30.9956 480.106 0.0151515 0
30.9956 480.106 0.0363636 0
30.9956 480.106 0.260274 0
30.9956 480.106 0.12 0
30.9956 480.106 0.024 0
30.9956 480.106 0.0381679 0
30.9956 480.106 0.0454545 0
30.9956 480.106 0.258065 0
30.9956 480.106 0.0746269 0
30.9956 480.106 0.159292 0
30.9956 480.106 0.330097 0
30.9956 480.106 0.0833333 0
30.9956 480.106 0.0769231 0
30.9956 480.106 0.017094 0
30.9956 480.106 0.0402685 0
30.9956 480.106 0.330097 0
30.9956 480.106 0.0510949 0
30.9956 480.106 0.0833333 0
30.9956 480.106 0.188679 0
30.9956 480.106 0.00757576 0
30.9956 480.106 0.0347826 0
30.9956 480.106 0.0123457 0
30.9956 480.106 0.0551724 0
30.9956 480.106 0.139535 0
30.9956 480.106 0.00505051 0
30.9956 480.106 0.0272109 0
30.9956 480.106 0.0272109 0
30.9956 480.106 0.00568182 0
30.9956 480.106 0.0222222 0
30.9956 480.106 0.0520231 0
30.9956 480.106 0.015625 0
30.9956 480.106 0.169355 0
30.9956 480.106 0.025641 0
30.9956 480.106 0.00862069 0
30.9956 480.106 0.00529101 0
30.9956 480.106 0.0409836 0
30.9956 480.106 0.0151515 0
30.9956 480.106 0.0222222 0
30.9956 480.106 0.169355 0
30.9956 480.106 0.0363636 0
30.9956 480.106 0.260274 0
30.9956 480.106 0.188235 0
30.9956 480.106 0.188235 0
30.9956 480.106 0.109756 0
30.9956 480.106 0.025641 0
30.9956 480.106 0.0625 0
30.9956 480.106 0.0348837 0
30.9956 480.106 0.12 0
30.9956 480.106 0.024 0
30.9956 480.106 0.0381679 0
30.9956 480.106 0.109756 0
30.9956 480.106 0.436782 0
30.9956 480.106 0.00787402 0
30.9956 480.106 0.436782 0
30.9956 480.106 0.106061 0
30.9956 480.106 0.021978 0
30.9956 480.106 0.0454545 0
30.9956 480.106 0.106061 0
30.9956 480.106 0.0943396 0
30.9956 480.106 0.00787402 0
30.9956 480.106 0.0943396 0
30.9956 480.106 0.0243902 0
30.9956 480.106 0.258065 0
30.9956 480.106 0.0746269 0
30.9956 480.106 0.0243902 0
30.9956 480.106 0.0674157 0
30.9956 480.106 0.0674157 0
30.9956 480.106 0.15873 0
30.9956 480.106 0.0510949 0
30.9956 480.106 0.0529801 0
30.9956 480.106 0.00628931 0
30.9956 480.106 0.0769231 0
30.9956 480.106 0.0529801 0
30.9956 480.106 0.0943396 0
30.9956 480.106 0.017094 0
30.9956 480.106 0.00568182 0
30.9956 480.106 0.0520231 0
30.9956 480.106 0.015625 0
30.9956 480.106 0.025641 0
30.9956 480.106 0.00862069 0
30.9956 480.106 0.025641 0
30.9956 480.106 0.0625 0
30.9956 480.106 0.0348837 0
30.9956 480.106 0.021978 0
30.9956 480.106 0.15873 0
30.9956 480.106 0.0943396 0
30.9956 480.106 0.00628931 0
30.9956 480.106 0.00628931 0
30.9956 480.106 0.0204082 0
30.9956 480.106 0.0217391 0
30.9956 480.106 0.0204082 0
30.9956 480.106 0.070922 0
30.9956 480.106 0.0638298 0
30.9956 480.106 0.244898 0
30.9956 480.106 0.0204082 0
30.9956 480.106 0.00628931 0
30.9956 480.106 0.0470588 0
30.9956 480.106 0.0217391 0
30.9956 480.106 0.0518519 0
30.9956 480.106 0.103704 0
30.9956 480.106 0.036036 0
30.9956 480.106 0.070922 0
30.9956 480.106 0.244898 0
30.9956 480.106 0.0518519 0
30.9956 480.106 0.125683 0
30.9956 480.106 0.00740741 0
30.9956 480.106 0.0638298 0
30.9956 480.106 0.0204082 0
30.9956 480.106 0.103704 0
30.9956 480.106 0.0962963 0
30.9956 480.106 0.125683 0
30.9956 480.106 0.00719424 0
30.9956 480.106 0.00826446 0
30.9956 480.106 0.036036 0
30.9956 480.106 0.198198 0
30.9956 480.106 0.0470588 0
30.9956 480.106 0.00740741 0
30.9956 480.106 0.0962963 0
30.9956 480.106 0.198198 0
30.9956 480.106 0.00719424 0
30.9956 480.106 0.00826446 0
30.9956 480.106 0.217742 0
30.9956 480.106 0.217742 0
30.9956 480.106 0.00588235 0
30.9956 480.106 0.23301 0
30.9956 480.106 0.00588235 0
30.9956 480.106 0.00854701 0
30.9956 480.106 0.23301 0
30.9956 480.106 0.0352941 0
30.9956 480.106 0.386364 0
30.9956 480.106 0.0352941 0
30.9956 480.106 0.00625 0
30.9956 480.106 0.0131579 0
30.9956 480.106 0.194444 0
30.9956 480.106 0.0551724 0
30.9956 480.106 0.04 0
30.9956 480.106 0.0138889 0
30.9956 480.106 0.175824 0
30.9956 480.106 0.104167 0
30.9956 480.106 0.00854701 0
30.9956 480.106 0.386364 0
30.9956 480.106 0.175824 0
30.9956 480.106 0.0212766 0
30.9956 480.106 0.0839695 0
30.9956 480.106 0.00813008 0
30.9956 480.106 0.0437956 0
30.9956 480.106 0.0229008 0
30.9956 480.106 0.0131579 0
30.9956 480.106 0.0839695 0
30.9956 480.106 0.013986 0
30.9956 480.106 0.00625 0
30.9956 480.106 0.194444 0
30.9956 480.106 0.00813008 0
30.9956 480.106 0.0551724 0
30.9956 480.106 0.04 0
30.9956 480.106 0.272 0
30.9956 480.106 0.272 0
30.9956 480.106 0.0588235 0
30.9956 480.106 0.129412 0
30.9956 480.106 0.0733945 0
30.9956 480.106 0.008 0
30.9956 480.106 0.0121951 0
30.9956 480.106 0.0582524 0
30.9956 480.106 0.125 0
30.9956 480.106 0.0685714 0
30.9956 480.106 0.0642857 0
30.9956 480.106 0.254386 0
30.9956 480.106 0.012987 0
30.9956 480.106 0.0138889 0
30.9956 480.106 0.008 0
30.9956 480.106 0.125 0
30.9956 480.106 0.0306748 0
30.9956 480.106 0.0758621 0
30.9956 480.106 0.0306748 0
30.9956 480.106 0.0194805 0
30.9956 480.106 0.0758621 0
30.9956 480.106 0.0122699 0
30.9956 480.106 0.0298507 0
30.9956 480.106 0.132353 0
30.9956 480.106 0.0451128 0
30.9956 480.106 0.017094 0
30.9956 480.106 0.0212766 0
30.9956 480.106 0.0416667 0
30.9956 480.106 0.104167 0
30.9956 480.106 0.00819672 0
30.9956 480.106 0.0291262 0
30.9956 480.106 0.0934579 0
30.9956 480.106 0.115385 0
30.9956 480.106 0.0393701 0
30.9956 480.106 0.013986 0
30.9956 480.106 0.115385 0
30.9956 480.106 0.221477 0
30.9956 480.106 0.0857143 0
30.9956 480.106 0.0437956 0
30.9956 480.106 0.221477 0
30.9956 480.106 0.0229008 0
30.9956 480.106 0.0588235 0
30.9956 480.106 0.129412 0
30.9956 480.106 0.0121951 0
30.9956 480.106 0.0685714 0
30.9956 480.106 0.0642857 0
30.9956 480.106 0.0733945 0
30.9956 480.106 0.0582524 0
30.9956 480.106 0.254386 0
30.9956 480.106 0.012987 0
30.9956 480.106 0.0122699 0
30.9956 480.106 0.0298507 0
30.9956 480.106 0.0526316 0
30.9956 480.106 0.0194805 0
30.9956 480.106 0.132353 0
30.9956 480.106 0.0451128 0
30.9956 480.106 0.207407 0
30.9956 480.106 0.0526316 0
30.9956 480.106 0.207407 0
30.9956 480.106 0.00675676 0
30.9956 480.106 0.0211268 0
30.9956 480.106 0.13245 0
30.9956 480.106 0.153374 0
30.9956 480.106 0.157534 0
30.9956 480.106 0.0406977 0
30.9956 480.106 0.0123457 0
30.9956 480.106 0.0531915 0
30.9956 480.106 0.017094 0
30.9956 480.106 0.168142 0
30.9956 480.106 0.0263158 0
30.9956 480.106 0.198347 0
30.9956 480.106 0.168142 0
30.9956 480.106 0.030303 0
30.9956 480.106 0.0263158 0
30.9956 480.106 0.01 0
30.9956 480.106 0.00775194 0
30.9956 480.106 0.124088 0
30.9956 480.106 0.00645161 0
30.9956 480.106 0.0204082 0
30.9956 480.106 0.0144928 0
30.9956 480.106 0.117647 0
30.9956 480.106 0.00909091 0
30.9956 480.106 0.0283688 0
30.9956 480.106 0.0402685 0
30.9956 480.106 0.00662252 0
30.9956 480.106 0.00819672 0
30.9956 480.106 0.0504202 0
30.9956 480.106 0.0703125 0
30.9956 480.106 0.0416667 0
30.9956 480.106 0.0504202 0
30.9956 480.106 0.00892857 0
30.9956 480.106 0.00925926 0
30.9956 480.106 0.327103 0
30.9956 480.106 0.0461538 0
30.9956 480.106 0.0425532 0
30.9956 480.106 0.0384615 0
30.9956 480.106 0.0387597 0
30.9956 480.106 0.0229885 0
30.9956 480.106 0.00775194 0
30.9956 480.106 0.0201342 0
30.9956 480.106 0.00819672 0
30.9956 480.106 0.0291262 0
30.9956 480.106 0.0934579 0
30.9956 480.106 0.0425532 0
30.9956 480.106 0.0229885 0
30.9956 480.106 0.0194175 0
30.9956 480.106 0.239583 0
30.9956 480.106 0.0194175 0
30.9956 480.106 0.00724638 0
30.9956 480.106 0.0227273 0
30.9956 480.106 0.0164835 0
30.9956 480.106 0.0393701 0
30.9956 480.106 0.0115607 0
30.9956 480.106 0.0232558 0
30.9956 480.106 0.251799 0
30.9956 480.106 0.010582 0
30.9956 480.106 0.0115607 0
30.9956 480.106 0.0857143 0
30.9956 480.106 0.0232558 0
30.9956 480.106 0.00675676 0
30.9956 480.106 0.0211268 0
30.9956 480.106 0.13245 0
30.9956 480.106 0.153374 0
30.9956 480.106 0.157534 0
30.9956 480.106 0.0123457 0
30.9956 480.106 0.0406977 0
30.9956 480.106 0.0531915 0
30.9956 480.106 0.191011 0
30.9956 480.106 0.198347 0
30.9956 480.106 0.191011 0
30.9956 480.106 0.0186916 0
30.9956 480.106 0.0333333 0
30.9956 480.106 0.0416667 0
30.9956 480.106 0.030303 0
30.9956 480.106 0.01 0
30.9956 480.106 0.00775194 0
30.9956 480.106 0.0186916 0
30.9956 480.106 0.124088 0
30.9956 480.106 0.00645161 0
30.9956 480.106 0.190083 0
30.9956 480.106 0.190083 0
30.9956 480.106 0.00943396 0
30.9956 480.106 0.181818 0
30.9956 480.106 0.0322581 0
30.9956 480.106 0.0166667 0
30.9956 480.106 0.00892857 0
30.9956 480.106 0.0578512 0
30.9956 480.106 0.247788 0
30.9956 480.106 0.176471 0
30.9956 480.106 0.115385 0
30.9956 480.106 0.165354 0
30.9956 480.106 0.00884956 0
30.9956 480.106 0.247619 0
30.9956 480.106 0.042735 0
30.9956 480.106 0.145631 0
30.9956 480.106 0.0107527 0
30.9956 480.106 0.016129 0
30.9956 480.106 0.0204082 0
30.9956 480.106 0.0144928 0
30.9956 480.106 0.117647 0
30.9956 480.106 0.0283688 0
30.9956 480.106 0.247619 0
30.9956 480.106 0.00606061 0
30.9956 480.106 0.00909091 0
30.9956 480.106 0.0402685 0
30.9956 480.106 0.00662252 0
30.9956 480.106 0.00909091 0
30.9956 480.106 0.00943396 0
30.9956 480.106 0.00892857 0
30.9956 480.106 0.0909091 0
30.9956 480.106 0.239316 0
30.9956 480.106 0.0703125 0
30.9956 480.106 0.00909091 0
30.9956 480.106 0.0909091 0
30.9956 480.106 0.0106383 0
30.9956 480.106 0.0833333 0
30.9956 480.106 0.0373134 0
30.9956 480.106 0.0465116 0
30.9956 480.106 0.0263158 0
30.9956 480.106 0.0426829 0
30.9956 480.106 0.00925926 0
30.9956 480.106 0.327103 0
30.9956 480.106 0.0833333 0
30.9956 480.106 0.0426829 0
30.9956 480.106 0.0461538 0
30.9956 480.106 0.00775194 0
30.9956 480.106 0.0384615 0
30.9956 480.106 0.0201342 0
30.9956 480.106 0.0387597 0
30.9956 480.106 0.00819672 0
30.9956 480.106 0.00724638 0
30.9956 480.106 0.0458015 0
30.9956 480.106 0.239583 0
30.9956 480.106 0.0458015 0
30.9956 480.106 0.056 0
30.9956 480.106 0.0457143 0
30.9956 480.106 0.174603 0
30.9956 480.106 0.0227273 0
30.9956 480.106 0.251799 0
30.9956 480.106 0.056 0
30.9956 480.106 0.0164835 0
30.9956 480.106 0.010582 0
30.9956 480.106 0.0457143 0
30.9956 480.106 0.0333333 0
30.9956 480.106 0.0416667 0
30.9956 480.106 0.00943396 0
30.9956 480.106 0.181818 0
30.9956 480.106 0.0166667 0
30.9956 480.106 0.0578512 0
30.9956 480.106 0.0322581 0
30.9956 480.106 0.00892857 0
30.9956 480.106 0.247788 0
30.9956 480.106 0.176471 0
30.9956 480.106 0.115385 0
30.9956 480.106 0.165354 0
30.9956 480.106 0.042735 0
30.9956 480.106 0.00884956 0
30.9956 480.106 0.145631 0
30.9956 480.106 0.0107527 0
30.9956 480.106 0.016129 0
30.9956 480.106 0.00606061 0
28.1724 271.314 0.00699301 0
30.9956 480.106 0.00943396 0
30.9956 480.106 0.239316 0
30.9956 480.106 0.00684932 0
30.9956 480.106 0.125 0
30.9956 480.106 0.0373134 0
30.9956 480.106 0.00684932 0
30.9956 480.106 0.0106383 0
30.9956 480.106 0.0465116 0
30.9956 480.106 0.125 0
30.9956 480.106 0.0263158 0
30.9956 480.106 0.174603 0
28.1724 271.314 0.0114943 0
28.1724 271.314 0.142857 0
28.1724 271.314 0.00699301 0
28.1724 271.314 0.142857 0
28.1724 271.314 0.0777778 0
28.1724 271.314 0.0545455 0
28.1724 271.314 0.0877193 0
28.1724 271.314 0.0149254 0
28.1724 271.314 0.0545455 0
28.1724 271.314 0.0114943 0
28.1724 271.314 0.0877193 0
28.1724 271.314 0.194444 0
28.1724 271.314 0.0777778 0
28.1724 271.314 0.194444 0
28.1724 271.314 0.0277778 0
28.1724 271.314 0.0224719 0
28.1724 271.314 0.0277778 0
28.1724 271.314 0.1 0
28.1724 271.314 0.0149254 0
28.1724 271.314 0.1 0
28.1724 271.314 0.0224719 0
28.1724 271.314 0.0561798 0
28.1724 271.314 0.00952381 0
28.1724 271.314 0.0561798 0
28.1724 271.314 0.16129 0
28.1724 271.314 0.00952381 0
28.1724 271.314 0.16129 0
28.1724 271.314 0.0882353 0
28.1724 271.314 0.0882353 0
28.1724 271.314 0.157407 0
28.1724 271.314 0.157407 0
28.1724 271.314 0.0465116 0
28.1724 271.314 0.0625 0
28.1724 271.314 0.0789474 0
28.1724 271.314 0.0465116 0
28.1724 271.314 0.0454545 0
28.1724 271.314 0.126582 0
28.1724 271.314 0.0625 0
28.1724 271.314 0.0454545 0
28.1724 271.314 0.126582 0
28.1724 271.314 0.03125 0
28.1724 271.314 0.0789474 0
28.1724 271.314 0.03125 0
