34.9627 8.7909 0.457143 1
29.6339 43.4781 0.0454545 1
29.6033 83.6591 0.00735294 1
33.6573 59.1638 0.0344828 1
3.41861 70.4088 0.0606061 1
8.98525 61.1426 0.0967742 1
9.44233 61.0679 0.227979 1
5.77786 61.4558 0.14218 1
7.23191 57.1487 0.00877193 1
1.27153 52.9243 0.0149254 1
5.03383 51.0074 0.0360825 1
7.20219 49.2281 0.275862 1
7.66063 48.6892 0.0138889 1
8.1763 48.3407 0.376682 1
9.77423 47.8591 0.0394089 1
8.0253 50.7476 0.0192308 1
8.70674 50.417 0.0378378 1
10.5997 50.0001 0.012766 1
11.3952 48.7877 0.170213 1
8.13054 52.6988 0.0645161 1
9.35581 52.7424 0.0264901 1
6.42269 30.5975 0.0581395 1
10.6401 53.8612 0.0238095 1
11.8293 53.8455 0.0184332 1
14.087 49.7883 0.0384615 1
12.2319 57.9227 0.0914286 1
24.1835 36.0144 0.075 1
13.9013 60.6274 0.1625 1
16.0249 63.8163 0.0402299 1
12.4879 66.8931 0.0179641 1
23.5723 47.4888 0.08 1
16.8268 63.0292 0.020202 1
5.29289 67.9889 0.0625 1
17.1775 54.0117 0.0102041 1
18.8338 70.9747 0.263636 1
19.7905 71.8074 0.0569948 1
15.7985 78.7923 0.0187793 1
12.9267 65.2734 0.0344828 1
20.587 74.6943 0.0630631 1
22.4778 72.8028 0.0708661 1
26.8102 87.2776 0.0590551 1
23.4064 86.3474 0.364706 1
20.0234 97.9598 0.0462185 1
44.9202 20.7685 0.0330578 1
5.83759 25.8859 0.0275229 1
24.928 61.5694 0.00636943 1
26.9345 101.843 0.304721 1
11.8114 100.301 0.0196078 1
29.4625 114.651 0.127119 1
24.2484 115.576 0.0454545 1
27.9557 116.05 0.341232 1
29.412 120.567 0.0676692 1
29.3343 122.869 0.232759 1
30.4679 132.893 0.00952381 1
23.9658 129.974 0.279476 1
27.5452 131.708 0.0904523 1
17.6841 118.55 0.0816327 0
19.1563 100.964 0.0689655 0
17.6841 118.55 0.0816327 0
87.1587 94.3842 0.103774 0
9.10787 17.5858 0.392857 1
100.666 25.9603 0.00584795 0
82.6068 70.9425 0.103774 0
67.376 44.3458 0.00847458 1
66.8379 262.11 0.00961538 0
34.5984 288.07 0.157068 1
18.4033 156.525 0.0693642 1
8.92927 251.614 0.0163934 1
19.1032 271.903 0.0681818 1
7.63392 255.257 0.0175439 1
95.5614 14.8222 0.357798 1
29.6331 336.226 0.112426 1
16.0668 138.475 0.0904762 1
18.239 137.127 0.00409836 1
16.1064 136.51 0.00938967 1
12.8646 135.784 0.0248963 1
13.5854 135.199 0.00816326 1
10.8603 134.328 0.0547264 1
10.5306 133.912 0.00990099 1
6.89264 132.995 0.0670732 1
8.88243 132.128 0.107595 1
7.32094 131.775 0.0144231 1
5.90344 131.312 0.00392157 1
5.5907 129.304 0.00816326 1
5.81273 128.958 0.118644 1
7.50565 128.356 0.0441176 1
5.22455 127.931 0.0397727 1
9.66515 126.567 0.100402 1
10.8968 126.053 0.0635593 1
15.2401 126.324 0.0185185 1
20.1046 122.161 0.388235 1
16.535 125.661 0.0421456 1
20.1758 95.7235 0.156627 0
20.1758 95.7235 0.00641026 0
26.4056 25.2566 0.0487805 1
22.7025 49.5979 0.137255 0
19.9042 18.7611 0.0693069 1
58.7748 52.0914 0.0895522 1
59.5486 169.955 0.0625 1
15.5892 268.24 0.0365854 0
60.0561 256.206 0.0340909 1
13.3666 350.146 0.0869565 1
60.3739 310.446 0.0697674 1
38.3435 277.711 0.156627 0
38.3435 277.711 0.0151515 0
38.3435 277.711 0.00497512 0
38.3435 277.711 0.00641026 0
38.3435 277.711 0.0253165 0
38.3435 277.711 0.00531915 0
45.4248 92.612 0.0559006 0
38.3435 277.711 0.0104712 0
38.3435 277.711 0.0253165 0
7.95742 370.323 0.287356 1
44.7226 371.865 0.0330578 1
44.9181 103.091 0.0190476 0
44.2728 265.304 0.00735294 0
85.628 119.975 0.0162162 0
68.6714 115.313 0.0542636 0
44.2728 265.304 0.0117647 0
81.4486 118.104 0.00483092 0
44.9181 103.091 0.0722892 0
68.6714 115.313 0.0280374 0
81.4486 118.104 0.00540541 0
44.9181 103.091 0.0190476 0
44.9181 103.091 0.0722892 0
44.9181 103.091 0.113636 0
41.6862 16.8843 0.0185185 1
13.4127 46.1771 0.0384615 1
11.2889 68.2068 0.032 1
3.20409 48.9673 0.0148148 1
1.39128 49.3251 0.0153846 1
5.86426 38.118 0.00671141 1
83.0507 74.2066 0.113636 0
18.8383 83.4946 0.0695652 0
83.0507 74.2066 0.0153846 0
73.5367 304.777 0.0300752 0
83.0507 74.2066 0.00478469 0
18.8383 83.4946 0.0689655 0
64.3056 388.272 0.00961538 0
18.8383 83.4946 0.0695652 0
64.3056 388.272 0.035503 0
74.6371 9.28801 0.0308642 0
64.3056 388.272 0.07 0
64.3056 388.272 0.00584795 0
64.3056 388.272 0.035503 0
10.6207 378.984 0.0120482 1
35.0577 327.034 0.0791667 1
11.0387 331.025 0.0343137 1
22.5207 344.956 0.0158103 1
21.8132 122.029 0.0288462 1
39.4688 112.777 0.0666667 1
8.63964 127.868 0.079646 1
12.1921 127.908 0.00478469 1
5.79408 126.756 0.0118343 1
6.96667 126.466 0.00540541 1
5.26355 126.081 0.00526316 1
4.68211 125.228 0.0348259 1
6.99778 123.904 0.0201342 1
4.39628 123.413 0.0344828 1
5.66544 123.869 0.0366492 1
7.55299 122.75 0.172996 1
9.16955 122.428 0.00444444 1
5.88499 122.589 0.0544747 1
10.7589 121.081 0.034188 1
7.44056 121.217 0.00888889 1
13.3056 120.584 0.0222222 1
18.4568 119.034 0.025641 1
44.6111 271.015 0.137255 0
27.1625 92.1255 0.0516129 1
21.6909 116.162 0.030303 1
44.2744 269.347 0.126214 0
9.56852 347.009 0.0104167 1
51.6247 291.863 0.0819672 1
32.7284 347.974 0.168831 1
44.3464 269.588 0.0151515 0
44.3464 269.588 0.00531915 0
54.5428 372.061 0.0555556 1
17.306 403.909 0.0307692 1
49.544 288.211 0.0559006 0
49.544 288.211 0.00735294 0
42.98 404.105 0.00680272 1
78.5769 238.647 0.0162162 0
27.2095 47.7157 0.34104 1
26.684 421.942 0.0201342 1
7.86612 402.75 0.0227273 1
22.1191 406.68 0.0134529 1
71.877 296.041 0.0542636 0
71.877 296.041 0.0280374 0
6.04784 395.014 0.00458716 1
23.0217 394.036 0.0288462 1
72.7348 287.096 0.0153846 0
63.928 366.548 0.0308642 0
18.9927 378.082 0.0492611 1
72.229 284.527 0.0300752 0
63.375 363.978 0.07 0
33.3063 387.475 0.0104167 1
6.81144 380.478 0.0287356 1
20.8828 116.988 0.0828729 1
13.8829 123.06 0.110599 1
17.0195 121.298 0.0784983 1
14.817 122.46 0.0339623 1
10.8242 122.084 0.0228571 1
8.26502 121.465 0.0154639 1
10.9182 120.963 0.0176471 1
10.0953 120.745 0.366013 1
5.6253 120.908 0.0199005 1
4.29668 120.436 0.0159574 1
3.7146 119.833 0.104 1
5.28637 120.398 0.00884956 1
5.28075 119.126 0.0117647 1
3.85521 118.599 0.0204082 1
6.46311 117.919 0.0111732 1
10.2643 117.373 0.282178 1
12.6509 116.7 0.00913242 1
8.78016 116.781 0.00956938 1
11.3943 116.605 0.0696203 1
15.8378 115.174 0.00421941 1
20.3915 99.8406 0.0728155 1
72.6217 286.843 0.0365854 0
72.6217 286.843 0.126214 0
72.6217 286.843 0.0222222 0
72.6217 286.843 0.12987 0
72.6217 286.843 0.0970874 0
72.6217 286.843 0.0888889 0
65.0651 94.5838 0.00884956 0
72.6217 286.843 0.0222222 0
72.6217 286.843 0.00497512 0
72.6217 286.843 0.0104712 0
9.4094 381.765 0.0531401 1
72.9203 281.259 0.0117647 0
19.6811 381.78 0.00961538 1
73.456 277.72 0.00483092 0
73.456 277.72 0.00540541 0
73.456 277.72 0.00478469 0
10.6169 363.385 0.026087 1
57.3394 330.07 0.118182 1
15.9593 365.979 0.015748 1
33.5224 373.682 0.0102041 1
34.169 373.208 0.00653595 1
45.9413 376.062 0.00699301 1
3.86881 353.995 0.197309 1
26.3958 334.636 0.153333 1
43.7817 94.2927 0.0733945 1
16.0545 116.153 0.111111 1
12.6134 117.637 0.0374332 1
12.66 117.957 0.0153846 1
8.37596 118.275 0.00564972 1
6.86131 118.165 0.0378378 1
4.02668 117.728 0.205882 1
6.83069 116.623 0.0402299 1
13.7252 114.091 0.0697674 1
10.0973 114.845 0.0967742 1
16.1963 104.307 0.030303 1
27.5706 69.4266 0.0125 0
46.9634 12.9973 0.275 1
79.4148 121.308 0.305556 1
27.7013 216.471 0.0927835 0
59.3557 310.182 0.0186916 1
30.6176 308.317 0.227848 1
56.2165 311.947 0.0869565 1
11.8878 363.821 0.0394737 1
73.8391 279.81 0.00653595 0
42.6039 283.85 0.015873 0
73.8391 279.81 0.12987 0
73.8391 279.81 0.00653595 0
73.8391 279.81 0.03125 0
34.667 4.04056 0.122642 1
26.6541 393.555 0.0707071 1
15.6494 406.587 0.0111111 1
96.6225 346.435 0.133333 1
21.4562 387.907 0.10989 1
70.8506 311.358 0.0970874 0
70.8506 311.358 0.0888889 0
4.61595 411.306 0.0384615 1
28.3045 406.162 0.00653595 1
13.7429 409.822 0.00769231 1
4.89957 392.602 0.205556 1
16.4535 406.433 0.0896057 1
13.4446 382.719 0.0553191 1
23.8121 392.835 0.0180505 1
18.3629 373.229 0.00617284 1
6.81351 392.979 0.00502513 1
20.5432 394.562 0.00746269 1
22.0302 286.749 0.0384615 1
22.1511 325.495 0.0782609 1
19.0253 112.216 0.0454545 1
14.4389 115.127 0.0974843 1
10.8477 116.388 0.0364583 1
6.46247 115.814 0.00843882 1
2.89716 115.654 0.0413793 1
5.06017 115.441 0.005 1
3.9488 115.098 0.376884 1
3.38582 114.815 0.00436681 1
4.25365 114.421 0.0209424 1
3.0807 114.284 0.0342466 1
5.54057 113.107 0.00478469 1
11.111 109.412 0.0388889 1
8.95972 112.183 0.0321101 1
12.4583 108.657 0.0213904 1
27.1006 83.6318 0.0289855 0
72.6544 294.001 0.0125 0
72.6544 294.001 0.113636 0
72.6544 294.001 0.01 0
27.1006 83.6318 0.197183 0
72.6544 294.001 0.113636 0
72.6544 294.001 0.0761905 0
118.505 380.7 0.0186916 1
46.3807 396.704 0.309859 1
86.018 387.021 0.0520833 1
16.9235 395.124 0.026087 1
5.89431 390.939 0.0422535 1
70.8162 315.418 0.0309278 0
70.8162 315.418 0.0927835 0
70.8162 315.418 0.03125 0
70.8162 315.418 0.0761905 0
70.8162 315.418 0.0309278 0
70.8162 315.418 0.0151515 0
70.8162 315.418 0.00854701 0
70.8162 315.418 0.00990099 0
70.8162 315.418 0.0512821 0
70.8162 315.418 0.00884956 0
70.8162 315.418 0.015873 0
70.8162 315.418 0.0151515 0
4.89675 399.147 0.0625 1
32.8139 407.783 0.0808824 1
9.91359 413.278 0.047619 1
3.42298 405.646 0.0507614 1
26.0782 413.248 0.0245902 1
3.17302 401.988 0.0123457 1
21.2768 382.722 0.0232558 1
39.2047 399.993 0.0481928 1
77.7113 349.943 0.0292398 1
39.9587 317.759 0.00961538 1
25.5258 347.922 0.278539 1
25.7233 110.277 0.0729167 1
12.7391 111.737 0.214047 1
9.83525 112.624 0.00413223 1
15.0553 109.615 0.139706 1
10.5367 111.916 0.00719424 1
7.45779 111.424 0.0110497 1
7.81734 111.362 0.0075188 1
6.77627 111.183 0.0264901 1
4.99812 111.434 0.0328947 1
5.24738 110.459 0.00518135 1
3.57237 110.488 0.0164835 1
4.30218 110.578 0.0468085 1
5.73581 110.175 0.0132743 1
7.14472 109.295 0.176471 1
71.5113 318.74 0.0729167 0
12.4394 105.265 0.0502793 1
16.5333 82.3403 0.0630631 0
51.6478 77.6333 0.0446429 0
71.4144 318.879 0.00917431 0
51.6478 77.6333 0.016 0
19.8372 396.512 0.0465116 1
13.0216 392.503 0.0551181 1
65.231 387.494 0.0116279 1
70.914 319.944 0.01 0
70.914 319.944 0.00854701 0
70.914 319.944 0.00990099 0
96.803 388.466 0.188889 1
30.6158 421.11 0.00806452 1
9.86876 395.098 0.024 1
15.1637 421.507 0.0424242 1
70.8451 322.453 0.0512821 0
19.0045 421.691 0.0162162 1
25.1238 419.873 0.0113636 1
38.3089 418.398 0.028436 1
31.4759 416.078 0.00460829 1
15.2127 409.938 0.00367647 1
20.5565 407.576 0.014652 1
18.8386 408.147 0.018797 1
13.7807 406.458 0.0789474 1
41.4923 396.863 0.141176 1
3.21951 378.922 0.00826446 1
68.7519 385.53 0.00869565 1
2.93008 356.489 0.126638 1
12.5398 108.728 0.0362319 1
4.14939 108.981 0.0170455 1
3.12507 108.672 0.0125786 1
3.56829 107.403 0.0240964 1
4.31984 107.85 0.00434783 1
3.13543 107.98 0.0591398 1
8.82986 106.137 0.0974576 1
7.11609 107.24 0.00760456 1
16.5798 80.3252 0.0423729 0
72.1784 309.943 0.0289855 0
72.1784 309.943 0.197183 0
72.1784 309.943 0.0729167 0
72.1784 309.943 0.00917431 0
28.8524 384.929 0.0188679 1
38.8515 376.661 0.204301 1
60.1531 382.583 0.0104167 1
5.82301 368.639 0.0643275 1
105.169 355.676 0.00613497 1
6.11568 396.414 0.0105263 1
26.2207 399.868 0.0444444 1
33.5584 407.461 0.0526316 1
3.77287 402.979 0.0598291 1
29.4985 415.258 0.0885417 1
42.4769 410.624 0.0851064 1
8.41345 397.857 0.0392157 1
38.1092 399.003 0.00724638 1
6.14304 407.321 0.0075188 1
13.3477 391.913 0.0300429 1
32.7257 386.054 0.020202 1
34.0219 360.955 0.015748 1
28.0509 100.29 0.0789474 1
9.63101 107.236 0.00588235 1
14.5761 101.936 0.0242718 1
7.36313 107.442 0.079646 1
9.8153 107.033 0.00520833 1
5.25408 107.176 0.00416667 1
3.78917 106.699 0.116279 1
2.82621 105.737 0.025 1
3.87994 105.13 0.00584795 1
13.1397 99.4101 0.00581395 1
10.4378 89.8506 0.207101 1
5.86018 104.942 0.00851064 1
9.16665 101.418 0.0561224 1
16.7169 78.2856 0.263158 0
79.4028 81.2149 0.0106952 0
16.7169 78.2856 0.0630631 0
16.7169 78.2856 0.0423729 0
16.7169 78.2856 0.263158 0
56.7361 397.551 0.0941176 1
10.3878 401.883 0.0840336 1
27.3663 395.821 0.0263158 1
72.5848 319.183 0.0446429 0
72.5848 319.183 0.016 0
52.5371 360.696 0.0192308 1
10.0695 380.648 0.025974 1
13.6554 388.783 0.0110497 1
13.2854 402.419 0.0133929 1
19.0891 400.025 0.0318725 1
38.2189 407.807 0.00512821 1
27.8295 410.723 0.017316 1
14.1286 392.855 0.125 1
34.7124 406.826 0.057971 1
25.7343 390.905 0.00823045 1
3.18785 379.029 0.00645161 1
21.1347 403.002 0.00540541 1
5.35524 384.168 0.174757 1
32.7297 394.315 0.00833333 1
14.2442 367.265 0.040724 1
20.7006 326.876 0.00699301 1
73.7638 345.775 0.0136054 1
11.2117 104.332 0.219697 1
10.1684 104.852 0.00374532 1
7.21554 104.349 0.00442478 1
7.15446 105.014 0.0487805 1
5.43727 104.105 0.00507614 1
1.9644 103.606 0.0967742 1
2.38913 103.638 0.153846 1
73.8936 314.539 0.0217391 0
24.4834 72.5927 0.135802 0
73.8936 314.539 0.0150376 0
89.9462 42.7512 0.00662252 0
66.4185 57.7911 0.0535714 0
73.8936 314.539 0.0106952 0
73.8936 314.539 0.0217391 0
49.6358 387.131 0.0103093 1
64.3071 375.598 0.0442478 1
33.5981 375.899 0.0322581 1
19.5337 359.461 0.011976 1
5.54693 386.371 0.0190476 1
7.84377 371.401 0.233696 1
103.205 351.806 0.0212766 1
35.8094 400.972 0.149038 1
44.5655 408.733 0.0296296 1
4.08665 404.126 0.010101 1
23.9679 399.862 0.15311 1
16.7392 413.912 0.0307018 1
49.0864 406.906 0.00649351 1
58.6834 360.576 0.253731 1
11.258 387.281 0.0441176 1
37.7673 400.53 0.437037 1
46.7512 356.326 0.0956522 1
4.10195 287.869 0.00531915 1
44.4785 76.5278 0.0576923 1
12.1454 100.577 0.0408163 1
4.28934 103.824 0.0625 1
7.95009 103.985 0.00990099 1
4.65692 103.066 0.00552486 1
3.1389 101.653 0.00444444 1
3.26201 102.513 0.00448431 1
2.93598 101.947 0.0487805 1
4.98237 100.89 0.00408163 1
7.46374 99.7721 0.0364372 1
73.2412 327.111 0.12037 0
73.2412 327.111 0.00452489 0
51.5134 69.167 0.0147059 0
73.2412 327.111 0.135802 0
73.2412 327.111 0.12037 0
73.2412 327.111 0.0402685 0
25.4436 392.525 0.0120482 1
7.62182 405.288 0.00787402 1
23.4441 394.095 0.0882353 1
73.2048 324.76 0.0150376 0
72.4076 378.205 0.0967742 1
117.129 391.826 0.025 1
20.0436 402.694 0.0660377 1
72.1137 370.02 0.141304 1
7.89681 390.706 0.0630631 1
27.6477 417.438 0.00653595 1
24.7268 398.328 0.0571429 1
18.579 417.885 0.0837209 1
21.1973 398.919 0.122642 1
6.44084 412.849 0.0428571 1
28.4253 417.945 0.0131579 1
14.154 414.651 0.0107527 1
9.63017 418.616 0.0779221 1
17.9217 421.585 0.0393013 1
36.1286 420.121 0.0152284 1
24.2931 424.078 0.126531 1
38.082 421.157 0.0110497 1
29.3872 417.686 0.00900901 1
4.94483 421.963 0.0338164 1
79.2248 392.457 0.0288462 1
7.55755 393.699 0.03 1
35.8057 388.08 0.0621118 1
3.99605 363.529 0.0382775 1
27.0596 96.0227 0.16129 1
8.57631 101.397 0.107143 1
4.46989 98.2074 0.00735294 1
4.76495 100.299 0.00980392 1
1.07346 96.9126 0.0361991 1
4.36166 93.5087 0.155689 1
12.0258 75.9745 0.0320513 0
12.0258 75.9745 0.100592 0
35.3094 56.8267 0.00480769 0
53.7312 71.891 0.010989 0
73.3573 330.728 0.0402685 0
12.0258 75.9745 0.0377358 0
73.3573 330.728 0.00847458 0
35.3094 56.8267 0.00505051 0
53.7312 71.891 0.0174419 0
104.28 405.069 0.0537634 1
6.70074 386.379 0.00684932 1
19.4172 406.422 0.246377 1
116.586 411.297 0.0108696 1
72.3125 340.441 0.00662252 0
87.6065 407.964 0.00649351 1
72.0421 343.282 0.00452489 0
72.0421 343.282 0.0535714 0
64.1718 362.858 0.0434783 1
6.85654 409.888 0.024 1
25.4187 405.408 0.036036 1
38.0004 418.5 0.00925926 1
12.1106 388.435 0.197531 1
36.3326 407.219 0.021978 1
35.0087 416.095 0.163043 1
18.894 427.881 0.0169492 1
7.66629 427.36 0.0394737 1
5.18034 431.04 0.0214286 1
16.298 430.262 0.0240964 1
14.2469 423.31 0.0348259 1
10.5389 411.539 0.0420561 1
2.18163 400.732 0.00485437 1
9.94861 423.88 0.0294118 1
42.1275 329.791 0.0150376 1
14.3844 276.022 0.0352941 1
13.9046 88.8094 0.037037 1
5.37886 98.9576 0.170507 1
34.1524 67.174 0.0609756 0
29.8348 73.8182 0.0898876 0
34.1524 67.174 0.0609756 0
32.2595 22.0949 0.155844 1
47.3459 9.75896 0.0419162 0
47.3459 9.75896 0.010101 0
47.0414 83.5772 0.445783 1
82.5759 158.823 0.0206186 1
71.8952 291.018 0.219178 1
38.7255 353.976 0.040404 1
54.8922 380.556 0.016 1
42.8177 358.631 0.0434783 1
37.719 285.774 0.02 0
4.88512 342.424 0.0925926 1
37.319 263.79 0.0320513 0
37.319 263.79 0.100592 0
37.319 263.79 0.0377358 0
88.1731 73.364 0.0215054 1
70.2778 371.222 0.010989 0
43.2743 424.215 0.0675676 1
70.1973 371.709 0.00847458 0
10.4164 427.439 0.00502513 1
65.1461 426.864 0.0810811 1
70.0381 372.116 0.0147059 0
8.69257 396.928 0.0205479 1
18.45 452.393 0.0135135 1
32.1161 448.053 0.032 1
12.096 434.407 0.00934579 1
34.4177 434.327 0.0130719 1
16.1513 444.694 0.169935 1
10.5024 430.773 0.0670103 1
5.96522 433.951 0.0235849 1
23.7699 442.438 0.0627615 1
44.5064 453.54 0.0272109 1
36.3252 456.106 0.0192308 1
33.5112 446.907 0.021978 1
36.441 448.31 0.00909091 1
2.54972 452.207 0.00877193 1
24.1943 446.479 0.00584795 1
47.406 446.571 0.0104712 1
31.9749 434.478 0.0454545 1
22.4588 407.339 0.0120482 1
11.6026 259.665 0.00460829 1
10.2641 98.3186 0.291457 1
6.89237 97.6303 0.00584795 1
28.1842 85.8253 0.060241 1
7.70693 97.5103 0.0325581 1
13.6068 80.8217 0.00729927 0
5.94855 91.7002 0.0945946 1
71.8059 365.525 0.0419162 0
38.5695 75.1864 0.00588235 0
71.8059 365.525 0.010101 0
71.8059 365.525 0.02 0
71.8059 365.525 0.010989 0
71.8059 365.525 0.141509 0
71.8059 365.525 0.0898876 0
71.8059 365.525 0.141509 0
84.6093 440.711 0.0813954 1
38.999 417.247 0.0108696 1
71.604 367.202 0.00480769 0
71.604 367.202 0.00505051 0
24.8921 440.742 0.0196078 1
78.5767 435.495 0.0423729 1
3.63799 446.154 0.0191388 1
78.0841 406.858 0.00813008 1
117.18 442.892 0.0148515 1
70.667 375.245 0.010989 0
70.667 375.245 0.0174419 0
97.2643 444.396 0.0405405 1
10.2346 446.371 0.00591716 1
40.3369 456.712 0.0232558 1
9.06521 454.749 0.0822785 1
21.0927 459.173 0.0201005 1
27.5717 455.194 0.00900901 1
14.1117 454.068 0.00865801 1
21.8253 458.792 0.00632911 1
3.64587 444.204 0.00719424 1
37.9427 457.282 0.012987 1
17.554 442.409 0.0865385 1
33.3602 390.752 0.00617284 1
40.8917 456.887 0.0150754 1
32.7859 442.489 0.00613497 1
49.0364 454.62 0.0122699 1
34.2229 458.246 0.00529101 1
16.5257 437.158 0.0578035 1
5.2543 423.309 0.0212766 1
27.3778 414.776 0.0078125 1
49.5303 383.07 0.0106952 1
13.708 382.552 0.0656371 1
13.5955 80.7401 0.00632911 0
9.75695 97.3816 0.0816327 1
13.5387 80.4787 0.153846 0
13.5387 80.4787 0.00729927 0
13.5387 80.4787 0.00632911 0
13.5387 80.4787 0.153846 0
13.5387 80.4787 0.0909091 0
43.0646 22.6441 0.191781 1
38.3348 60.7461 0.0217391 1
59.8275 93.6548 0.0761905 1
50.9268 167.474 0.0909091 0
71.6348 372.413 0.0588235 0
50.9268 167.474 0.166667 0
51.3162 72.9052 0.010989 0
32.9216 63.4032 0.012987 0
71.6348 372.413 0.0588235 0
22.3111 204.939 0.0581395 1
99.3433 445.957 0.0322581 1
61.8374 438.637 0.126582 1
120.456 446.465 0.0787402 1
33.5266 450.463 0.0125786 1
15.4521 455.625 0.0119048 1
45.0667 347.671 0.166667 1
15.7351 443.293 0.013986 1
14.8982 459.669 0.0290698 1
11.6137 450.712 0.113402 1
27.122 461.313 0.0484582 1
13.8112 456.786 0.0608696 1
28.1716 452.749 0.00847458 1
8.87903 460.905 0.05625 1
24.9667 468.296 0.0895522 1
25.5305 450.353 0.00526316 1
38.5162 469.07 0.0235294 1
27.4516 456.497 0.0275862 1
34.8309 465.731 0.0257732 1
50.1308 455.277 0.00757576 1
18.4157 452.272 0.0045045 1
80.0734 415.115 0.0357143 1
25.8996 439.11 0.0298507 1
30.1387 375.667 0.00558659 1
28.999 80.048 0.0243902 1
71.55 377.509 0.0168067 0
5.29949 90.6754 0.00588235 1
71.5797 377.889 0.166667 0
71.5797 377.889 0.0168067 0
71.5797 377.889 0.00653595 0
36.7167 427.008 0.0588235 1
71.6847 378.491 0.010989 0
28.572 426.205 0.0566038 1
17.2109 435.533 0.00735294 1
108.928 441.051 0.0701754 1
18.542 419.203 0.056 1
71.2582 381.764 0.00588235 0
54.9452 466.581 0.00414938 1
26.296 459.251 0.0934066 1
44.3876 457.76 0.0037594 1
4.96257 432.77 0.0176471 1
18.1297 430.283 0.0168539 1
40.2525 444.998 0.0263158 1
36.0736 459.467 0.00684932 1
23.95 453.765 0.0823529 1
33.7748 458.984 0.180258 1
43.8679 464.962 0.0209424 1
23.0524 458.139 0.0873362 1
40.0697 468.536 0.00395257 1
49.9529 472.1 0.0106952 1
35.2391 463.239 0.00395257 1
32.1096 463.625 0.0122449 1
38.3683 473.731 0.0177778 1
41.1571 468.58 0.0224719 1
25.1999 469.499 0.00473934 1
6.20989 451.431 0.00434783 1
14.3425 458.969 0.0427807 1
6.45679 435.085 0.187879 1
32.4356 454.418 0.0334728 1
12.2019 443.474 0.258065 1
5.37392 432.961 0.0194175 1
67.1057 413.784 0.00649351 1
38.5567 444.796 0.0325581 1
47.3503 373.534 0.128655 1
21.3552 410.992 0.0120482 1
44.5668 416.711 0.00606061 1
8.25723 99.0202 0.159483 1
73.497 382.201 0.015873 0
46.2638 438.979 0.0813008 1
3.44401 431.97 0.0206186 1
22.2177 447.948 0.0119048 1
73.6904 382.649 0.0216216 0
73.6904 382.649 0.012987 0
39.3183 458.412 0.00793651 1
5.3136 428.946 0.0869565 1
55.5944 419.46 0.04 1
36.4426 434.425 0.00552486 1
11.9291 435.64 0.00581395 1
72.0318 452.463 0.0769231 1
28.5178 449.261 0.0151515 1
47.4568 445.094 0.0784314 1
17.2476 442.881 0.0070922 1
6.85906 443.282 0.0555556 1
5.22096 446.181 0.0657895 1
4.44596 387.898 0.0497512 1
9.02493 462.972 0.0731707 1
23.7868 445.031 0.0273438 1
14.1954 465.732 0.013245 1
27.3826 467.455 0.0154639 1
42.7545 459.267 0.0394737 1
38.9187 411.307 0.0508475 1
20.2638 441.115 0.0189573 1
4.38538 432.048 0.00389105 1
18.0003 441.359 0.00549451 1
5.56233 398.854 0.0827586 1
25.3477 91.735 0.0243902 1
74.2613 377.821 0.00653595 0
74.2613 377.821 0.015873 0
74.2613 377.821 0.0216216 0
74.2613 377.821 0.00534759 0
5.71423 96.9584 0.0917874 1
74.2882 378.049 0.0285714 0
11.8434 77.5543 0.0300752 1
74.2826 378.089 0.00534759 0
95.2212 446.453 0.00666667 1
74.1572 379.435 0.00769231 0
44.7935 405.476 0.141935 1
26.8076 411.971 0.112676 1
44.1049 437.499 0.0233918 1
119.956 455.326 0.0208333 1
94.7845 436.464 0.170213 1
97.7811 470.555 0.00813008 1
123.97 443.877 0.0105263 1
77.2338 454.413 0.0551724 1
109.39 485.357 0.03125 1
103.491 466.908 0.00641026 1
18.7372 464.018 0.015625 1
7.64563 485.055 0.0411765 1
87.7303 433.599 0.0352113 1
24.6236 473.866 0.0199005 1
12.3956 484.489 0.00404858 1
29.1675 470.951 0.0147059 1
19.8398 406.818 0.0130719 1
11.1412 451.893 0.0373444 1
27.705 460.805 0.00409836 1
5.22939 459.701 0.0100503 1
15.5081 446.028 0.00529101 1
27.3241 447.39 0.055 1
33.1444 441.684 0.0740741 1
7.86511 329.086 0.0343137 1
11.0608 90.7635 0.175 1
6.10367 99.106 0.0966543 1
4.67528 95.0996 0.239583 1
6.242 83.9162 0.0647059 1
72.3768 397.141 0.0285714 0
72.3768 397.141 0.125 0
93.3473 453.94 0.0689655 1
8.74329 456.619 0.0241935 1
43.3449 465.938 0.0384615 1
72.3789 398.155 0.010989 0
114.113 480.034 0.008 1
50.1091 448.921 0.0104167 1
8.41695 469.298 0.0151515 1
28.8253 473.398 0.246154 1
106.397 473.312 0.247312 1
110.267 491.482 0.0867052 1
96.2057 460.602 0.0394737 1
119.829 498.716 0.239316 1
102.135 505.833 0.00689655 1
109.043 506.333 0.0806452 1
38.1953 443.169 0.088 1
9.40723 482.586 0.0078125 1
95.0784 501.219 0.275132 1
24.6915 476.922 0.0181818 1
17.0335 486.608 0.0261438 1
40.1724 486.506 0.0625 1
4.35678 479.185 0.00813008 1
3.61175 481.027 0.00740741 1
80.5139 488.655 0.00653595 1
73.4742 451.832 0.0192308 1
2.73587 489.501 0.00492611 1
24.1054 490.331 0.00478469 1
5.16167 475.421 0.192593 1
44.8902 473.845 0.19214 1
14.4809 497.545 0.0275862 1
28.4712 497.739 0.026738 1
7.86567 485.072 0.0196078 1
43.0253 493.657 0.0060241 1
60.4505 446.034 0.047619 1
10.1275 468.915 0.115894 1
47.9833 416.808 0.105769 1
9.1905 379.996 0.028169 1
3.54846 98.0078 0.090535 1
0.670389 91.7735 0.0052356 1
69.9023 414.123 0.00769231 0
69.9023 414.123 0.125 0
69.9023 414.123 0.010989 0
69.9023 414.123 0.0689655 0
69.9023 414.123 0.0609756 0
70.9406 477.308 0.205128 1
20.3195 450.916 0.00854701 1
69.8833 414.413 0.0689655 0
69.8833 414.413 0.0268456 0
105.453 481.767 0.152381 1
23.1517 430.362 0.0625 1
36.5773 481.952 0.00689655 1
58.4656 496.755 0.0118343 1
49.4572 493.559 0.0497738 1
41.8663 499.234 0.0275862 1
9.81997 463.384 0.00487805 1
26.4029 496.448 0.0185185 1
7.40089 481.826 0.00507614 1
9.08649 480.391 0.0194175 1
55.8866 431.566 0.142857 1
6.65933 476.328 0.0810811 1
38.23 500.899 0.00465116 1
70.1627 442.597 0.142857 1
19.4299 500.48 0.049505 1
50.1182 409.696 0.311475 1
36.1503 498.715 0.00446429 1
36.0908 491.317 0.0169492 1
24.2152 466.33 0.0329218 1
17.0285 488.645 0.00763359 1
5.44661 476.402 0.0615385 1
19.6103 487.908 0.0174419 1
43.1692 483.391 0.0152284 1
32.0159 489.854 0.0652174 1
32.3834 477.753 0.0682927 1
7.46307 94.4229 0.100559 1
70.5274 416.669 0.103448 0
70.5274 416.669 0.00675676 0
70.5274 416.669 0.028777 0
70.5274 416.669 0.0609756 0
70.5274 416.669 0.103448 0
39.1556 433.173 0.0152672 1
70.6198 417.157 0.00675676 0
15.5236 471.514 0.00454545 1
24.0793 462.196 0.0289017 1
72.4821 442.818 0.0174419 1
24.5183 489.359 0.00719424 1
99.773 481.52 0.019802 1
36.7126 488.089 0.0619048 1
13.674 469.367 0.0225989 1
13.3706 486.729 0.0151515 1
30.9064 472.127 0.00507614 1
30.3864 502.439 0.0070922 1
55.7567 488.226 0.0181818 1
41.1666 497.638 0.00653595 1
22.6384 498.126 0.05 1
21.599 484.613 0.157609 1
48.425 488.382 0.0885417 1
30.9179 475.156 0.0538117 1
14.7564 493.716 0.01 1
44.7431 496.11 0.0607735 1
51.3879 498.385 0.0111732 1
16.6785 502.838 0.0185185 1
26.632 492.623 0.0555556 1
44.6962 500.211 0.259843 1
47.911 488.569 0.0267857 1
57.8371 450.296 0.0280374 1
15.7115 468.893 0.153374 1
53.8932 482.22 0.0444444 1
28.2619 460.406 0.0875 1
8.00947 477.142 0.133047 1
16.2829 457.596 0.00374532 1
23.6535 89.9249 0.0909091 1
4.45514 97.3235 0.0541872 1
6.69552 94.1681 0.163462 1
2.8667 94.8442 0.0410959 1
4.04506 87.4841 0.00390625 1
71.7502 417.612 0.0268456 0
71.7502 417.612 0.0143885 0
71.7502 417.612 0.011236 0
71.7502 417.612 0.00543478 0
71.7502 417.612 0.0143885 0
71.7502 417.612 0.028777 0
71.7502 417.612 0.011236 0
31.8861 472.011 0.0645161 1
86.2195 436.359 0.00813008 1
71.6171 418.755 0.00574713 0
24.2285 443.964 0.00909091 1
63.5547 449.4 0.0947368 1
16.3741 455.719 0.0429448 1
48.2238 477.603 0.0631579 1
108.237 496.937 0.0125 1
121.297 511.394 0.0718954 1
110.439 511.054 0.0248447 1
101.941 514.747 0.0322581 1
92.548 497.574 0.0403587 1
5.53771 468.25 0.00398406 1
11.9801 492.228 0.00930233 1
4.89859 504.001 0.00840336 1
19.558 486.118 0.0169492 1
8.57639 498.825 0.0301724 1
9.68927 499.738 0.0127119 1
14.5985 498.257 0.00884956 1
38.7048 495.892 0.0651163 1
45.8722 497.986 0.0196078 1
19.3328 491.416 0.0561798 1
27.9172 473.246 0.0621762 1
10.6975 473.809 0.0748663 1
41.3287 480.476 0.0273224 1
7.01627 482.689 0.100559 1
37.6203 487.625 0.0333333 1
28.088 487.686 0.0913706 1
31.1204 79.5235 0.0294118 1
7.46323 93.5169 0.0173913 1
3.8347 96.9951 0.0361991 1
0.854038 78.6581 0.048913 1
71.3234 421.981 0.092437 0
18.1191 450.39 0.037037 1
53.4847 503.297 0.02 1
42.6662 498.923 0.0176991 1
71.4838 422.541 0.00543478 0
71.4838 422.541 0.0388889 0
38.3934 469.916 0.184549 1
64.5107 455.906 0.0114943 1
122.841 510.518 0.00735294 1
115.8 517.259 0.00452489 1
114.325 514.029 0.0182927 1
104.562 509.76 0.102273 1
32.2355 447.143 0.00862069 1
62.417 472.388 0.0654206 1
99.8628 495.778 0.0277778 1
27.7846 471.367 0.00925926 1
37.8586 490.743 0.00714286 1
5.01354 502.178 0.0136364 1
36.4303 517.458 0.00413223 1
44.7903 508.421 0.025641 1
86.9934 487.873 0.0272727 1
33.8262 504.889 0.0291667 1
11.0307 499.965 0.00584795 1
21.669 468.04 0.0112994 1
21.4074 488.603 0.16055 1
9.77116 410.236 0.00534759 1
34.9924 96.0014 0.0540541 1
3.202 96.3938 0.0037594 1
70.5847 429.283 0.00574713 0
70.5847 429.283 0.092437 0
70.5847 429.283 0.0388889 0
70.5847 429.283 0.0814815 0
70.5847 429.283 0.0814815 0
70.5847 429.283 0.118644 0
13.1501 490.491 0.215909 1
92.0008 477.567 0.0609756 1
45.9003 496.897 0.0365854 1
30.6427 472.718 0.0529801 1
40.9676 487.629 0.00757576 1
69.7093 486.057 0.15 1
106.209 502.001 0.0285714 1
15.2582 474.448 0.146341 1
36.8838 493.978 0.0365854 1
51.7728 488.878 0.00671141 1
108.725 510.674 0.00775194 1
22.5007 477.613 0.00483092 1
79.6105 493.045 0.137255 1
45.7647 503.335 0.0194175 1
42.3951 520.642 0.00763359 0
42.3951 520.642 0.0987654 0
38.4837 518.043 0.0212766 0
60.0543 482.538 0.0392157 1
38.4602 518.326 0.00549451 0
25.8616 519.418 0.00613497 1
19.8748 489.294 0.00546448 1
34.7562 515.704 0.00628931 0
20.9897 514.024 0.00480769 1
31.3587 502.912 0.0418605 1
24.8853 496.41 0.00873362 1
35.2969 479.32 0.0078125 1
29.3251 467.573 0.124294 1
54.8407 481.953 0.0555556 1
19.7732 477.3 0.0083682 1
6.73886 95.5498 0.0131004 1
4.63862 96.7858 0.0944206 1
0.941473 92.9826 0.00393701 1
70.3315 434.017 0.118644 0
70.3315 434.017 0.0220588 0
35.3641 28.7775 0.0152672 0
70.3315 434.017 0.0230769 0
70.3315 434.017 0.0220588 0
66.7194 462.795 0.0594059 1
70.2613 434.751 0.00534759 0
9.43138 429.461 0.0128205 1
14.0054 490.324 0.173913 1
7.98373 488.04 0.110236 1
39.6054 476.586 0.0405405 1
19.1766 474.33 0.0606061 1
111.557 506.689 0.0106383 1
15.6749 491.001 0.00540541 1
71.2021 468.723 0.0447761 1
88.7417 473.664 0.114865 1
37.2061 516.921 0.00840336 1
23.8573 501.999 0.0134228 1
8.73557 505.033 0.0704225 1
2.19425 489.004 0.03125 1
42.1865 521.512 0.0247934 0
42.1865 521.512 0.231707 0
5.59038 494.263 0.0222222 1
21.7268 500.941 0.0150376 1
42.2199 520.829 0.00763359 0
42.2199 520.829 0.0987654 0
42.2199 520.829 0.0247934 0
42.2199 520.829 0.231707 0
4.53153 2.59835 0.406504 1
40.132 515.743 0.00847458 0
40.132 515.743 0.0212766 0
40.132 515.743 0.00549451 0
40.132 515.743 0.11828 0
5.51099 7.55668 0.2 1
39.7925 513.331 0.0534351 0
45.538 13.0867 0.00775194 0
35.9913 5.01583 0.0265487 0
70.432 15.151 0.00520833 0
39.7925 513.331 0.11828 0
7.06221 2.46879 0.127907 1
35.0896 0.449089 0.0229885 0
38.2794 507.866 0.25 0
38.2794 507.866 0.0813954 0
8.30624 500.244 0.00970874 1
16.4856 508.021 0.0689655 1
8.35252 478.843 0.152542 1
38.2889 507.12 0.00628931 0
38.2889 507.12 0.0813954 0
13.5716 86.538 0.091954 1
37.3355 476.64 0.0714286 0
37.3355 476.64 0.0166667 0
37.3355 476.64 0.112069 0
39.3847 28.7238 0.02 0
53.5004 37.3819 0.00952381 0
37.3355 476.64 0.0180723 0
37.3355 476.64 0.208696 0
39.3847 28.7238 0.10101 0
37.3355 476.64 0.0347222 0
53.5004 37.3819 0.0192308 0
41.2523 28.2827 0.0952381 0
37.3355 476.64 0.0180723 0
54.5723 504.793 0.0271739 1
4.01305 505.357 0.00609756 1
48.9474 510.057 0.010989 1
9.58627 480.975 0.0179641 1
45.149 493.732 0.0129032 1
7.61854 461.545 0.00406504 1
28.4633 508.715 0.003663 1
43.4812 501.574 0.020202 1
14.6015 458.864 0.00571429 1
2.79546 454.305 0.00625 1
33.6811 95.9808 0.025641 1
3.81954 96.6364 0.0506329 1
1.69179 96.0255 0.02 1
70.39 433.584 0.0152672 0
70.39 433.584 0.00549451 0
61.7495 516.59 0.0795455 1
70.3262 434.098 0.0230769 0
49.1179 521.026 0.25641 1
57.39 518.223 0.163265 1
105.027 499.432 0.0075188 1
43.4843 475.063 0.123188 1
39.2503 503.796 0.0375 1
27.8156 490.01 0.0933333 1
43.7387 503.527 0.0078125 1
3.95356 499.428 0.031746 1
27.4622 494.789 0.00735294 1
43.8067 493.173 0.109453 1
30.1282 506.967 0.00588235 1
47.3044 505.49 0.131313 1
23.1108 511.31 0.0184332 1
40.173 498.979 0.0847458 1
99.617 513.32 0.00555556 1
43.388 509.366 0.00787402 1
18.6933 506.103 0.0137931 1
37.702 479.056 0.00847458 0
37.702 479.056 0.0534351 0
34.1466 516.675 0.00966184 1
37.7544 478.735 0.00775194 0
47.8314 511.504 0.133333 1
20.7527 508.149 0.0428571 1
37.8078 478.542 0.0265487 0
37.8078 478.542 0.0229885 0
33.3355 505.898 0.0231214 1
37.8622 478.215 0.25 0
37.8622 478.215 0.0714286 0
37.8622 478.215 0.0166667 0
6.2317 506.939 0.0454545 1
50.5447 503.613 0.131148 1
21.9306 515.716 0.0583942 1
37.9426 478.148 0.112069 0
37.9426 478.148 0.208696 0
49.7578 503.555 0.0625 1
38.0135 478.462 0.02 0
38.0135 478.462 0.10101 0
26.3581 521.611 0.149171 1
30.2382 520.416 0.076087 1
35.7891 521.455 0.0896861 1
38.1186 477.763 0.0347222 0
20.2101 458.222 0.0133333 1
11.0495 492.623 0.0465116 1
53.4725 501.876 0.205405 1
23.0955 478.965 0.013245 1
20.8461 487.684 0.242915 1
9.87539 83.6412 0.0136054 1
6.32887 95.4044 0.0530973 1
71.4864 434.814 0.00534759 0
71.4864 434.814 0.00549451 0
71.4864 434.814 0.109195 0
3.31133 87.4776 0.103139 1
12.3934 478.092 0.0178571 1
48.8591 511.581 0.01875 1
25.9856 488.192 0.0169492 1
5.8467 512.673 0.0566038 1
111.102 511.603 0.0078125 1
35.2107 505.769 0.00675676 1
81.4088 486.873 0.0105263 1
122.414 525.65 0.00568182 1
112.845 517.462 0.016129 1
34.6087 482.497 0.037037 1
116.246 527.53 0.00775194 1
9.10661 493.391 0.0503145 1
37.8846 481.549 0.00520833 0
12.8197 469.388 0.0260417 1
6.08922 490.73 0.0123457 1
33.7962 503.418 0.0562771 1
37.9391 480.708 0.00952381 0
37.9391 480.708 0.0192308 0
9.23119 464.92 0.0101523 1
39.3058 509.647 0.0858369 1
38.0147 480.066 0.0952381 0
16.5636 519.323 0.110236 1
43.6168 503.333 0.0367647 1
27.4838 438.032 0.045977 1
48.0517 506.622 0.057377 1
28.8557 506.053 0.0128205 1
39.4818 456.26 0.0230769 1
1.68273 94.3213 0.0338462 1
6.64006 93.2322 0.00333333 1
3.65887 93.9671 0.0204778 1
71.4041 438.538 0.0196078 0
71.4041 438.538 0.109195 0
71.4041 438.538 0.0196078 0
71.4041 438.538 0.0852713 0
17.9408 493.44 0.03125 1
43.8858 491.514 0.125 1
52.8934 507.008 0.0543933 1
9.43059 489.751 0.0103093 1
88.186 467.821 0.168224 1
29.1604 489.673 0.00980392 1
22.0912 518.899 0.0535714 1
129.607 528.063 0.0186335 1
111.525 521.676 0.0337838 1
119.436 532.393 0.0075188 1
36.5287 472.345 0.0107527 1
105.014 523.79 0.0638298 1
95.4752 529.627 0.317365 1
107.455 532.289 0.0182927 1
70.4895 512.998 0.0458716 1
84.3245 525.212 0.016 1
47.8131 513.192 0.0277778 1
64.3041 510.355 0.0217391 1
96.2941 527.758 0.015748 1
102.345 530.065 0.0125 1
106.977 541.128 0.0169492 1
93.824 511.191 0.0198676 1
96.9792 531.409 0.0595238 1
27.6861 452.35 0.117647 1
29.1532 521.921 0.0320856 1
39.0371 515.72 0.0326531 1
4.0555 491.668 0.0373832 1
8.45384 516.753 0.0180723 1
19.5978 502.492 0.0600858 1
33.4843 94.5054 0.107143 1
0.854826 94.9346 0.161943 1
2.376 93.8531 0.073913 1
3.2827 86.6035 0.05 1
69.5156 455.316 0.0852713 0
69.5156 455.316 0.115044 0
69.5156 455.316 0.115044 0
25.8196 525.914 0.027027 1
43.7205 500.459 0.0941704 1
9.54327 498.09 0.00961538 1
26.1624 516.477 0.1 1
46.4863 513.192 0.00606061 1
88.3832 514.082 0.0070922 1
12.8229 519.985 0.0515464 1
62.3293 508.573 0.107692 1
56.6481 510.059 0.0107527 1
102.051 523.581 0.107143 1
81.6981 507.464 0.0228571 1
63.8181 444.863 0.0534351 1
21.4859 494.435 0.0928571 1
45.0322 523.977 0.00473934 1
58.9546 524.233 0.010582 1
50.7472 535.179 0.0106383 1
18.1455 525.731 0.0555556 1
8.09789 507.178 0.10929 1
23.1494 535.37 0.0362903 1
38.1927 517.269 0.0697674 1
31.2841 502.153 0.0987654 1
2.64394 94.0729 0.00819672 1
31.1991 93.5761 0.028777 1
4.42974 95.1117 0.182879 1
1.42825 94.3584 0.00843882 1
69.6793 458.139 0.130841 0
50.0493 533.003 0.00775194 1
50.4823 537.503 0.0714286 0
11.1406 508.866 0.0143885 1
55.3028 539.804 0.0237154 1
106.631 533.812 0.00584795 1
19.4598 484.579 0.056962 1
48.3963 502.239 0.0127389 1
22.7142 511.561 0.0108696 1
8.64371 522.98 0.00724638 1
42.9552 518.66 0.0826446 1
2.36575 519.513 0.00694444 1
30.0296 519.611 0.00595238 1
23.6755 523.267 0.0471698 1
4.72677 510.659 0.00862069 1
21.128 513.815 0.00729927 1
13.1216 501.993 0.0108696 1
24.8234 512.245 0.00471698 1
11.0351 503.972 0.0735294 1
16.9967 515.668 0.064 1
50.2592 499.403 0.036036 1
32.9745 513.04 0.00621118 1
1.45136 502.489 0.0694444 1
10.3795 484.008 0.0420168 1
38.3508 498.385 0.0229358 1
19.1025 519.998 0.0144928 1
36.4145 534.915 0.149606 1
44.7488 530.698 0.0451613 1
3.84813 521.281 0.162162 1
29.6952 527.554 0.09 1
7.67 508.478 0.050505 1
17.6514 523.84 0.0060241 1
27.4882 514.839 0.0299625 1
6.24365 511.557 0.0379147 1
7.00218 91.9255 0.00826446 1
3.86434 93.7695 0.153257 1
70.4416 454.695 0.130841 0
70.4416 454.695 0.00900901 0
19.4936 78.8338 0.0550459 1
3.07658 88.3962 0.0397727 1
70.4207 454.838 0.00900901 0
70.4207 454.838 0.15625 0
70.4207 454.838 0.0839695 0
46.8316 525.946 0.0807175 1
27.8895 521.652 0.0182927 1
47.9251 520.928 0.0865801 1
105.199 517.173 0.150794 1
68.3823 501.266 0.008 1
36.7663 514.689 0.0217391 1
105.453 523.071 0.0169492 1
40.7773 503.076 0.0337079 1
125.913 531.464 0.00540541 1
47.5726 527.655 0.175325 1
90.0553 521.704 0.00900901 1
60.0683 529.558 0.0917431 1
41.7323 523.601 0.129464 1
42.9753 529.388 0.0155039 1
104.364 536.903 0.0120482 1
58.5874 494.895 0.00847458 1
20.2836 495.421 0.00653595 1
97.4445 534.008 0.00806452 1
1.38415 459.638 0.179775 1
53.676 526.896 0.174603 1
40.5513 530.585 0.0824742 1
28.2677 533.559 0.0128205 1
22.0833 536.669 0.00588235 1
54.7097 534.663 0.0134228 1
9.76413 534.222 0.0115607 1
33.1835 544.026 0.00510204 1
12.3904 536.634 0.0617284 1
20.7914 494.532 0.0515464 1
50.5173 536.987 0.0107527 1
6.0987 432.017 0.118705 1
4.0845 93.2231 0.0595238 1
32.5999 93.2368 0.0294118 1
1.05589 94.0279 0.0854701 1
3.64041 92.2023 0.00420168 1
70.2691 463.684 0.0714286 0
70.2691 463.684 0.15625 0
70.2691 463.684 0.0839695 0
70.2691 463.684 0.0163934 0
70.2691 463.684 0.0434783 0
66.086 550.414 0.0232558 0
10.5756 530.448 0.0526316 1
43.1833 530.621 0.122449 1
24.9778 527.733 0.050505 1
42.8343 521.712 0.00645161 1
70.3509 463.374 0.0163934 0
70.3509 463.374 0.010582 0
26.5025 474.241 0.192661 1
91.2807 497.725 0.0103093 1
8.50813 482.186 0.0141844 1
118.228 520.151 0.037037 1
73.4872 540.928 0.0108696 1
113.443 551.132 0.303279 1
95.5316 526.978 0.029703 1
109.094 539.852 0.0205479 1
99.3322 545.2 0.00917431 1
94.3036 539.644 0.0333333 1
54.4818 549.865 0.248848 1
92.9254 535.552 0.0045045 1
80.211 493.437 0.0325581 1
42.8095 519.062 0.0640569 1
35.7606 542.337 0.0494506 1
14.0843 526.312 0.0544218 1
22.5906 458.477 0.018018 1
24.9152 514.758 0.0126582 1
35.1466 531.063 0.0199005 1
6.32614 92.038 0.266055 1
31.0049 91.8813 0.0121951 1
3.3113 93.0695 0.00416667 1
3.81641 92.8576 0.0389105 1
69.3336 471.475 0.0434783 0
69.3336 471.475 0.010582 0
8.23001 86.2745 0.037037 1
69.3248 471.473 0.0102041 0
5.67427 84.6617 0.0283688 1
69.3146 471.532 0.0232558 0
12.7565 79.2091 0.0394737 1
69.3061 471.541 0.060241 0
69.3061 471.541 0.0212766 0
8.89754 537.557 0.15873 1
6.18237 505.069 0.105769 1
13.5598 512.696 0.198953 1
35.1826 513.8 0.015 1
49.7707 540.25 0.148148 1
130.984 549.36 0.151042 1
35.9734 493.516 0.0457143 1
121.638 542.736 0.181034 1
81.7547 547.087 0.0227273 1
27.7685 532.328 0.0172414 1
31.088 548.271 0.0151515 1
62.4826 540.711 0.0442478 1
21.8235 529.834 0.034188 1
3.11204 536.239 0.0070922 1
64.2228 539.097 0.2 1
55.9232 514.958 0.00819672 1
9.98016 530.179 0.00746269 1
3.94653 537.399 0.0855263 1
22.4716 547.449 0.0160428 1
52.734 541.55 0.00540541 1
31.1459 533.938 0.00714286 1
18.9162 547.042 0.0394089 1
8.25887 92.3907 0.194093 1
2.6643 93.2355 0.0432432 1
1.57174 91.8978 0.0148515 1
3.47796 92.457 0.107317 1
68.9025 481.627 0.00763359 0
4.72035 92.2737 0.0510638 1
68.8913 481.787 0.0102041 0
68.8913 481.787 0.00763359 0
68.8913 481.787 0.2 0
68.8913 481.787 0.153846 0
25.8283 540.414 0.0606061 1
20.6987 538.635 0.00617284 1
34.8171 554.712 0.0789474 1
54.8146 515.334 0.0860215 1
30.1139 499.172 0.00662252 1
41.9042 542.663 0.0136364 1
2.36353 545.994 0.0247934 1
45.2146 541.492 0.0576923 1
21.6826 534.386 0.137931 1
53.261 485.529 0.0515464 1
8.07699 540.63 0.0365854 1
31.5901 537.079 0.0242424 1
6.94467 504.444 0.0227273 1
37.6779 500.552 0.148936 1
50.6421 537.174 0.0309278 1
17.4602 531.825 0.310044 1
29.4048 530.903 0.0487805 1
19.4921 533.534 0.0225564 1
6.94128 495.636 0.0162602 1
37.4331 511.097 0.031746 1
26.8384 522.273 0.0162162 1
43.4252 531.488 0.132576 1
31.8808 549.7 0.015544 1
43.4395 539.976 0.0514019 1
70.7031 513.215 0.0634921 1
5.60884 91.2061 0.0375 1
28.8271 86.3452 0.0909091 1
1.25471 91.9058 0.00873362 1
3.46772 91.8947 0.1 1
3.10881 91.3925 0.00534759 1
3.82623 91.8983 0.00892857 1
69.4119 480.219 0.060241 0
69.4119 480.219 0.2 0
8.10686 88.208 0.0314465 1
69.3928 480.299 0.0131579 0
69.3928 480.299 0.0212766 0
69.3928 480.299 0.153846 0
69.3928 480.299 0.0483871 0
69.3928 480.299 0.45 0
69.3928 480.299 0.0136054 0
8.78261 80.4384 0.0519481 1
69.3784 480.324 0.0483871 0
41.7491 532.244 0.00578035 1
15.9601 448.628 0.0181818 1
99.0574 525.976 0.00694444 1
12.2103 516.552 0.0116959 1
19.1026 529.227 0.00675676 1
54.3353 547.599 0.00529101 1
27.7309 539.342 0.038674 1
13.6047 491.361 0.170213 1
67.3247 524.036 0.0147059 1
108.174 554.489 0.016 1
53.1662 536.465 0.0165289 1
31.6612 528.233 0.0308642 1
130.715 558.686 0.0192308 1
42.4426 546.362 0.201878 1
58.9194 548.244 0.05 1
31.5916 542.51 0.0103093 1
51.3426 551.188 0.0246305 1
12.5206 553.812 0.0283019 1
40.5444 534.74 0.00947867 1
9.00239 560.092 0.0466667 1
17.5386 542.123 0.0045045 1
40.0403 531.594 0.015625 1
23.6309 502.25 0.201031 1
11.1666 543.908 0.0304878 1
27.4773 526.544 0.0873016 1
7.50455 89.5489 0.0284091 1
25.6633 81.1845 0.00621118 1
3.08911 91.8395 0.234234 1
1.39355 91.5263 0.13 1
6.87645 90.6202 0.0419847 1
69.5143 484.324 0.017094 0
11.37 88.5626 0.00699301 1
69.5088 484.338 0.0131579 0
69.5088 484.338 0.45 0
69.5088 484.338 0.017094 0
30.8833 550.852 0.0322581 1
69.5037 484.343 0.0136054 0
35.467 541.19 0.0126582 1
40.1497 554.771 0.0171429 1
49.0227 531.112 0.12973 1
120.278 565.088 0.0569106 1
102.226 542.401 0.0125 1
118.837 549.301 0.0232558 1
97.0871 546.046 0.0410256 1
111.645 565.187 0.0108696 1
94.9617 534.842 0.008 1
35.5546 544.496 0.0138889 1
96.7811 551.908 0.0167598 1
91.3676 546.667 0.00529101 1
27.3549 561.605 0.0207469 1
83.0551 502.583 0.00518135 1
40.8319 553.684 0.241007 1
27.118 556.965 0.0075188 1
11.4683 536.813 0.0144928 1
3.94652 549.547 0.119497 1
51.4669 552.44 0.0292398 1
26.2005 549.744 0.0239234 1
35.2744 532.864 0.00534759 1
27.6577 497.181 0.0235294 1
28.5946 541.636 0.134884 1
19.057 538.918 0.00840336 1
6.81243 88.7348 0.0191083 1
3.96882 90.1235 0.0539216 1
5.92372 87.502 0.00649351 1
4.93956 91.001 0.0373832 1
1.31781 91.1986 0.0127389 1
2.91876 90.0834 0.0696203 1
3.31993 90.3851 0.03 1
68.7214 491.376 0.0852713 0
68.7214 491.376 0.00531915 0
68.7214 491.376 0.132353 0
8.53668 85.2665 0.0397727 1
6.77106 89.8419 0.0258621 1
68.6882 491.522 0.0852713 0
53.376 555.212 0.0765027 1
68.7722 491.715 0.0203046 0
19.3885 550.466 0.0113636 1
5.76396 516.343 0.00793651 1
68.7735 491.529 0.00531915 0
71.816 508.099 0.0592593 1
18.7189 514.477 0.135135 1
15.3718 554.803 0.0204082 1
112.879 558.207 0.231959 1
59.9451 540.232 0.0141844 1
20.0283 531.99 0.00671141 1
23.5518 535.905 0.0364963 1
61.6961 538.876 0.0173913 1
68.9283 555.46 0.0932203 1
18.0558 525.621 0.0070922 1
44.7882 548.583 0.035461 1
17.3309 542.315 0.00649351 1
68.7144 529.405 0.0792079 1
45.7403 536.793 0.12069 1
19.8485 538.672 0.0106383 1
22.5433 549.919 0.0588235 1
3.85498 554.453 0.0243902 1
5.39198 543.596 0.0194175 1
41.4862 525.825 0.0138889 1
23.5668 557.661 0.0776699 1
45.1678 555.477 0.0904977 1
31.0775 550.649 0.00471698 1
43.6664 550.983 0.0123457 1
7.00707 553.499 0.135714 1
3.41985 545.609 0.023622 1
5.32687 89.2691 0.0220588 1
0.768099 89.8057 0.0322581 1
1.9958 89.3067 0.00526316 1
7.24805 89.6221 0.246305 1
68.6045 492.254 0.132353 0
68.6045 492.254 0.0147059 0
68.6045 492.254 0.00438596 0
58.7082 570.512 0.0124224 0
87.6903 504.904 0.00671141 1
58.6631 570.85 0.0122699 0
102.917 561.57 0.305882 1
34.2741 556.006 0.00763359 1
53.573 546.32 0.0954774 1
27.6031 541.605 0.0191083 1
67.709 536.819 0.0561798 1
6.63757 535.842 0.0390625 1
39.3014 535.825 0.101449 1
24.0416 531.278 0.0892857 1
43.5063 499.769 0.013245 1
57.4472 529.698 0.0503597 1
10.5294 543.907 0.0666667 1
22.0591 556.522 0.027933 1
30.4827 559.151 0.0670732 1
14.212 551.101 0.00740741 1
45.2338 549.159 0.028777 1
38.4405 533.77 0.104167 1
4.29343 554.063 0.0503597 1
12.8031 533.073 0.0322581 1
14.4885 545.438 0.0200803 1
29.4582 540.664 0.0205128 1
32.4999 554.385 0.194553 1
7.3156 532.263 0.190244 1
8.82377 86.4567 0.0538462 1
23.8338 80.7474 0.0119048 1
2.88562 89.1417 0.00495049 1
4.92937 89.0415 0.0178571 1
12.573 78.0135 0.015625 1
6.2632 88.8035 0.0263158 1
8.75189 86.0677 0.141509 1
69.0134 491.199 0.0203046 0
69.0134 491.199 0.0147059 0
69.0134 491.199 0.00438596 0
69.0134 491.199 0.0666667 0
69.0134 491.199 0.0666667 0
69.0134 491.199 0.117647 0
31.8881 511.711 0.0333333 1
77.6264 533.961 0.0512821 1
68.9712 491.483 0.00657895 0
30.2522 516.449 0.0555556 1
68.9809 491.408 0.00943396 0
48.3056 530.036 0.0808824 1
3.83353 508.084 0.0222222 1
24.9866 525.143 0.0703125 1
34.1565 554.23 0.0184049 1
49.7649 520.631 0.00938967 1
112.047 548.74 0.00806452 1
61.679 545.43 0.0190476 1
100.347 562.825 0.0157895 1
113.05 564.021 0.0060241 1
42.8602 564.795 0.0490798 0
40.4493 572.703 0.00591716 0
42.8602 564.795 0.0124224 0
40.4493 572.703 0.00598802 0
33.2713 546.665 0.020979 1
42.212 549.604 0.048913 1
42.8705 564.75 0.00819672 0
40.4577 572.658 0.0078125 0
40.4577 572.658 0.0116279 0
36.7342 565.501 0.0179641 0
24.9781 556.037 0.0424242 1
16.1211 548.221 0.11413 1
6.28983 546.833 0.00641026 1
38.8103 536.868 0.00826446 1
41.4043 501.586 0.0273973 1
10.0918 554.963 0.0396825 1
27.7543 551.755 0.0037594 1
24.2339 533.711 0.063197 1
6.72325 86.528 0.0813954 1
3.5092 88.8501 0.0152284 1
4.98505 88.4246 0.00680272 1
1.35528 88.8419 0.0145631 1
2.73308 88.31 0.00505051 1
2.62503 88.5544 0.0274725 1
1.00346 87.7644 0.00540541 1
4.28063 88.4942 0.0869565 1
68.8768 493.658 0.0124224 0
68.8768 493.658 0.0122699 0
68.8768 493.658 0.117647 0
68.8768 493.658 0.00943396 0
68.8768 493.658 0.0196078 0
68.8768 493.658 0.0104167 0
68.8768 493.658 0.0196078 0
68.8768 493.658 0.0215054 0
56.6762 571.576 0.00869565 0
64.9463 580.574 0.016 0
54.2008 560.157 0.236842 0
56.6762 571.576 0.0106383 0
54.2008 560.157 0.145455 0
36.829 492.759 0.0190476 1
104.486 552.281 0.111111 1
23.6103 541.45 0.00806452 1
20.3061 468.128 0.0309278 1
42.9321 563.376 0.224138 0
60.8434 535.431 0.0232558 1
100.433 528.403 0.0175439 1
42.8576 564.13 0.0490798 0
42.8576 564.13 0.0124224 0
42.8576 564.13 0.00819672 0
42.8576 564.13 0.224138 0
4.29367 7.90815 0.293478 1
41.6597 562.179 0.0140845 0
41.6597 562.179 0.034188 0
41.6597 562.179 0.00591716 0
41.6597 562.179 0.00598802 0
41.6597 562.179 0.0078125 0
41.6597 562.179 0.0116279 0
41.6597 562.179 0.148649 0
43.545 33.8505 0.106195 0
41.6597 562.179 0.021978 0
6.97175 2.70216 0.16129 1
40.0142 553.226 0.148649 0
55.5115 528.328 0.0337079 1
82.4872 538.254 0.0243902 1
39.9399 554.18 0.15942 0
39.9399 554.18 0.0181818 0
32.5905 564.469 0.00869565 0
39.9399 554.18 0.00588235 0
32.5905 564.469 0.0285714 0
32.5905 564.469 0.0479452 0
28.4669 553.543 0.0496454 0
32.5905 564.469 0.00666667 0
28.4669 553.543 0.00689655 0
28.4669 553.543 0.0432099 0
29.2204 541.094 0.00881057 1
44.0586 549.825 0.0333333 1
16.4751 551.384 0.0612245 1
10.1738 501.87 0.012987 1
2.58751 539.911 0.00881057 1
31.0303 552.598 0.0297398 1
12.6558 519.856 0.008 1
24.1327 81.4945 0.0243902 1
4.09454 88.4916 0.0378378 1
2.57208 87.5527 0.0752688 1
3.17902 87.8215 0.0504202 1
2.69941 87.6826 0.0350877 1
6.4452 87.6997 0.00507614 1
11.242 86.2175 0.00492611 1
8.43038 86.5479 0.0564103 1
7.51215 86.7226 0.0291667 1
68.6314 495.067 0.00657895 0
68.6314 495.067 0.0215054 0
15.2658 77.4113 0.0193237 1
68.6064 494.998 0.0111111 0
16.6119 66.0617 0.047619 1
68.5952 494.99 0.00869565 0
68.5952 494.99 0.0106383 0
68.5952 494.99 0.0183486 0
68.5952 494.99 0.0130719 0
68.5952 494.99 0.00769231 0
12.762 80.2353 0.422619 1
46.1709 14.1199 0.0338983 0
68.5625 494.967 0.0104167 0
68.5625 494.967 0.0111111 0
68.5625 494.967 0.0183486 0
68.5625 494.967 0.00840336 0
68.5625 494.967 0.142857 0
68.5625 494.967 0.0130719 0
27.2198 509.086 0.00740741 1
4.7407 516.274 0.00746269 1
54.5212 468.889 0.0108696 1
42.3182 521.448 0.00444444 1
12.8409 504.039 0.02 1
39.9758 553.176 0.0140845 0
11.5351 493.043 0.026087 1
33.1071 524.805 0.0465116 1
12.1571 550.329 0.0152672 1
15.2846 538.946 0.0222222 1
40.0128 552.332 0.034188 0
40.0128 552.332 0.106195 0
33.8754 519.198 0.0654206 1
28.1122 565.182 0.00546448 1
40.0282 552.12 0.021978 0
40.0282 552.12 0.019802 0
44.9143 543.956 0.00847458 1
74.877 531.421 0.0854701 1
10.1833 538.554 0.0444444 1
39.9757 552.693 0.0179641 0
39.9757 552.693 0.15942 0
39.9757 552.693 0.0181818 0
39.9757 552.693 0.00588235 0
39.9757 552.693 0.019802 0
8.63832 10.2894 0.182796 1
38.257 547.395 0.0380952 0
38.257 547.395 0.00961538 0
38.257 547.395 0.00869565 0
38.257 547.395 0.0285714 0
38.257 547.395 0.0479452 0
38.257 547.395 0.00666667 0
38.257 547.395 0.0363636 0
10.5689 4.66211 0.236559 1
36.4515 538.463 0.0183486 0
34.4136 33.6008 0.017094 0
60.4931 6.14229 0.00877193 0
36.4515 538.463 0.0380952 0
36.4515 538.463 0.0363636 0
3.63839 531.212 0.3 1
30.5542 504.693 0.0232558 1
71.8288 532.206 0.0873016 1
36.3835 522.369 0.0346821 1
48.4123 535.502 0.0181818 1
13.7273 522.719 0.013245 1
36.4946 538.486 0.0496454 0
36.4946 538.486 0.00689655 0
36.4946 538.486 0.0432099 0
36.4946 538.486 0.0378788 0
36.4946 538.486 0.0357143 0
36.4946 538.486 0.0275229 0
36.4946 538.486 0.0130719 0
36.4946 538.486 0.0378788 0
21.6075 547 0.0392157 1
7.65485 509.422 0.0047619 1
6.84474 84.4563 0.112821 1
6.13326 85.7133 0.0447761 1
1.29985 88.0254 0.0243902 1
0.942554 87.8216 0.0228571 1
4.54448 87.2279 0.00754717 1
5.98193 87.7289 0.0510204 1
9.43732 86.8171 0.0787037 1
12.074 79.6835 0.014218 1
68.6666 494.204 0.016 0
68.6666 494.204 0.00840336 0
68.6666 494.204 0.236842 0
68.6666 494.204 0.145455 0
68.6666 494.204 0.142857 0
68.6666 494.204 0.021978 0
68.6666 494.204 0.0379747 0
68.6666 494.204 0.00769231 0
68.6666 494.204 0.021978 0
68.6666 494.204 0.00617284 0
99.9128 539.253 0.00884956 1
6.27114 531.825 0.159292 1
46.9728 531.026 0.025641 1
46.829 536.981 0.02 1
28.9886 537.248 0.0246305 1
91.1796 553.267 0.057377 1
110.949 562.91 0.0155039 1
41.3519 539.462 0.272727 1
70.6104 529.043 0.0178571 1
43.4549 555.799 0.00819672 0
43.4549 555.799 0.0176991 0
43.4549 555.799 0.0147059 0
14.5332 534.025 0.0251572 1
40.2384 560.582 0.0148148 0
42.4722 556.445 0.0185185 1
35.3973 553.661 0.010101 0
36.4509 538.491 0.00961538 0
36.4509 538.491 0.0183486 0
36.4509 538.491 0.017094 0
36.4509 538.491 0.0357143 0
42.6536 561.064 0.0176471 1
33.6678 566.926 0.00543478 1
36.5026 538.18 0.00877193 0
36.5026 538.18 0.0275229 0
36.5026 538.18 0.0130719 0
48.3722 562.135 0.0597826 1
13.8391 549.765 0.0253807 1
45.469 536.146 0.0304878 1
26.4001 538.08 0.181373 1
26.8708 535.462 0.0814815 1
44.0343 559.388 0.00568182 1
47.537 528.003 0.032 1
8.47903 537.393 0.038835 1
14.9116 553.788 0.327778 1
32.5845 570.165 0.0188679 1
26.2691 62.2442 0.030303 1
3.26024 86.2906 0.0372671 1
3.05628 86.4901 0.0526316 1
6.58299 87.3871 0.101695 1
2.7485 86.5406 0.0607477 1
3.92709 85.835 0.053719 1
8.11919 87.1903 0.0555556 1
9.97993 86.4893 0.0611354 1
68.7463 494.183 0.00617284 0
68.7463 494.183 0.0533333 0
68.7463 494.183 0.0397351 0
68.7463 494.183 0.00694444 0
68.7463 494.183 0.0338983 0
68.7463 494.183 0.0379747 0
68.7463 494.183 0.0533333 0
6.88705 544.659 0.00990099 1
81.1698 550.364 0.1875 1
49.5113 550.125 0.00558659 1
29.9114 541.364 0.00546448 1
62.3091 479.645 0.0333333 1
43.671 554.539 0.0217391 0
33.7596 550.102 0.0808081 1
43.6619 554.592 0.25 0
76.6307 533.673 0.0517241 1
1.99685 530.98 0.0215054 1
17.6592 550.693 0.0194175 1
43.6392 554.583 0.00819672 0
43.6392 554.583 0.0176991 0
43.6392 554.583 0.0147059 0
43.6392 554.583 0.0217391 0
43.6392 554.583 0.25 0
43.6392 554.583 0.0144928 0
43.6392 554.583 0.010101 0
4.79951 4.87103 0.115942 1
42.1274 548.941 0.0597015 0
61.8801 520.394 0.0512821 1
42.1007 549.266 0.0144928 0
42.1007 549.266 0.0218978 0
35.5088 552.932 0.00729927 0
42.1007 549.266 0.00653595 0
35.5088 552.932 0.0196078 0
35.5088 552.932 0.0178571 0
35.5088 552.932 0.00684932 0
32.5393 552.466 0.0344828 0
11.4856 533.116 0.0649351 1
32.537 552.401 0.00729927 0
31.9372 469.742 0.0125 1
12.0922 549.423 0.0185185 1
11.5135 536.773 0.0168539 1
40.1461 559.773 0.0301508 1
26.8099 549.459 0.0875 1
7.16362 532.823 0.0318471 1
39.4628 509.737 0.108434 1
15.8618 526.17 0.112782 1
6.88336 79.3904 0.0761905 1
1.39905 84.9977 0.0255102 1
6.44983 85.2192 0.0406504 1
3.60342 86.0964 0.184669 1
2.71139 86.0522 0.00495049 1
5.51679 85.4822 0.0201342 1
6.30536 85.3436 0.123529 1
8.22509 85.0174 0.0571429 1
68.799 494.382 0.0568182 0
68.799 494.382 0.0118343 0
68.799 494.382 0.00571429 0
13.4998 74.4744 0.102326 1
68.7669 494.342 0.0397351 0
68.7669 494.342 0.0568182 0
68.9768 526.774 0.0119048 1
22.0524 529.838 0.00970874 1
109.262 557.728 0.00990099 1
34.9498 503.531 0.131579 1
68.695 494.812 0.00694444 0
68.695 494.812 0.0118343 0
7.73754 510.06 0.0206186 1
68.6914 494.712 0.00571429 0
68.6914 494.712 0.0285714 0
52.0321 569.27 0.00578035 0
42.0706 548.413 0.010101 0
40.958 529.421 0.164557 1
46.9001 570.29 0.0367647 0
32.1174 553.794 0.0357143 1
42.0942 548.309 0.0217391 0
37.9053 549.204 0.0680272 1
17.9067 556.35 0.0318471 1
6.8726 540.927 0.134615 1
42.1326 547.838 0.0148148 0
42.1326 547.838 0.0597015 0
42.1326 547.838 0.0218978 0
42.1326 547.838 0.00653595 0
42.1326 547.838 0.0217391 0
42.1326 547.838 0.0632911 0
7.98096 3.66653 0.102941 1
40.1173 538.834 0.0632911 0
67.4086 523.75 0.091954 1
40.0908 539.176 0.101266 0
5.71861 522.259 0.0606061 1
27.0558 541.358 0.0251572 1
40.1136 538.712 0.0131579 0
32.5555 550.916 0.0266667 0
58.6827 536.74 0.0470588 1
40.0887 539.031 0.010101 0
40.0887 539.031 0.00729927 0
40.0887 539.031 0.0196078 0
40.0887 539.031 0.0178571 0
40.0887 539.031 0.00684932 0
40.0887 539.031 0.101266 0
40.0887 539.031 0.0131579 0
8.98848 12.2037 0.119403 1
38.4963 533.192 0.0344828 0
38.4963 533.192 0.00729927 0
38.4963 533.192 0.0266667 0
38.4963 533.192 0.0921053 0
38.4963 533.192 0.0449438 0
38.4963 533.192 0.0266667 0
38.4963 533.192 0.021978 0
38.4963 533.192 0.0921053 0
47.9262 532 0.0273973 1
30.5051 545.314 0.0714286 1
46.4175 546.337 0.0140845 1
38.5935 532.921 0.0449438 0
31.5026 560.816 0.00543478 1
33.0818 559.141 0.0102041 1
15.8803 558.47 0.00483092 1
2.09667 557.14 0.0125786 1
21.4737 551.089 0.00485437 1
28.4074 518.751 0.0844156 1
20.2347 537.603 0.0871369 1
2.79004 479.117 0.00552486 1
41.8851 64.8495 0.172414 1
7.39023 77.7546 0.118227 1
4.24059 84.4845 0.0170213 1
2.64555 85.671 0.0297619 1
4.09406 85.4902 0.0622407 1
6.62947 84.5451 0.00816326 1
11.043 83.3023 0.0144928 1
69.0437 492.196 0.0285714 0
69.0437 492.196 0.0213904 0
69.0437 492.196 0.112676 0
14.8111 81.905 0.0123457 1
12.5475 82.7289 0.0674603 1
52.3153 566.661 0.0537634 0
68.9571 492.086 0.00512821 0
68.9571 492.086 0.0213904 0
52.3153 566.661 0.00636943 0
68.9571 492.086 0.016 0
68.9571 492.086 0.00772201 0
52.3153 566.661 0.00574713 0
51.4524 572.821 0.0304878 0
47.1108 567.777 0.00689655 0
47.1108 567.777 0.0267857 0
45.8172 573.641 0.00636943 0
41.461 572.575 0.015748 0
21.2985 546.091 0.0560748 1
41.4574 572.543 0.00675676 0
39.0283 574.767 0.014218 0
14.4465 559.645 0.0472441 1
39.0267 574.736 0.0132743 0
38.0795 574.669 0.00434783 0
38.6725 530.898 0.0266667 0
38.6725 530.898 0.021978 0
46.7502 557.781 0.325359 1
25.2977 533.375 0.0655738 1
2.82726 493.471 0.00438596 1
17.7498 510.601 0.0103093 1
39.4068 528.269 0.0285714 1
26.4512 534.95 0.076087 1
49.5746 69.9579 0.0322581 1
3.30277 85.2133 0.20202 1
2.72467 85.8741 0.040404 1
8.92601 85.926 0.130841 1
10.7909 85.0583 0.003861 1
69.0922 490.553 0.0114286 0
69.0922 490.553 0.112676 0
69.0922 490.553 0.0114286 0
69.0922 490.553 0.00934579 0
52.4544 565.41 0.0272727 0
52.4544 565.41 0.00578035 0
52.4544 565.41 0.0537634 0
52.4544 565.41 0.00636943 0
52.4544 565.41 0.00574713 0
52.4544 565.41 0.0272727 0
52.4544 565.41 0.079646 0
4.7864 6.15999 0.115646 1
21.2635 74.5231 0.0516432 1
17.3226 84.8868 0.0421053 1
19.7377 82.6421 0.172249 1
68.8742 489.683 0.079646 0
68.8742 489.683 0.0214286 0
68.8742 489.683 0.0304878 0
68.8742 489.683 0.0214286 0
27.722 76.8435 0.193548 1
21.3667 85.8791 0.0598802 1
24.0599 87.2654 0.193966 1
68.6761 488.212 0.0367647 0
68.6761 488.212 0.00689655 0
68.6761 488.212 0.0267857 0
68.6761 488.212 0.0833333 0
31.0262 84.1775 0.231293 1
26.3473 88.1582 0.0833333 1
29.4568 88.0227 0.0217391 1
68.3719 485.706 0.0833333 0
68.3719 485.706 0.0210526 0
41.569 571.324 0.0461538 0
68.3719 485.706 0.00636943 0
68.3719 485.706 0.0210526 0
33.0739 85.6183 0.203125 1
32.6771 88.9879 0.0612245 1
68.2089 483.613 0.0315789 0
68.2089 483.613 0.015748 0
68.2089 483.613 0.00675676 0
68.2089 483.613 0.0461538 0
68.2089 483.613 0.0315789 0
68.2089 483.613 0.0746269 0
35.3304 91.3346 0.0969388 1
36.63 92.2106 0.0186335 1
67.974 479.827 0.0746269 0
67.974 479.827 0.0769231 0
38.1703 573.482 0.00746269 0
67.974 479.827 0.024 0
35.0433 568.087 0.0595238 0
35.0433 568.087 0.00574713 0
35.0433 568.087 0.0153061 0
32.4159 567.141 0.038674 0
23.1933 546.074 0.00558659 1
58.6686 547.439 0.00934579 1
13.6147 475.448 0.152263 1
8.28126 482.038 0.187793 1
67.9748 479.025 0.016 0
67.9748 479.025 0.00512821 0
67.9748 479.025 0.00772201 0
67.9748 479.025 0.00934579 0
38.9389 93.6554 0.0646388 1
67.7734 475.157 0.014218 0
67.7734 475.157 0.0132743 0
67.7734 475.157 0.0769231 0
67.7734 475.157 0.024 0
67.7734 475.157 0.00434783 0
67.7734 475.157 0.00746269 0
40.8274 92.1282 0.283422 1
67.5528 470.323 0.0595238 0
67.5528 470.323 0.00574713 0
67.5528 470.323 0.0153061 0
41.32 96.0172 0.267717 1
67.351 466.893 0.038674 0
67.351 466.893 0.290909 0
67.351 466.893 0.290909 0
20.5391 65.9921 0.0816327 0
20.5391 65.9921 0.0689655 0
20.5391 65.9921 0.0816327 0
56.1318 532.886 0.103774 0
56.1318 532.886 0.00584795 0
56.1318 532.886 0.103774 0
56.1318 532.886 0.00961538 0
67.351 466.893 0.156627 0
67.351 466.893 0.00641026 0
67.351 466.893 0.137255 0
67.351 466.893 0.0365854 0
67.351 466.893 0.156627 0
67.351 466.893 0.0151515 0
67.351 466.893 0.00497512 0
67.351 466.893 0.00641026 0
67.351 466.893 0.0253165 0
67.351 466.893 0.00531915 0
67.351 466.893 0.0559006 0
67.351 466.893 0.0104712 0
67.351 466.893 0.0253165 0
67.351 466.893 0.0190476 0
67.351 466.893 0.00735294 0
67.351 466.893 0.0162162 0
67.351 466.893 0.0542636 0
67.351 466.893 0.0117647 0
67.351 466.893 0.00483092 0
67.351 466.893 0.0722892 0
67.351 466.893 0.0280374 0
67.351 466.893 0.00540541 0
67.351 466.893 0.0190476 0
67.351 466.893 0.0722892 0
67.351 466.893 0.113636 0
67.351 466.893 0.113636 0
20.5391 65.9921 0.0695652 0
67.351 466.893 0.0153846 0
67.351 466.893 0.0300752 0
67.351 466.893 0.00478469 0
20.5391 65.9921 0.0689655 0
56.1318 532.886 0.00961538 0
20.5391 65.9921 0.0695652 0
56.1318 532.886 0.035503 0
56.1318 532.886 0.0308642 0
56.1318 532.886 0.07 0
56.1318 532.886 0.00584795 0
56.1318 532.886 0.035503 0
67.351 466.893 0.137255 0
67.351 466.893 0.126214 0
67.351 466.893 0.0151515 0
67.351 466.893 0.00531915 0
67.351 466.893 0.0559006 0
67.351 466.893 0.00735294 0
67.351 466.893 0.0162162 0
67.351 466.893 0.0542636 0
67.351 466.893 0.0280374 0
67.351 466.893 0.0153846 0
56.1318 532.886 0.0308642 0
67.351 466.893 0.0300752 0
56.1318 532.886 0.07 0
67.351 466.893 0.0365854 0
67.351 466.893 0.126214 0
67.351 466.893 0.0222222 0
67.351 466.893 0.12987 0
67.351 466.893 0.0970874 0
67.351 466.893 0.0888889 0
67.351 466.893 0.00884956 0
67.351 466.893 0.0222222 0
67.351 466.893 0.00497512 0
67.351 466.893 0.0104712 0
67.351 466.893 0.0117647 0
67.351 466.893 0.00483092 0
67.351 466.893 0.00540541 0
67.351 466.893 0.00478469 0
67.351 466.893 0.0125 0
67.351 466.893 0.0927835 0
67.351 466.893 0.00653595 0
67.351 466.893 0.015873 0
67.351 466.893 0.12987 0
67.351 466.893 0.00653595 0
67.351 466.893 0.03125 0
67.351 466.893 0.0970874 0
67.351 466.893 0.0888889 0
67.351 466.893 0.0289855 0
67.351 466.893 0.0125 0
67.351 466.893 0.113636 0
67.351 466.893 0.01 0
67.351 466.893 0.197183 0
67.351 466.893 0.113636 0
67.351 466.893 0.0761905 0
67.351 466.893 0.0309278 0
67.351 466.893 0.0927835 0
67.351 466.893 0.03125 0
67.351 466.893 0.0761905 0
67.351 466.893 0.0309278 0
67.351 466.893 0.0151515 0
67.351 466.893 0.00854701 0
67.351 466.893 0.00990099 0
67.351 466.893 0.0512821 0
67.351 466.893 0.00884956 0
67.351 466.893 0.015873 0
67.351 466.893 0.0151515 0
67.351 466.893 0.0729167 0
67.351 466.893 0.0630631 0
67.351 466.893 0.0446429 0
67.351 466.893 0.00917431 0
67.351 466.893 0.016 0
67.351 466.893 0.01 0
67.351 466.893 0.00854701 0
67.351 466.893 0.00990099 0
67.351 466.893 0.0512821 0
67.351 466.893 0.0423729 0
67.351 466.893 0.0289855 0
67.351 466.893 0.197183 0
67.351 466.893 0.0729167 0
67.351 466.893 0.00917431 0
67.351 466.893 0.263158 0
67.351 466.893 0.0106952 0
67.351 466.893 0.0630631 0
67.351 466.893 0.0423729 0
67.351 466.893 0.263158 0
67.351 466.893 0.0446429 0
67.351 466.893 0.016 0
67.351 466.893 0.0217391 0
67.351 466.893 0.135802 0
67.351 466.893 0.0150376 0
67.351 466.893 0.00662252 0
67.351 466.893 0.0535714 0
67.351 466.893 0.0106952 0
67.351 466.893 0.0217391 0
67.351 466.893 0.12037 0
67.351 466.893 0.00452489 0
67.351 466.893 0.0147059 0
67.351 466.893 0.135802 0
67.351 466.893 0.12037 0
67.351 466.893 0.0402685 0
67.351 466.893 0.0150376 0
67.351 466.893 0.0320513 0
67.351 466.893 0.100592 0
67.351 466.893 0.00480769 0
67.351 466.893 0.010989 0
67.351 466.893 0.0402685 0
67.351 466.893 0.0377358 0
67.351 466.893 0.00847458 0
67.351 466.893 0.00505051 0
67.351 466.893 0.0174419 0
67.351 466.893 0.00662252 0
67.351 466.893 0.00452489 0
67.351 466.893 0.0535714 0
67.351 466.893 0.0609756 0
67.351 466.893 0.0898876 0
67.351 466.893 0.0609756 0
67.351 466.893 0.0419162 0
67.351 466.893 0.010101 0
67.351 466.893 0.02 0
67.351 466.893 0.0320513 0
67.351 466.893 0.100592 0
67.351 466.893 0.0377358 0
67.351 466.893 0.010989 0
67.351 466.893 0.00847458 0
67.351 466.893 0.0147059 0
67.351 466.893 0.00729927 0
67.351 466.893 0.0419162 0
67.351 466.893 0.00588235 0
67.351 466.893 0.010101 0
67.351 466.893 0.02 0
67.351 466.893 0.010989 0
67.351 466.893 0.141509 0
67.351 466.893 0.0898876 0
67.351 466.893 0.141509 0
67.351 466.893 0.00480769 0
67.351 466.893 0.00505051 0
67.351 466.893 0.010989 0
67.351 466.893 0.0174419 0
67.351 466.893 0.00632911 0
67.351 466.893 0.153846 0
67.351 466.893 0.00729927 0
67.351 466.893 0.00632911 0
67.351 466.893 0.153846 0
67.351 466.893 0.0909091 0
67.351 466.893 0.0909091 0
67.351 466.893 0.0588235 0
67.351 466.893 0.166667 0
67.351 466.893 0.010989 0
67.351 466.893 0.012987 0
67.351 466.893 0.0588235 0
67.351 466.893 0.0168067 0
67.351 466.893 0.166667 0
67.351 466.893 0.0168067 0
67.351 466.893 0.00653595 0
67.351 466.893 0.010989 0
67.351 466.893 0.00588235 0
67.351 466.893 0.015873 0
67.351 466.893 0.0216216 0
67.351 466.893 0.012987 0
67.351 466.893 0.00653595 0
67.351 466.893 0.015873 0
67.351 466.893 0.0216216 0
67.351 466.893 0.00534759 0
67.351 466.893 0.0285714 0
67.351 466.893 0.00534759 0
67.351 466.893 0.00769231 0
67.351 466.893 0.0285714 0
67.351 466.893 0.125 0
67.351 466.893 0.010989 0
67.351 466.893 0.00769231 0
67.351 466.893 0.125 0
67.351 466.893 0.010989 0
67.351 466.893 0.0689655 0
67.351 466.893 0.0609756 0
67.351 466.893 0.0689655 0
67.351 466.893 0.0268456 0
67.351 466.893 0.103448 0
67.351 466.893 0.00675676 0
67.351 466.893 0.028777 0
67.351 466.893 0.0609756 0
67.351 466.893 0.103448 0
67.351 466.893 0.00675676 0
67.351 466.893 0.0268456 0
67.351 466.893 0.0143885 0
67.351 466.893 0.011236 0
67.351 466.893 0.00543478 0
67.351 466.893 0.0143885 0
67.351 466.893 0.028777 0
67.351 466.893 0.011236 0
67.351 466.893 0.00574713 0
67.351 466.893 0.092437 0
67.351 466.893 0.00543478 0
67.351 466.893 0.0388889 0
67.351 466.893 0.00574713 0
67.351 466.893 0.092437 0
67.351 466.893 0.0388889 0
67.351 466.893 0.0814815 0
67.351 466.893 0.0814815 0
67.351 466.893 0.118644 0
36.7854 521.716 0.00763359 0
36.7854 521.716 0.0987654 0
36.7854 521.716 0.0212766 0
36.7854 521.716 0.00549451 0
36.7854 521.716 0.00628931 0
67.351 466.893 0.118644 0
67.351 466.893 0.0220588 0
67.351 466.893 0.0152672 0
67.351 466.893 0.0230769 0
67.351 466.893 0.0220588 0
67.351 466.893 0.00534759 0
36.7854 521.716 0.0247934 0
36.7854 521.716 0.231707 0
36.7854 521.716 0.00763359 0
36.7854 521.716 0.0987654 0
36.7854 521.716 0.0247934 0
36.7854 521.716 0.231707 0
36.7854 521.716 0.00847458 0
36.7854 521.716 0.0212766 0
36.7854 521.716 0.00549451 0
36.7854 521.716 0.11828 0
36.7854 521.716 0.0534351 0
36.7854 521.716 0.00775194 0
36.7854 521.716 0.0265487 0
36.7854 521.716 0.00520833 0
36.7854 521.716 0.11828 0
36.7854 521.716 0.0229885 0
36.7854 521.716 0.25 0
36.7854 521.716 0.0813954 0
36.7854 521.716 0.00628931 0
36.7854 521.716 0.0813954 0
36.7854 521.716 0.0714286 0
36.7854 521.716 0.0166667 0
36.7854 521.716 0.112069 0
36.7854 521.716 0.02 0
36.7854 521.716 0.00952381 0
36.7854 521.716 0.0180723 0
36.7854 521.716 0.208696 0
36.7854 521.716 0.10101 0
36.7854 521.716 0.0347222 0
36.7854 521.716 0.0192308 0
36.7854 521.716 0.0952381 0
36.7854 521.716 0.0180723 0
67.351 466.893 0.0152672 0
67.351 466.893 0.00549451 0
67.351 466.893 0.0230769 0
36.7854 521.716 0.00847458 0
36.7854 521.716 0.0534351 0
36.7854 521.716 0.00775194 0
36.7854 521.716 0.0265487 0
36.7854 521.716 0.0229885 0
36.7854 521.716 0.25 0
36.7854 521.716 0.0714286 0
36.7854 521.716 0.0166667 0
36.7854 521.716 0.112069 0
36.7854 521.716 0.208696 0
36.7854 521.716 0.02 0
36.7854 521.716 0.10101 0
36.7854 521.716 0.0347222 0
67.351 466.893 0.00534759 0
67.351 466.893 0.00549451 0
67.351 466.893 0.109195 0
36.7854 521.716 0.00520833 0
36.7854 521.716 0.00952381 0
36.7854 521.716 0.0192308 0
36.7854 521.716 0.0952381 0
67.351 466.893 0.0196078 0
67.351 466.893 0.109195 0
67.351 466.893 0.0196078 0
67.351 466.893 0.0852713 0
67.351 466.893 0.0852713 0
67.351 466.893 0.115044 0
67.351 466.893 0.115044 0
67.351 466.893 0.130841 0
67.351 466.893 0.0714286 0
67.351 466.893 0.130841 0
67.351 466.893 0.00900901 0
67.351 466.893 0.00900901 0
67.351 466.893 0.15625 0
67.351 466.893 0.0839695 0
67.351 466.893 0.0714286 0
67.351 466.893 0.15625 0
67.351 466.893 0.0839695 0
67.351 466.893 0.0163934 0
67.351 466.893 0.0434783 0
67.351 466.893 0.0232558 0
67.351 466.893 0.0163934 0
67.351 466.893 0.010582 0
67.351 466.893 0.0434783 0
67.351 466.893 0.010582 0
67.351 466.893 0.0102041 0
67.351 466.893 0.0232558 0
67.351 466.893 0.060241 0
67.351 466.893 0.0212766 0
67.351 466.893 0.00763359 0
67.351 466.893 0.0102041 0
67.351 466.893 0.00763359 0
67.351 466.893 0.2 0
67.351 466.893 0.153846 0
67.351 466.893 0.060241 0
67.351 466.893 0.2 0
67.351 466.893 0.0131579 0
67.351 466.893 0.0212766 0
67.351 466.893 0.153846 0
67.351 466.893 0.0483871 0
67.351 466.893 0.45 0
67.351 466.893 0.0136054 0
67.351 466.893 0.0483871 0
67.351 466.893 0.017094 0
67.351 466.893 0.0131579 0
67.351 466.893 0.45 0
67.351 466.893 0.017094 0
67.351 466.893 0.0136054 0
67.351 466.893 0.0852713 0
67.351 466.893 0.00531915 0
67.351 466.893 0.132353 0
67.351 466.893 0.0852713 0
67.351 466.893 0.0203046 0
67.351 466.893 0.00531915 0
67.351 466.893 0.132353 0
67.351 466.893 0.0147059 0
67.351 466.893 0.00438596 0
67.351 466.893 0.0124224 0
67.351 466.893 0.0122699 0
67.351 466.893 0.0203046 0
67.351 466.893 0.0147059 0
67.351 466.893 0.00438596 0
67.351 466.893 0.0666667 0
67.351 466.893 0.0666667 0
67.351 466.893 0.117647 0
67.351 466.893 0.00657895 0
67.351 466.893 0.00943396 0
36.7936 532.248 0.0490798 0
36.7936 532.248 0.00591716 0
36.7936 532.248 0.0124224 0
36.7936 532.248 0.00598802 0
36.7936 532.248 0.00819672 0
36.7936 532.248 0.0078125 0
36.7936 532.248 0.0116279 0
36.7936 532.248 0.0179641 0
67.351 466.893 0.0124224 0
67.351 466.893 0.0122699 0
67.351 466.893 0.117647 0
67.351 466.893 0.00943396 0
67.351 466.893 0.0196078 0
67.351 466.893 0.0104167 0
67.351 466.893 0.0196078 0
67.351 466.893 0.0215054 0
67.351 466.893 0.00869565 0
67.351 466.893 0.016 0
67.351 466.893 0.236842 0
67.351 466.893 0.0106383 0
67.351 466.893 0.145455 0
36.7936 532.248 0.224138 0
36.7936 532.248 0.0490798 0
36.7936 532.248 0.0124224 0
36.7936 532.248 0.00819672 0
36.7936 532.248 0.224138 0
36.7936 532.248 0.0140845 0
36.7936 532.248 0.034188 0
36.7936 532.248 0.00591716 0
36.7936 532.248 0.00598802 0
36.7936 532.248 0.0078125 0
36.7936 532.248 0.0116279 0
36.7936 532.248 0.148649 0
36.7936 532.248 0.106195 0
36.7936 532.248 0.021978 0
36.7936 532.248 0.148649 0
36.7936 532.248 0.15942 0
36.7936 532.248 0.0181818 0
36.7936 532.248 0.00869565 0
36.7936 532.248 0.00588235 0
36.7936 532.248 0.0285714 0
36.7936 532.248 0.0479452 0
36.7936 532.248 0.0496454 0
36.7936 532.248 0.00666667 0
36.7936 532.248 0.00689655 0
36.7936 532.248 0.0432099 0
67.351 466.893 0.00657895 0
67.351 466.893 0.0215054 0
67.351 466.893 0.0111111 0
67.351 466.893 0.00869565 0
67.351 466.893 0.0106383 0
67.351 466.893 0.0183486 0
67.351 466.893 0.0130719 0
67.351 466.893 0.00769231 0
67.351 466.893 0.0338983 0
67.351 466.893 0.0104167 0
67.351 466.893 0.0111111 0
67.351 466.893 0.0183486 0
67.351 466.893 0.00840336 0
67.351 466.893 0.142857 0
67.351 466.893 0.0130719 0
36.7936 532.248 0.0140845 0
36.7936 532.248 0.034188 0
36.7936 532.248 0.106195 0
36.7936 532.248 0.021978 0
36.7936 532.248 0.019802 0
36.7936 532.248 0.0179641 0
36.7936 532.248 0.15942 0
36.7936 532.248 0.0181818 0
36.7936 532.248 0.00588235 0
36.7936 532.248 0.019802 0
36.7936 532.248 0.0380952 0
36.7936 532.248 0.00961538 0
36.7936 532.248 0.00869565 0
36.7936 532.248 0.0285714 0
36.7936 532.248 0.0479452 0
36.7936 532.248 0.00666667 0
36.7936 532.248 0.0363636 0
36.7936 532.248 0.0183486 0
36.7936 532.248 0.017094 0
36.7936 532.248 0.00877193 0
36.7936 532.248 0.0380952 0
36.7936 532.248 0.0363636 0
36.7936 532.248 0.0496454 0
36.7936 532.248 0.00689655 0
36.7936 532.248 0.0432099 0
36.7936 532.248 0.0378788 0
36.7936 532.248 0.0357143 0
36.7936 532.248 0.0275229 0
36.7936 532.248 0.0130719 0
36.7936 532.248 0.0378788 0
67.351 466.893 0.016 0
67.351 466.893 0.00840336 0
67.351 466.893 0.236842 0
67.351 466.893 0.145455 0
67.351 466.893 0.142857 0
67.351 466.893 0.021978 0
67.351 466.893 0.0379747 0
67.351 466.893 0.00769231 0
67.351 466.893 0.021978 0
67.351 466.893 0.00617284 0
38.7696 528.91 0.00819672 0
38.7696 528.91 0.0176991 0
38.7696 528.91 0.0147059 0
38.7696 528.91 0.0148148 0
38.7696 528.91 0.010101 0
36.7936 532.248 0.00961538 0
36.7936 532.248 0.0183486 0
36.7936 532.248 0.017094 0
36.7936 532.248 0.0357143 0
36.7936 532.248 0.00877193 0
36.7936 532.248 0.0275229 0
36.7936 532.248 0.0130719 0
67.351 466.893 0.00617284 0
67.351 466.893 0.0533333 0
67.351 466.893 0.0397351 0
67.351 466.893 0.00694444 0
67.351 466.893 0.0338983 0
67.351 466.893 0.0379747 0
67.351 466.893 0.0533333 0
38.7696 528.91 0.0217391 0
38.7696 528.91 0.25 0
38.7696 528.91 0.00819672 0
38.7696 528.91 0.0176991 0
38.7696 528.91 0.0147059 0
38.7696 528.91 0.0217391 0
38.7696 528.91 0.25 0
38.7696 528.91 0.0144928 0
38.7696 528.91 0.010101 0
38.7696 528.91 0.0597015 0
38.7696 528.91 0.0144928 0
38.7696 528.91 0.0218978 0
38.7696 528.91 0.00729927 0
38.7696 528.91 0.00653595 0
38.7696 528.91 0.0196078 0
38.7696 528.91 0.0178571 0
38.7696 528.91 0.00684932 0
38.7696 528.91 0.0344828 0
38.7696 528.91 0.00729927 0
67.351 466.893 0.0568182 0
67.351 466.893 0.0118343 0
67.351 466.893 0.00571429 0
67.351 466.893 0.0397351 0
67.351 466.893 0.0568182 0
67.351 466.893 0.00694444 0
67.351 466.893 0.0118343 0
67.351 466.893 0.00571429 0
67.351 466.893 0.0285714 0
67.351 466.893 0.00578035 0
38.7696 528.91 0.010101 0
67.351 466.893 0.0367647 0
38.7696 528.91 0.0217391 0
38.7696 528.91 0.0148148 0
38.7696 528.91 0.0597015 0
38.7696 528.91 0.0218978 0
38.7696 528.91 0.00653595 0
38.7696 528.91 0.0217391 0
38.7696 528.91 0.0632911 0
38.7696 528.91 0.0632911 0
38.7696 528.91 0.101266 0
38.7696 528.91 0.0131579 0
38.7696 528.91 0.0266667 0
38.7696 528.91 0.010101 0
38.7696 528.91 0.00729927 0
38.7696 528.91 0.0196078 0
38.7696 528.91 0.0178571 0
38.7696 528.91 0.00684932 0
38.7696 528.91 0.101266 0
38.7696 528.91 0.0131579 0
38.7696 528.91 0.0344828 0
38.7696 528.91 0.00729927 0
38.7696 528.91 0.0266667 0
38.7696 528.91 0.0921053 0
38.7696 528.91 0.0449438 0
38.7696 528.91 0.0266667 0
38.7696 528.91 0.021978 0
38.7696 528.91 0.0921053 0
38.7696 528.91 0.0449438 0
67.351 466.893 0.0285714 0
67.351 466.893 0.0213904 0
67.351 466.893 0.112676 0
67.351 466.893 0.0537634 0
67.351 466.893 0.00512821 0
67.351 466.893 0.0213904 0
67.351 466.893 0.00636943 0
67.351 466.893 0.016 0
67.351 466.893 0.00772201 0
67.351 466.893 0.00574713 0
67.351 466.893 0.0304878 0
67.351 466.893 0.00689655 0
67.351 466.893 0.0267857 0
67.351 466.893 0.00636943 0
67.351 466.893 0.015748 0
67.351 466.893 0.00675676 0
67.351 466.893 0.014218 0
67.351 466.893 0.0132743 0
67.351 466.893 0.00434783 0
38.7696 528.91 0.0266667 0
38.7696 528.91 0.021978 0
67.351 466.893 0.0114286 0
67.351 466.893 0.112676 0
67.351 466.893 0.0114286 0
67.351 466.893 0.00934579 0
67.351 466.893 0.0272727 0
67.351 466.893 0.00578035 0
67.351 466.893 0.0537634 0
67.351 466.893 0.00636943 0
67.351 466.893 0.00574713 0
67.351 466.893 0.0272727 0
67.351 466.893 0.079646 0
67.351 466.893 0.079646 0
67.351 466.893 0.0214286 0
67.351 466.893 0.0304878 0
67.351 466.893 0.0214286 0
67.351 466.893 0.0367647 0
67.351 466.893 0.00689655 0
67.351 466.893 0.0267857 0
67.351 466.893 0.0833333 0
67.351 466.893 0.0833333 0
67.351 466.893 0.0210526 0
67.351 466.893 0.0461538 0
67.351 466.893 0.00636943 0
67.351 466.893 0.0210526 0
67.351 466.893 0.0315789 0
67.351 466.893 0.015748 0
67.351 466.893 0.00675676 0
67.351 466.893 0.0461538 0
67.351 466.893 0.0315789 0
67.351 466.893 0.0746269 0
67.351 466.893 0.0746269 0
67.351 466.893 0.0769231 0
67.351 466.893 0.00746269 0
67.351 466.893 0.024 0
67.351 466.893 0.0595238 0
67.351 466.893 0.00574713 0
67.351 466.893 0.0153061 0
67.351 466.893 0.038674 0
67.351 466.893 0.016 0
67.351 466.893 0.00512821 0
67.351 466.893 0.00772201 0
67.351 466.893 0.00934579 0
67.351 466.893 0.014218 0
67.351 466.893 0.0132743 0
67.351 466.893 0.0769231 0
67.351 466.893 0.024 0
67.351 466.893 0.00434783 0
67.351 466.893 0.00746269 0
67.351 466.893 0.0595238 0
67.351 466.893 0.00574713 0
67.351 466.893 0.0153061 0
67.351 466.893 0.038674 0
67.351 466.893 0.290909 0
67.351 466.893 0.290909 0
