4.38019 21.1126 0.0483871 1
5.43864 15.3285 0.303922 1
2.91376 16.3303 0.00520833 1
5.95015 9.42247 0.125 1
4.07895 20.0635 0.0904977 1
8.06705 23.8838 0.00740741 1
9.75626 22.7986 0.01 1
0.645438 24.3744 0.286325 1
8.61044 26.1476 0.0324675 1
10.7128 27.9773 0.005 1
3.20813 24.9943 0.0582524 1
1.53093 24.7032 0.01 1
0.264751 29.5687 0.029703 1
15.7264 15.5213 0.00819672 1
2.79077 29.562 0.0186047 1
7.88857 28.6693 0.0753769 1
6.22204 30.4006 0.004329 1
11.6508 17.9042 0.0346821 1
7.51941 27.1452 0.13615 1
4.88819 31.222 0.0597015 1
10.975 24.9072 0.00840336 1
10.688 22.5315 0.036 1
12.8626 20.9948 0.00613497 1
2.13105 23.7291 0.262948 1
5.67972 35.915 0.00719424 1
3.26884 31.7247 0.325893 1
7.36134 31.1656 0.0689655 1
16.2662 27.5705 0.0731707 1
3.04534 31.0514 0.00584795 1
9.03659 30.5397 0.0473373 1
5.12966 37.1436 0.0233645 1
3.32286 31.2338 0.0268817 1
9.19317 31.8504 0.0149813 1
3.31971 35.8504 0.0643275 1
9.93768 34.0529 0.00625 1
0.707789 35.4282 0.00598802 1
12.6262 35.5479 0.37931 1
16.3155 25.7021 0.0559441 1
7.28058 37.6345 0.047619 1
6.04708 35.564 0.182243 1
1.1445 33.7947 0.055 1
5.68186 23.2245 0.0636364 1
13.6068 37.147 0.0123457 1
6.43918 35.9751 0.0412371 1
1.77543 30.1999 0.262887 1
78.0675 11.6101 0.0608696 1
11.9233 39.0001 0.165289 1
19.2321 35.9139 0.0114943 1
5.13809 44.3215 0.00390625 1
15.1678 23.7907 0.0145985 1
2.68401 41.6047 0.208092 1
8.25056 40.4842 0.0469484 1
4.78981 39.7342 0.134969 1
3.3457 42.6856 0.0137615 1
3.26119 42.9171 0.144628 1
4.74957 43.8575 0.0531915 1
1.67725 43.7665 0.0172414 1
2.6083 36.3037 0.366795 1
9.31306 38.8273 0.010989 1
15.4904 38.607 0.0125786 1
4.79777 40.352 0.00380228 1
7.24562 44.5469 0.0882353 1
5.13703 42.9617 0.190698 1
6.58901 38.3513 0.0220994 1
3.64205 42.9099 0.019685 1
4.64568 41.2278 0.0116959 1
5.22212 43.0841 0.0307692 1
1.81495 41.9831 0.00990099 1
11.6355 36.1633 0.0757576 1
1.64042 29.0944 0.00775194 1
3.42231 42.5244 0.027027 1
3.34321 39.5671 0.0122699 1
8.0382 42.3015 0.20122 1
12.2365 41.2567 0.0718954 1
1.50004 39.1813 0.0149254 1
1.31312 13.714 0.0754717 1
3.78853 35.8658 0.0454545 1
19.9913 23.7656 0.0325203 1
6.41592 38.5525 0.0621762 1
5.09576 39.5307 0.0125 1
12.603 28.7163 0.0210526 1
2.35866 41.9609 0.226994 1
11.1998 43.1355 0.230769 1
8.24357 42.4898 0.00694444 1
7.18313 41.7835 0.0111111 1
6.11382 40.0821 0.0310559 1
3.64001 28.3496 0.0615385 1
5.59422 42.3435 0.0438596 1
13.1115 42.2317 0.00564972 1
10.4892 41.8529 0.0285714 1
7.61471 41.088 0.0276498 1
1.16485 33.9329 0.136646 1
4.19914 36.8298 0.116751 1
7.49106 35.2437 0.0714286 1
4.10657 40.7011 0.0928962 1
11.3262 41.6959 0.316384 1
4.29868 41.7278 0.0273973 1
1.47612 41.7195 0.0290456 1
3.35344 41.5471 0.0101523 1
9.22032 42.2816 0.00442478 1
1.92482 41.3564 0.0178571 1
6.63476 41.7463 0.048951 1
9.56741 42.2058 0.0136986 1
13.6493 40.9125 0.0171429 1
33.8917 24.6688 0.0629371 1
8.19571 37.5757 0.0127389 1
26.6786 17.3672 0.0136986 1
3.79309 47.4485 0.0178571 1
2.35078 47.2871 0.012931 1
8.41887 40.6526 0.0693642 1
5.89803 47.1463 0.0738255 1
3.08164 47.9119 0.00510204 1
6.4405 45.2632 0.0147059 1
2.02752 46.346 0.152866 1
4.83372 47.4109 0.0163043 1
6.59095 44.1601 0.0797872 1
11.0768 44.4619 0.0204778 1
3.74464 45.1911 0.111111 1
2.45801 44.0323 0.0382979 1
11.3425 42.8337 0.00881057 1
2.90747 44.8984 0.0729167 1
9.5664 42.952 0.00909091 1
1.21136 43.5614 0.00956938 1
6.01007 42.9799 0.00613497 1
10.4018 41.332 0.027933 1
2.8518 43.2676 0.07 1
1.53296 35.4264 0.0630252 1
11.7479 42.412 0.107692 1
9.04422 39.9941 0.00680272 1
2.76694 44.3716 0.0163043 1
10.0985 45.308 0.0863309 1
24.1442 30.9285 0.00645161 1
16.3115 42.9367 0.039604 1
14.3472 47.4991 0.0843373 1
11.7562 47.8686 0.0101523 1
5.07837 46.6544 0.00355872 1
2.48183 50.5239 0.0212766 1
5.4528 46.5939 0.0574163 1
6.47071 50.6735 0.034188 1
4.03137 50.2092 0.00543478 1
8.61167 48.201 0.0447761 1
9.70484 49.666 0.0117647 1
7.17996 49.4069 0.102128 1
7.56909 49.9814 0.00374532 1
10.4416 49.1497 0.0101351 1
0.51504 37.2704 0.0493827 1
4.82437 33.718 0.00473934 1
6.02497 44.1536 0.0449438 1
5.9658 45.6616 0.00689655 1
8.66659 46.3154 0.0130435 1
2.15306 47.4109 0.0591398 1
14.2776 39.5636 0.13 1
6.04026 46.1771 0.0114943 1
15.5735 43.6133 0.0129032 1
4.68681 48.2457 0.0493827 1
20.498 41.6905 0.0763359 1
11.2002 48.6668 0.168421 1
2.77266 46.4223 0.0467836 1
6.94816 44.8103 0.0292887 1
14.7809 35.9403 0.151316 1
0.209086 48.5732 0.0616114 1
7.49861 44.8131 0.0304878 1
4.20637 32.6105 0.0816327 1
17.7628 46.6428 0.04 1
11.4669 49.4168 0.088785 1
23.3399 47.188 0.00645161 1
2.84854 49.6877 0.0619048 1
8.02478 50.3354 0.00381679 1
7.39072 45.6724 0.00746269 1
16.4058 42.9716 0.00826446 1
5.53088 50.4019 0.0776699 1
1.93821 50.6238 0.344086 1
5.53421 51.5487 0.0267857 1
6.28785 52.859 0.0042735 1
1.29791 45.0888 0.00574713 1
1.7966 45.1829 0.00775194 1
6.76071 49.8875 0.0211864 1
14.5234 47.3803 0.0710383 1
10.267 42.3235 0.0123457 1
3.63971 50.2046 0.0184049 1
1.37557 47.37 0.0148515 1
12.1956 51.6462 0.0679612 1
8.99377 53.0733 0.0351562 1
5.92061 45.3424 0.00473934 1
6.874 40.3298 0.380488 1
11.714 39.2929 0.00609756 1
3.22087 44.8386 0.014218 1
8.12352 51.2894 0.149254 1
0.925878 43.9849 0.0111732 1
5.54045 42.5536 0.0273973 1
4.40511 51.2403 0.0388889 1
1.74173 43.5989 0.158192 1
10.227 45.3298 0.0852713 1
2.10088 45.1323 0.025974 1
4.3716 46.3672 0.0357143 1
13.9569 47.5471 0.0141509 1
18.0773 45.535 0.0519481 1
3.40555 50.4106 0.00357143 1
3.30424 49.2865 0.00862069 1
16.7943 26.396 0.0300752 1
6.72135 46.778 0.00769231 1
2.90989 52.7439 0.0517241 1
4.11277 53.8387 0.00796813 1
5.07776 50.8186 0.00930233 1
17.2658 43.766 0.0137931 1
6.43884 49.9021 0.0045045 1
1.97412 46.8979 0.0150376 1
4.96364 48.2949 0.0232558 1
2.90178 46.9936 0.0097561 1
18.3739 33.2572 0.0126582 0
18.3739 33.2572 0.0647482 0
14.8249 43.1328 0.0201342 1
8.75159 51.2715 0.109375 1
8.40494 50.9461 0.034965 1
16.1509 43.3161 0.0514706 1
3.6781 39.038 0.00471698 1
16.9409 40.5907 0.010101 1
1.76447 50.6092 0.00531915 1
8.48422 47.9912 0.00621118 1
11.6477 51.1193 0.0328947 1
5.55433 49.8155 0.00485437 1
18.0932 46.5901 0.0246914 1
9.04437 41.5933 0.00843882 1
2.33077 50.1627 0.00938967 1
3.01071 49.4655 0.00555556 1
3.60829 50.578 0.0483092 1
2.65086 51.4353 0.0164609 1
11.2155 52.5816 0.0207254 1
8.27187 50.354 0.0955056 1
10.1389 49.6032 0.00469484 1
13.3046 52.2431 0.0357143 1
6.37071 47.1937 0.0625 1
6.14985 46.6631 0.00355872 1
11.2685 52.6864 0.126531 1
5.44758 48.8098 0.0105634 1
32.446 13.2178 0.00970874 0
40.5405 23.1096 0.11236 1
28.2326 90.4025 0.017094 1
22.2186 133.219 0.0223881 0
9.41028 109.668 0.538462 1
53.4674 90.7757 0.243243 1
42.4059 189.335 0.010101 1
42.5794 15.0677 0.0875 0
25.1751 18.7137 0.348837 1
24.6874 182.067 0.0322581 1
18.9765 250.097 0.0720721 0
22.1874 203.639 0.00970874 0
22.1874 203.639 0.0875 0
22.1874 203.639 0.408163 0
22.1874 203.639 0.0479042 0
22.1874 203.639 0.0283019 0
17.4275 34.2165 0.0222222 0
22.1874 203.639 0.0137931 0
22.1874 203.639 0.0137931 0
17.4275 34.2165 0.0510949 0
26.7253 16.0785 0.0253807 0
17.4275 34.2165 0.0294118 0
3.97797 40.7642 0.0528634 1
26.7154 16.0139 0.00819672 0
17.4414 34.1519 0.0421053 0
8.52561 50.5254 0.00546448 1
10.3571 42.6462 0.0643777 1
2.52362 49.5893 0.0608696 1
5.16702 44.9584 0.125541 1
2.83081 50.1581 0.00395257 1
11.3748 46.7296 0.150215 1
7.40471 39.2433 0.0787402 1
13.8788 43.7044 0.0138889 1
6.23091 49.5597 0.103774 1
10.7131 44.6958 0.0189873 1
22.2982 48.8916 0.26087 1
91.8352 25.0077 0.0833333 1
4.73847 53.2945 0.0316742 1
28.0048 3.91589 0.45 1
41.2281 2.18036 0.0114943 1
9.83456 56.1201 0.0151515 1
4.24194 57.9809 0.0137931 1
7.08396 56.3826 0.0144928 1
5.28965 56.6724 0.00858369 1
2.5761 56.7396 0.0246305 1
3.16175 55.578 0.0610329 1
11.5447 53.3794 0.00930233 1
6.72346 58.8393 0.00510204 1
4.74576 53.9217 0.0042735 1
22.392 198.655 0.00662252 0
3.55302 51.4416 0.193182 1
22.3827 198.717 0.0260417 0
22.3827 198.717 0.0041841 0
22.3827 198.717 0.0126582 0
22.3827 198.717 0.0647482 0
22.3827 198.717 0.408163 0
22.3827 198.717 0.0137931 0
22.3827 198.717 0.00662252 0
22.3827 198.717 0.0260417 0
22.3827 198.717 0.0465116 0
22.3827 198.717 0.0479042 0
22.0519 219.717 0.046875 1
11.4774 236.275 0.0181818 1
23.8464 229.227 0.0229358 1
29.1902 199.503 0.0263158 1
2.56012 219.716 0.150485 1
21.8299 182.702 0.0283019 0
46.8577 214.577 0.0106383 1
22.0398 195.173 0.0253807 0
22.0398 195.173 0.00819672 0
10.8872 227.33 0.05 1
21.6823 190.799 0.0222222 0
21.6823 190.799 0.0510949 0
21.6823 190.799 0.0294118 0
21.6823 190.799 0.0421053 0
21.6823 190.799 0.044586 0
21.6823 190.799 0.0965517 0
21.6823 190.799 0.044586 0
21.6823 190.799 0.00680272 0
21.6823 190.799 0.0047619 0
6.25637 53.509 0.0222222 1
21.6764 190.825 0.00617284 0
1.63892 55.1272 0.0194175 1
7.03213 54.4585 0.00526316 1
29.2726 37.9234 0.0147059 1
2.55433 56.0217 0.0150754 1
17.128 49.2498 0.00796813 1
27.7748 39.66 0.0102041 1
7.70075 54.8525 0.0186335 1
13.8153 53.2099 0.189394 1
7.20446 50.4508 0.0724638 1
4.65032 53.6085 0.0391061 1
7.07296 59.0477 0.00487805 1
1.04106 55.7781 0.00694444 1
8.94572 56.926 0.00531915 1
3.97929 59.6681 0.079096 1
10.6931 54.0694 0.0444444 1
4.30659 55.4909 0.00526316 1
4.62213 57.7304 0.00714286 1
2.21647 58.4962 0.011811 1
11.8769 53.7108 0.0439024 1
16.6424 46.5499 0.0183486 1
5.97962 56.9161 0.00869565 1
10.0122 58.6706 0.379433 1
11.3422 58.2463 0.0411985 1
2.81393 54.0875 0.0933333 1
11.9848 52.5106 0.0103093 1
3.01444 46.2161 0.0129032 1
9.00948 50.3064 0.0277778 1
21.7083 189.523 0.0223881 0
21.7083 189.523 0.0720721 0
21.7083 189.523 0.0465116 0
21.7083 189.523 0.0397727 0
21.7083 189.523 0.0137931 0
21.7083 189.523 0.0041841 0
21.7083 189.523 0.0397727 0
6.7668 232.152 0.00606061 1
12.0686 224.666 0.010101 1
21.8789 177.744 0.00628931 0
25.7468 214.354 0.0151515 1
32.5766 219.444 0.0526316 1
21.6215 181.545 0.00680272 0
45.834 217.323 0.06 1
21.9948 194.448 0.0047619 0
21.9948 194.448 0.00505051 0
21.3703 232.908 0.0114943 1
1.04592 228.172 0.0294118 1
21.8536 185.911 0.0965517 0
21.8536 185.911 0.00505051 0
21.8536 185.911 0.0333333 0
21.8536 185.911 0.0775862 0
9.19629 51.3494 0.0170455 1
3.09534 55.4787 0.062201 1
13.2072 56.9985 0.0121951 1
1.12718 49.6796 0.00529101 1
10.6105 58.6776 0.01 1
21.3439 40.2088 0.0254237 1
3.62887 53.1185 0.00598802 1
16.3515 52.9524 0.00925926 1
9.43558 58.0552 0.0732984 1
2.9603 57.7507 0.0740741 1
3.28461 51.6935 0.00636943 1
11.3118 55.5747 0.00595238 1
0.632533 59.0036 0.0364963 1
23.2133 44.5385 0.0931677 1
4.98144 59.3009 0.00769231 1
5.56395 57.3996 0.00735294 1
3.61995 56.1155 0.0611111 1
5.68807 45.591 0.0615385 1
3.80047 57.4615 0.0426357 1
2.26824 51.3392 0.00396825 1
9.81124 48.7748 0.0212766 1
11.3667 37.5659 0.00628931 1
6.7475 52.3753 0.0490566 1
8.06895 55.4359 0.062963 1
1.92594 56.5151 0.00416667 1
21.9512 185.471 0.00540541 0
21.9512 185.471 0.00729927 0
21.9512 185.471 0.00454545 0
21.9512 185.471 0.0555556 0
51.1761 208.532 0.0763889 1
35.9209 242.319 0.0182927 1
21.8009 211.783 0.00729927 0
21.8009 211.783 0.00395257 0
21.8009 211.783 0.0503145 0
5.43913 235.358 0.0117647 1
18.2127 247.243 0.0223464 1
18.3547 243.824 0.0245902 0
58.5839 239.972 0.0992366 1
22.0796 225.365 0.00617284 0
22.0796 225.365 0.0333333 0
22.0796 225.365 0.0775862 0
22.0796 225.365 0.084507 0
17.3274 264.369 0.0285714 0
22.0796 225.365 0.00632911 0
22.0796 225.365 0.084507 0
18.7042 43.2393 0.00966184 1
18.5319 44.7217 0.0235849 1
5.64208 47.9004 0.0157068 1
0.92433 57.7988 0.02 1
2.9934 53.6989 0.0670391 1
9.8848 58.3737 0.0060241 1
6.2482 57.5352 0.00980392 1
5.18848 59.0783 0.0205479 1
9.43199 58.1196 0.00740741 1
5.2499 58.2799 0.0397727 1
6.20964 58.7813 0.00564972 1
3.30391 51.0146 0.00595238 1
13.0798 52.6141 0.016 1
32.4678 36.8998 0.00909091 1
3.49331 60.2891 0.0208333 1
7.32023 57.0061 0.00632911 1
10.26 53.5487 0.00598802 1
22.1838 41.7662 0.0920245 1
5.10199 56.7049 0.134948 1
4.70312 47.6015 0.242268 1
11.2985 57.6328 0.0147783 1
5.31831 57.5931 0.00714286 1
5.03047 57.9864 0.0078125 1
22.2124 224.946 0.00454545 0
22.2124 224.946 0.00395257 0
22.2124 224.946 0.0172414 0
22.2124 224.946 0.00431034 0
5.88975 48.6576 0.129412 1
22.2097 225.008 0.00444444 0
22.2097 225.008 0.00628931 0
22.2097 225.008 0.0555556 0
22.2097 225.008 0.0503145 0
22.2097 225.008 0.00724638 0
22.2097 225.008 0.00724638 0
22.2097 225.008 0.00540541 0
22.2097 225.008 0.0172414 0
22.2097 225.008 0.00724638 0
22.2097 225.008 0.0335196 0
45.9454 271.082 0.0111732 1
63.2543 276.648 0.0446429 1
3.87286 274.052 0.010989 1
22.2486 240.476 0.00431034 0
22.2486 240.476 0.00724638 0
22.2486 240.476 0.00558659 0
24.1809 277.241 0.0186916 0
34.9568 271.301 0.0121951 1
23.4928 240.484 0.14 1
6.58102 260.793 0.028169 1
19.1564 275.475 0.0155039 0
50.9449 276.097 0.0141844 1
18.3791 281.386 0.0245902 0
18.3791 281.386 0.0285714 0
18.3791 281.386 0.0155039 0
12.0518 39.3613 0.030303 1
22.2466 241.932 0.0629371 0
22.2466 241.932 0.0991736 0
1.47419 54.9588 0.103825 1
22.2458 242.029 0.0165289 0
22.2458 242.029 0.0322581 0
9.63322 53.7695 0.0872483 1
22.2335 242.04 0.00632911 0
6.79808 55.5707 0.0884956 1
3.06939 54.5819 0.00390625 1
25.8931 47.7474 0.1 1
17.5023 54.6119 0.0555556 1
12.0708 54.3086 0.0260417 1
6.27521 59.0721 0.0172414 1
2.01162 58.0774 0.0533981 1
9.19335 60.3544 0.0125 1
14.2269 55.3574 0.0201342 1
20.9363 55.6743 0.121795 1
15.4182 59.544 0.0384615 1
12.518 58.8817 0.056962 1
3.95706 58.6712 0.15748 1
5.61297 59.8249 0.0826446 1
2.72443 59.1082 0.0580645 1
9.55525 59.0713 0.0268456 1
3.09643 58.1484 0.0289256 1
22.3369 241.377 0.0335196 0
22.3369 241.377 0.00558659 0
22.3369 241.377 0.0755814 0
20.0274 37.4127 0.3 1
34.9718 37.72 0.00483092 0
22.3324 241.201 0.00444444 0
22.3324 241.201 0.0755814 0
22.3324 241.201 0.09 0
57.4334 276.557 0.0168067 1
9.85579 301.148 0.114286 1
25.911 284.971 0.118644 1
36.4951 289.089 0.0380952 1
22.6217 247.422 0.0629371 0
34.9559 277.511 0.0457516 1
22.5227 248.735 0.0991736 0
24.4439 292.512 0.0731707 0
22.5763 43.7763 0.121495 1
22.5194 248.6 0.0125 0
4.15511 57.7968 0.0816327 1
3.39377 50.3251 0.0852713 1
7.85924 57.2525 0.0348837 1
8.80079 51.4399 0.0222222 1
63.835 19.0354 0.0116279 1
12.328 46.4697 0.103448 1
4.754 59.4382 0.0506329 1
19.0496 50.2633 0.00699301 1
6.88162 60.2076 0.0585938 1
5.2202 61.3493 0.142202 1
8.50697 58.6836 0.0502283 1
7.36162 57.3675 0.041958 1
7.21309 48.1441 0.0382166 1
4.76433 59.2574 0.285124 1
5.51113 56.5291 0.107011 1
7.73971 58.6493 0.0128205 1
4.93817 59.5421 0.0408163 1
14.9774 50.3322 0.00714286 1
11.816 52.7955 0.0078125 1
3.54102 54.2919 0.0288462 1
8.82966 58.8408 0.178744 1
2.488 59.9417 0.00462963 1
17.5176 45.7896 0.122951 1
10.2546 51.0863 0.169697 1
2.89054 56.711 0.00796813 1
3.97853 54.0043 0.09375 1
22.5457 248.112 0.0186916 0
22.5457 248.112 0.09 0
22.5457 248.112 0.0634921 0
13.3868 42.7177 0.0344828 1
22.5386 248.032 0.0102041 0
22.5386 248.032 0.0592593 0
22.5386 248.032 0.0634921 0
9.23848 284.603 0.0857143 1
14.3666 291.938 0.0133333 1
48.7666 286.428 0.083871 1
16.0336 296.185 0.0430622 1
22.872 247.954 0.0165289 0
29.1251 271.931 0.0531915 1
19.6905 295.126 0.0162602 1
4.04488 291.571 0.00609756 1
22.8423 243.778 0.0322581 0
22.8423 243.778 0.0731707 0
22.8423 243.778 0.0186335 0
22.8423 243.778 0.00970874 0
22.8423 243.778 0.0186335 0
22.8423 243.778 0.0188679 0
8.80583 50.7971 0.0240964 1
29.0301 33.3315 0.00840336 0
5.90193 47.2835 0.331839 1
0.893293 54.333 0.103774 1
7.89229 56.6661 0.0153061 1
4.74761 45.3071 0.0218579 1
12.4131 55.6161 0.00483092 1
22.6196 53.6873 0.162791 1
11.5771 53.5387 0.00598802 1
11.1451 60.4577 0.040201 1
7.70137 59.5704 0.00995025 1
9.48561 59.764 0.0843882 1
10.6947 53.5888 0.0714286 1
12.9427 58.0703 0.0114943 1
5.20305 61.2221 0.0070922 1
8.70737 61.8013 0.0152284 1
3.58285 60.451 0.0111111 1
2.59777 59.5201 0.0441176 1
3.38249 61.3438 0.00628931 1
6.40658 60.9431 0.0125786 1
2.49216 59.5856 0.0116959 1
1.44677 58.5444 0.0333333 1
9.91137 58.7758 0.0272727 1
4.49286 57.5178 0.0819672 1
8.8374 55.4506 0.0588235 1
19.2797 43.4015 0.0679012 1
5.7132 55.6643 0.0311111 1
5.08682 58.0198 0.08125 1
3.99528 55.7228 0.0136364 1
22.9201 244.305 0.015748 0
22.9201 244.305 0.0121951 0
4.14933 59.8427 0.00680272 1
7.50564 45.079 0.0233918 1
24.4295 26.519 0.0179641 0
22.9114 244.351 0.0102041 0
22.9114 244.351 0.015748 0
22.9114 244.351 0.0184049 0
27.6165 260.913 0.0451613 1
3.45244 271.757 0.00561798 1
23.061 241.799 0.00483092 0
23.061 241.799 0.0592593 0
23.061 241.799 0.0121951 0
23.061 241.799 0.01 0
35.54 295.632 0.0663717 1
23.4861 291.369 0.0541872 1
2.02028 276.412 0.025 1
21.9062 261.937 0.0204082 1
23.4087 237.429 0.0125 0
23.4087 237.429 0.0188679 0
23.4087 237.429 0.00990099 0
31.3614 270.184 0.0326087 1
23.3286 237.608 0.0153061 0
58.657 266.664 0.0384615 1
23.214 241.088 0.00970874 0
23.214 241.088 0.00990099 0
23.214 241.088 0.010101 0
14.0484 32.477 0.008 1
23.1998 241.089 0.00900901 0
4.02726 39.1004 0.367347 1
10.6673 50.6233 0.0598802 1
47.1403 14.9884 0.012987 1
21.9923 47.0381 0.0107527 1
1.19151 52.2135 0.00952381 1
7.54772 50.8656 0.0292398 1
20.7693 55.7721 0.015625 1
9.76447 63.8549 0.0106007 1
22.8237 52.8973 0.00813008 1
8.00763 58.2947 0.0224215 1
4.14338 63.3385 0.0254237 1
7.10035 54.4076 0.116564 1
10.1972 59.075 0.00917431 1
1.60987 62.3862 0.0789474 1
3.33406 61.38 0.00485437 1
5.54897 63.3505 0.010582 1
7.59455 60.9163 0.0245098 1
2.16393 58.7418 0.0125523 1
4.19701 62.5619 0.00833333 1
10.0835 62.2742 0.00649351 1
3.40802 59.6818 0.00617284 1
1.67417 62.023 0.0520833 1
23.2011 238.695 0.0184049 0
23.2011 238.695 0.01 0
23.2011 238.695 0.0255102 0
23.2011 238.695 0.0147783 0
23.2011 238.695 0.0255102 0
23.2011 238.695 0.0139535 0
19.4551 281.561 0.160622 1
11.2348 286.337 0.00925926 1
48.9974 287.094 0.104294 1
39.5794 297.213 0.382653 1
39.0577 212.554 0.00526316 1
42.8743 251.802 0.0172414 1
23.7286 252.014 0.00840336 0
23.7286 252.014 0.010101 0
23.7286 252.014 0.0961538 0
23.7286 252.014 0.0738255 0
87.4834 272.174 0.146667 1
23.3898 285.493 0.0153061 0
23.3898 285.493 0.0961538 0
23.3898 285.493 0.0366492 0
23.3898 285.493 0.0238095 0
23.3898 285.493 0.039604 0
12.3402 48.8667 0.030303 1
18.2722 41.9596 0.0184332 1
3.02822 59.1252 0.0790514 1
10.9848 57.6523 0.0930233 1
15.1415 58.8528 0.113122 1
10.5752 63.6978 0.152 1
5.44769 62.6274 0.0612245 1
8.70873 59.8603 0.00431034 1
5.56729 54.8332 0.0483871 1
5.24158 54.5103 0.0184049 1
11.7771 61.5263 0.00497512 1
5.7949 63.9943 0.00865801 1
11.8095 58.5082 0.330508 1
11.0956 60.5828 0.00591716 1
15.5016 56.2459 0.0148148 1
8.53152 59.6027 0.00934579 1
10.7936 61.32 0.04 1
2.73725 52.9219 0.00483092 1
6.25629 48.3544 0.0812183 1
1.70999 61.502 0.0175439 1
23.4045 285.39 0.0139535 0
23.4045 285.39 0.0315315 0
10.4508 54.4716 0.289216 1
6.50418 45.9873 0.0382514 1
23.3886 285.411 0.0245098 0
23.3886 285.411 0.0179641 0
23.3886 285.411 0.0147783 0
23.3886 285.411 0.0315315 0
23.3886 285.411 0.005 0
23.3886 285.411 0.00558659 0
30.0714 315.764 0.00943396 1
8.03467 293.092 0.0512821 1
91.6419 317.754 0.013986 1
59.2879 326.644 0.00549451 1
23.1937 307.313 0.0366492 0
7.40504 238.828 0.023622 1
23.1193 307.069 0.00900901 0
23.1193 307.069 0.0238095 0
23.1193 307.069 0.0372671 0
23.1193 307.069 0.0738255 0
23.1193 307.069 0.0372671 0
23.1193 307.069 0.038674 0
23.1193 307.069 0.0523256 0
21.2742 34.4156 0.038674 1
23.1221 305.06 0.00529101 0
5.50812 44.1528 0.00490196 1
11.19 45.5722 0.00555556 1
25.7034 54.3117 0.013986 1
26.8355 52.7484 0.0103627 1
3.8762 59.1604 0.0117647 1
14.4908 61.7114 0.0358566 1
5.27382 63.6511 0.00371747 1
106.227 9.24145 0.0384615 1
8.07843 60.4753 0.285 1
3.38448 66.9973 0.247826 1
2.92665 65.2201 0.00851064 1
2.66674 63.9513 0.0603015 1
8.03654 65.8371 0.172897 1
5.48981 63.8675 0.0304348 1
4.48525 58.2025 0.00591716 1
4.67092 63.4517 0.0119048 1
10.5858 68.7656 0.0337079 1
7.2864 67.2529 0.0865385 1
7.37949 60.224 0.126316 1
7.86033 63.6261 0.0754717 1
4.64737 61.9969 0.0232558 1
2.36406 61.3667 0.0653061 1
23.1449 302.465 0.005 0
23.1449 302.465 0.0164835 0
21.6346 48.9002 0.125 1
3.85277 63.4051 0.0276498 1
23.136 302.319 0.00558659 0
23.136 302.319 0.0372671 0
23.136 302.319 0.0108696 0
32.4584 33.3594 0.201613 0
10.1752 53.7601 0.0290698 1
23.6451 47.8538 0.0316456 0
23.1274 302.292 0.0245098 0
23.1274 302.292 0.0164835 0
23.1274 302.292 0.0372671 0
23.1274 302.292 0.046875 0
1.70416 350.146 0.0502793 1
23.1347 299.639 0.0108696 0
23.1347 299.639 0.013245 0
27.6883 333.024 0.0238095 1
37.4532 334.088 0.16129 1
36.8684 336.993 0.0120482 1
76.3112 339.002 0.00657895 1
18.5935 361.671 0.0148148 1
23.0786 311.404 0.038674 0
23.0786 311.404 0.039604 0
23.0786 311.404 0.0523256 0
23.0786 311.404 0.0280374 0
92.4754 359.574 0.118644 1
23.3099 338.448 0.0280374 0
23.3099 338.448 0.110236 0
86.7076 23.4378 0.107843 0
57.3032 50.4847 0.0379747 0
64.1911 37.5935 0.0075188 0
31.4153 32.0508 0.125749 0
57.3032 50.4847 0.0110497 0
64.1911 37.5935 0.0128205 0
31.4153 32.0508 0.0631579 0
14.476 44.1826 0.0285714 1
10.2832 66.7096 0.0114068 1
12.7721 63.1167 0.08 1
16.2675 59.0525 0.557377 1
4.30291 65.9139 0.0253165 1
3.09997 66.5806 0.00436681 1
13.2601 63.3628 0.356164 1
8.56783 67.1696 0.00561798 1
2.42253 57.0872 0.0502793 1
4.64001 57.9415 0.0330189 1
2.62438 67.2371 0.0368421 1
11.0664 56.3432 0.030303 1
8.86946 61.4376 0.0283688 1
3.73406 67.7222 0.0196078 1
7.07261 65.1709 0.128049 1
0.817963 67.304 0.0185185 1
23.3501 338.707 0.046875 0
23.3501 338.707 0.013245 0
23.3501 338.707 0.024 0
34.9985 21.4708 0.0229885 0
23.3501 338.707 0.201613 0
23.3501 338.707 0.00555556 0
3.08239 369.244 0.156069 1
32.801 356.893 0.192308 1
53.1507 369.797 0.0325203 1
28.0966 383.329 0.012987 1
46.7673 386.873 0.291209 1
23.6491 338.054 0.00529101 0
16.6139 360.562 0.0737705 1
78.9617 360.174 0.0126582 1
36.4976 387.707 0.105263 1
45.1806 391.397 0.00934579 1
3.79917 383.462 0.0604396 1
31.6822 388.868 0.0762332 1
24.3872 339.784 0.110236 0
24.3872 339.784 0.107843 0
52.4401 377.118 0.10084 1
46.6248 361.965 0.00657895 1
31.5231 31.7918 0.125749 0
31.5231 31.7918 0.0631579 0
44.6323 13.3213 0.180328 1
42.4623 40.8643 0.0425532 0
29.8452 301.894 0.0215054 1
82.3089 385.885 0.031746 1
15.9602 386.49 0.00641026 0
17.6497 373.391 0.0194175 1
49.1736 371.58 0.0227273 1
20.6345 375.057 0.198198 1
25.4045 345.688 0.0724638 0
25.4045 345.688 0.0425532 0
25.4045 345.688 0.0724638 0
29.1077 39.3698 0.0406977 1
25.3712 344.665 0.00675676 0
2.60658 47.7114 0.168067 1
14.7284 66.2891 0.027933 1
11.2601 64.1834 0.00588235 1
25.9493 64.2279 0.0350877 1
6.42613 64.9747 0.0680851 1
3.04353 66.1763 0.0779221 1
4.11856 67.9227 0.0204082 1
8.58879 62.1482 0.0206897 1
13.1254 63.7298 0.0130719 1
24.4457 59.6446 0.0107527 1
6.45413 66.131 0.0104712 1
20.1938 64.2331 0.00862069 1
16.2974 61.5805 0.0224719 1
11.0047 65.6058 0.12 1
6.02547 66.5646 0.0363636 1
6.50682 66.786 0.0299401 1
2.92815 64.9468 0.035461 1
5.01999 55.8158 0.0193798 1
5.22378 64.2286 0.0981308 1
1.18066 65.5969 0.0174216 1
3.70237 64.9016 0.0693069 1
25.4957 344.895 0.00555556 0
25.4957 344.895 0.0046729 0
5.42013 65.1471 0.0167364 1
25.5019 344.949 0.0361991 0
25.5019 344.949 0.0921053 0
3.43399 61.2897 0.141553 1
14.4102 45.2811 0.114094 1
25.5019 344.944 0.0316456 0
25.5019 344.944 0.024 0
25.5019 344.944 0.0046729 0
25.5019 344.944 0.0361991 0
25.5019 344.944 0.0060241 0
43.6481 384.128 0.0141509 1
57.4748 374.132 0.00543478 1
22.334 395.086 0.0352423 1
48.1955 399.35 0.00680272 1
75.9873 389.549 0.0118343 1
26.7855 351.537 0.0379747 0
26.7855 351.537 0.0110497 0
26.7855 351.537 0.0075188 0
26.7855 351.537 0.0128205 0
26.7855 351.537 0.0206897 0
26.7855 351.537 0.0545455 0
26.7855 351.537 0.00641026 0
26.7855 351.537 0.0206897 0
26.7855 351.537 0.0545455 0
26.7855 351.537 0.0631579 0
26.7855 351.537 0.101124 0
26.7855 351.537 0.327586 0
26.7855 351.537 0.157895 0
67.328 3.92891 0.0612245 0
21.2782 60.3586 0.0571429 1
4.96025 60.5621 0.0233918 1
12.0498 65.9224 0.0268817 1
62.4849 51.3317 0.0340909 1
29.1468 58.2499 0.178571 1
0.691611 62.1941 0.00884956 1
18.5122 59.1475 0.0168539 1
5.01775 69.3572 0.0246914 1
2.21303 68.2188 0.0617978 1
3.0702 68.7066 0.10596 1
3.12963 68.3328 0.0469799 1
12.7529 58.8205 0.116505 1
16.1154 63.4997 0.0985916 1
11.6969 69.2538 0.00485437 1
11.5726 62.1901 0.137255 1
2.78942 42.8504 0.134409 1
2.83356 63.8139 0.0255319 1
18.7819 59.6025 0.0707965 1
12.8556 69.9897 0.0927152 1
1.61653 68.5745 0.0460526 1
11.681 68.4397 0.180556 1
1.96444 69.7016 0.079646 1
2.03009 67.8016 0.0484582 1
8.72462 63.6721 0.0388889 1
26.7596 350.193 0.0229885 0
26.7596 350.193 0.0921053 0
6.33139 386.035 0.1 1
26.7574 348.831 0.0408163 0
6.22361 380.37 0.00847458 1
68.7735 382.546 0.0384615 1
81.6776 416.717 0.00558659 1
45.1177 354.21 0.00606061 1
51.2092 357.157 0.0963855 1
27.7913 360.31 0.0631579 0
27.7913 360.31 0.00526316 0
27.7913 360.31 0.101124 0
27.7913 360.31 0.00675676 0
27.7913 360.31 0.327586 0
27.7913 360.31 0.157895 0
10.5556 62.1374 0.265823 1
18.0725 61.2377 0.0828729 1
11.8238 66.6355 0.011976 1
2.76629 66.855 0.0544554 1
8.13957 63.9273 0.0384615 1
4.69926 68.9371 0.00819672 1
10.0331 63.9986 0.0245098 1
5.78304 68.9451 0.00719424 1
4.6911 67.3381 0.0257732 1
3.13165 69.512 0.101322 1
37.5813 39.3763 0.0172414 1
8.08581 70.8919 0.0046729 1
5.60883 71.1968 0.0718954 1
5.07871 61.4964 0.273128 1
8.12881 69.4912 0.175 1
4.32261 68.3828 0.0340426 1
6.74969 69.2876 0.0326797 1
7.90483 65.1428 0.138211 1
8.74753 58.7812 0.0322581 1
2.585 69.6727 0.0149254 1
27.8993 359.745 0.0212766 0
5.09793 65.9037 0.0393701 1
5.58652 66.8729 0.0117188 1
8.70322 69.8275 0.0143541 1
27.8615 359.909 0.0060241 0
27.8615 359.909 0.0408163 0
27.8615 359.909 0.186441 0
27.8615 359.909 0.00813008 0
15.4096 408.991 0.0522876 0
27.8615 359.909 0.00497512 0
15.4096 408.991 0.08 0
41.4391 414.381 0.00952381 0
31.8695 423.299 0.00729927 0
27.8615 359.909 0.00383142 0
15.4096 408.991 0.047619 0
72.7716 390.508 0.00598802 1
28.0879 361.814 0.00462963 0
15.5356 410.895 0.021978 0
31.284 400.913 0.0449438 1
25.8574 417.682 0.0075188 0
28.1346 361.627 0.0612245 0
28.1346 361.627 0.0408163 0
23.3261 429.411 0.0235294 0
25.8574 417.682 0.0549451 0
28.1346 361.627 0.00526316 0
28.1346 361.627 0.0408163 0
1.70058 63.9499 0.00704225 1
7.60137 67.2471 0.0218978 1
14.0948 67.7247 0.385827 1
19.5201 56.0236 0.0902256 1
18.8313 63.9308 0.0241935 1
17.9858 44.7392 0.0887574 1
4.27509 66.2535 0.046875 1
7.722 66.5447 0.00448431 1
1.29269 62.4665 0.00471698 1
14.9811 67.7956 0.011976 1
5.55801 69.9606 0.00606061 1
9.80137 67.5682 0.0251572 1
5.84529 67.2497 0.0534351 1
1.85075 71.3304 0.0223214 1
3.71038 71.3683 0.0430108 1
14.5207 60.5143 0.0285714 1
4.57349 69.0196 0.0397727 1
1.63695 70.7493 0.0334928 1
8.85949 70.199 0.145038 1
12.6369 66.288 0.0357143 1
2.68591 68.6448 0.1 1
9.78881 71.2313 0.0391061 1
2.18547 68.9254 0.0136986 1
14.2243 57.2965 0.0155039 1
13.5395 69.1403 0.0204082 1
9.39305 68.5476 0.0118343 1
2.85837 69.5278 0.0124224 1
2.28547 67.9108 0.0255474 1
28.1997 361.435 0.0212766 0
28.1997 361.435 0.186441 0
28.1997 361.435 0.0384615 0
28.1997 361.435 0.00813008 0
28.1997 361.435 0.00383142 0
28.1997 361.435 0.0384615 0
13.5911 49.2737 0.0276243 1
6.63139 63.6162 0.0725389 1
1.18978 67.2695 0.0784314 1
6.28574 70.8825 0.0298507 1
28.1808 361.499 0.0522876 0
28.1808 361.499 0.08 0
28.1808 361.499 0.047619 0
28.1808 361.499 0.021978 0
28.1808 361.499 0.0851064 0
28.1808 361.499 0.02 0
21.6664 54.5995 0.0882353 1
28.184 361.39 0.0116279 0
13.0012 62.3219 0.102273 1
7.40541 61.6157 0.141176 1
28.1781 361.237 0.0851064 0
28.1781 361.237 0.010989 0
28.1781 361.237 0.02 0
28.1781 361.237 0.025 0
28.1781 361.237 0.0412371 0
28.1781 361.237 0.0283019 0
22.5862 421.021 0.0205479 0
10.4135 67.9991 0.211679 1
7.62982 68.9531 0.317073 1
17.2324 51.733 0.0736196 1
6.68921 59.9885 0.0342857 1
21.8039 61.4452 0.104167 1
12.3257 68.4367 0.0308642 1
28.2203 360.978 0.0235294 0
2.40747 66.3224 0.155963 1
2.74667 64.3716 0.00469484 1
9.28986 69.7757 0.0833333 1
6.28331 67.483 0.0652174 1
17.7938 60.0536 0.0104167 1
18.3865 59.0105 0.00819672 1
3.86161 68.14 0.0519481 1
6.65651 67.0183 0.0722222 1
7.23062 65.3691 0.0167598 1
4.32394 68.9878 0.0673077 1
2.42749 64.1163 0.0315789 1
20.0587 53.0393 0.0659898 1
4.66847 65.1888 0.0745098 1
9.49748 64.6575 0.0814815 1
3.1959 63.6848 0.00649351 1
3.53311 66.5505 0.0736196 1
5.72349 63.6401 0.00806452 1
10.5024 70.4964 0.160804 1
7.37924 71.4426 0.0596491 1
7.68317 70.3005 0.0234742 1
3.63616 69.6066 0.00434783 1
12.4761 70.4434 0.0125 1
4.09552 67.6321 0.121107 1
28.2543 361.542 0.00497512 0
28.2543 361.542 0.00462963 0
28.2543 361.542 0.00952381 0
28.2543 361.542 0.025 0
19.5275 56.4265 0.171429 1
28.2559 361.5 0.00729927 0
28.2559 361.5 0.0116279 0
28.2559 361.5 0.0285714 0
28.2559 361.5 0.060241 0
28.2559 361.5 0.0827586 0
28.2559 361.5 0.030303 0
22.964 424.412 0.0397727 0
8.22407 69.6678 0.013245 1
4.67729 61.355 0.036036 1
2.97163 60.6004 0.0497512 1
2.41483 68.505 0.0434783 1
28.2462 361.614 0.0075188 0
28.2462 361.614 0.0549451 0
28.2462 361.614 0.0283019 0
28.2462 361.614 0.0285714 0
9.48258 64.2115 0.00495049 1
4.28797 69.3704 0.00952381 1
24.9358 52.079 0.00840336 1
9.46277 64.3589 0.0148515 1
18.9556 61.8329 0.0412844 1
12.8498 68.7923 0.0176991 1
4.59417 64.7991 0.0130719 1
6.56394 68.668 0.0689655 1
8.42454 67.986 0.181395 1
4.57705 69.6978 0.0105263 1
2.6857 68.8978 0.0052356 1
17.3818 65.5776 0.15814 1
17.8962 52.3955 0.0705128 1
24.1553 61.0815 0.323077 1
11.7412 69.2896 0.0730594 1
5.71925 68.8456 0.175299 1
9.29474 55.4114 0.0147783 1
6.00297 66.1767 0.00854701 1
1.16861 69.9786 0.0367893 1
4.59326 68.3241 0.147766 1
6.6804 70.079 0.0416667 1
11.2773 68.7466 0.00574713 1
2.54022 63.3422 0.0201613 1
5.46236 71.8963 0.005 1
19.2909 63.4632 0.0153846 1
8.95383 70.7687 0.0248756 1
4.32779 71.2454 0.0692641 1
8.86005 62.9155 0.0597015 1
1.62637 65.2937 0.00757576 1
6.29063 71.0924 0.0149254 1
28.3777 361.565 0.010989 0
28.3777 361.565 0.0412371 0
28.3777 361.565 0.060241 0
28.3777 361.565 0.0205479 0
28.3777 361.565 0.0827586 0
4.23564 67.0952 0.00390625 1
6.71901 71.3908 0.0170213 1
4.56039 69.8989 0.162896 1
2.42735 71.3812 0.0324675 1
28.3481 361.759 0.030303 0
3.32956 68.3444 0.0075188 1
48.6832 44.4571 0.0291262 1
5.23571 68.7086 0.034965 1
13.7953 68.3251 0.327014 1
9.77794 66.1568 0.00662252 1
12.6207 67.0622 0.150685 1
3.55231 66.3699 0.0176991 1
4.68933 68.9282 0.0225564 1
8.23248 68.69 0.0106383 1
2.01083 65.6675 0.135294 1
15.6673 63.9369 0.0223464 1
21.2184 65.7858 0.0806452 1
2.64684 63.7963 0.00487805 1
5.3689 64.8251 0.111111 1
2.6862 68.2416 0.0462428 1
4.15653 66.989 0.0769231 1
8.37773 68.0619 0.0225564 1
5.50478 62.3899 0.00662252 1
11.1887 68.388 0.16 1
6.99879 70.4026 0.0483871 1
9.37584 69.6756 0.0184049 1
4.29357 69.2501 0.017316 1
8.16838 63.0326 0.0225989 1
2.83444 70.4046 0.0035461 1
8.50155 69.3165 0.0105263 1
28.3822 361.913 0.0397727 0
7.22199 70.4566 0.00714286 1
6.65483 67.5113 0.00534759 1
1.0815 69.3102 0.0833333 1
6.66024 67.9353 0.00869565 1
17.8982 62.3224 0.0432432 1
25.6868 52.0148 0.017094 1
12.5505 68.7527 0.0182648 1
4.98115 68.9824 0.0451613 1
7.07397 68.5218 0.0186567 1
19.1041 62.1395 0.355263 1
4.36362 65.0238 0.0280374 1
27.7485 44.7339 0.00826446 1
14.719 66.5489 0.0526316 1
6.86283 69.2782 0.0440529 1
11.0908 65.1245 0.198895 1
8.15008 67.8357 0.227273 1
5.21938 65.1934 0.127168 1
15.2576 64.6082 0.171171 1
10.8775 66.3387 0.05 1
5.07406 61.5998 0.190265 1
6.28766 64.3278 0.160784 1
0.830748 66.6427 0.105882 1
11.9691 65.0644 0.037037 1
4.11256 63.4636 0.107843 1
1.54421 60.887 0.0218341 1
3.98258 69.5803 0.00429185 1
6.00707 70.2262 0.0113208 1
5.94892 64.1421 0.0128205 1
1.41694 66.279 0.0216216 1
4.96644 69.6379 0.0974359 1
6.92711 70.2965 0.00552486 1
4.61807 71.4043 0.0813954 1
5.55183 70.7234 0.00490196 1
6.29814 71.1747 0.00409836 1
8.59302 70.0735 0.035 1
5.17961 66.9835 0.00369004 1
4.39689 69.8386 0.259494 1
3.80846 68.5048 0.0116279 1
9.04749 69.7697 0.00684932 1
7.0394 69.827 0.0724638 1
4.22807 71.0214 0.0162162 1
3.85239 69.7532 0.0157895 1
13.571 62.5409 0.0961538 1
8.29024 67.0111 0.0168539 1
8.07097 66.9092 0.0869565 1
2.78598 64.6906 0.0786517 1
6.46592 67.7684 0.00462963 1
10.8331 66.6935 0.0421687 1
13.5001 67.3209 0.0294118 1
8.85189 58.3911 0.00990099 1
2.60685 60.5279 0.184874 1
2.38207 60.6769 0.126761 1
4.75649 67.0412 0.204082 1
23.6953 53.6163 0.050505 1
21.0914 62.4748 0.00869565 1
11.8431 66.7588 0.0855263 1
8.86238 66.7801 0.215768 1
2.1778 65.9336 0.0166667 1
7.35054 70.0225 0.0368664 1
1.78266 68.8827 0.00851064 1
4.68188 68.3087 0.0393701 1
5.14619 70.0054 0.0117188 1
1.67383 69.076 0.0321101 1
1.54952 67.7637 0.0612245 1
11.431 66.6653 0.0377358 1
5.33943 66.2899 0.00913242 1
8.96688 59.4289 0.0881057 1
2.96446 66.8668 0.00448431 1
6.28173 66.9779 0.0819672 1
9.65862 69.0389 0.0344828 1
4.6195 66.6115 0.00851064 1
13.3066 66.9061 0.0125 1
17.2919 65.3102 0.0146341 1
10.3545 64.3979 0.0117647 1
16.493 65.4668 0.0466667 1
6.41369 67.0976 0.0144928 1
23.9358 56.7638 0.0135135 1
14.3801 58.5936 0.177215 1
6.09101 66.7393 0.003861 1
19.6278 53.7012 0.00520833 1
12.5691 61.9729 0.256944 1
1.5664 64.4738 0.127193 1
5.45875 61.969 0.0685714 1
2.05562 62.4992 0.0153061 1
12.7493 60.2317 0.0547945 1
9.89091 66.3087 0.0114943 1
6.07773 65.9961 0.00507614 1
4.14649 68.802 0.110266 1
5.32542 62.2842 0.00657895 1
5.63312 65.8396 0.00699301 1
5.19065 69.2637 0.0288066 1
9.10718 68.245 0.0199005 1
3.6445 66.4968 0.0158103 1
1.60405 67.0967 0.014218 1
7.37271 66.3814 0.00943396 1
4.39585 69.8265 0.0215517 1
6.97662 62.1145 0.0447761 1
7.90796 66.269 0.00819672 1
31.6495 35.7333 0.106061 1
3.78033 64.7309 0.0223464 1
7.71929 67.674 0.0233645 1
12.9594 63.9272 0.03125 1
14.867 67.8334 0.0233645 1
20.2724 67.3528 0.013245 1
2.84595 67.5587 0.0310078 1
1.68726 66.5551 0.0323887 1
12.033 51.9772 0.111111 1
1.8567 64.4389 0.00851064 1
14.7478 58.6057 0.0149254 1
10.0064 61.8509 0.0689655 1
11.9188 43.8289 0.00826446 1
2.57279 65.4218 0.00483092 1
16.8257 58.2008 0.0186916 1
7.6797 68.9576 0.0662983 1
4.68606 67.0776 0.0163934 1
5.97915 68.9309 0.0793651 1
8.55378 70.0549 0.0042735 1
2.99493 68.1581 0.11828 1
6.07747 69.57 0.0232558 1
5.01073 68.1897 0.0123967 1
2.85425 68.9033 0.004 1
4.71101 69.1123 0.0229358 1
6.17201 68.3071 0.00796813 1
4.26474 63.645 0.123188 1
2.3111 67.5295 0.00591716 1
8.72445 69.8039 0.211429 1
8.48225 69.4388 0.276042 1
6.30068 69.7074 0.0299145 1
4.44533 69.1184 0.0222222 1
2.94684 69.071 0.052381 1
3.77179 66.214 0.0180995 1
6.65859 68.3848 0.0234742 1
5.22674 61.6763 0.087156 1
17.8511 65.5499 0.00970874 1
1.98802 64.052 0.0223881 1
5.74245 66.6322 0.0163934 1
10.7166 68.342 0.0242424 1
21.0565 64.7509 0.0181818 1
14.6541 68.88 0.0045045 1
17.3049 69.8912 0.0153846 1
11.3924 67.2669 0.049505 1
6.02753 67.0429 0.0982659 1
3.22264 66.6537 0.0306122 1
1.36825 57.4373 0.0104712 1
4.20325 67.1649 0.0340136 1
3.56699 64.2666 0.0153846 1
3.16481 64.8345 0.0218579 1
12.0022 64.971 0.0285714 1
12.1377 62.9229 0.00657895 1
13.0532 55.6034 0.0810811 1
5.75927 68.0678 0.00699301 1
3.46255 60.7624 0.0758929 1
11.3522 69.4315 0.0655738 1
8.78826 62.1561 0.0133333 1
1.38412 67.5396 0.039548 1
7.23763 67.8289 0.0194175 1
1.3497 68.9879 0.00921659 1
3.79757 66.1395 0.00694444 1
3.12823 68.7942 0.0481928 1
13.8985 49.5784 0.01875 1
0.850761 66.8079 0.20202 1
6.09232 64.877 0.0416667 1
6.72559 67.1266 0.00343643 1
22.7091 55.3875 0.00657895 1
10.3331 62.4888 0.039801 1
18.1501 59.5603 0.205674 1
7.59608 64.0518 0.0191083 1
8.26457 63.9084 0.188406 1
4.58916 66.85 0.0178571 1
9.51235 64.2985 0.00719424 1
15.8791 65.7489 0.0193237 1
28.2095 61.3112 0.142857 1
15.612 66.5655 0.108108 1
11.1026 63.649 0.00657895 1
8.27757 64.6142 0.0541872 1
8.41567 63.3621 0.0141509 1
7.47259 65.8912 0.21519 1
1.29288 64.6735 0.0121951 1
7.11028 60.0585 0.0581395 1
4.71052 63.2071 0.208556 1
9.63224 66.5039 0.00552486 1
9.46278 67.4138 0.0338164 1
5.81735 66.4555 0.0227273 1
2.71357 67.8878 0.0701107 1
8.11539 58.0385 0.0967742 1
4.97457 68.956 0.0273973 1
2.10196 68.3477 0.0368664 1
2.73754 66.6108 0.00518135 1
12.9726 61.0134 0.0258621 1
1.78939 68.2033 0.0239234 1
4.58581 68.1325 0.00492611 1
9.44515 68.1244 0.0735294 1
2.55001 57.7436 0.0993377 1
17.113 54.1462 0.016129 1
6.96649 68.2116 0.00961538 1
4.9274 69.3894 0.0746888 1
6.04452 66.8636 0.00423729 1
10.521 65.6828 0.036036 1
3.89757 66.9669 0.00704225 1
8.37436 67.4571 0.0143885 1
6.96412 63.9125 0.0645161 1
24.7695 45.3165 0.00917431 1
2.75531 66.3133 0.1 1
7.96053 65.9413 0.0229008 1
6.36808 66.6914 0.00353357 1
9.81861 65.8338 0.055 1
18.4964 65.7359 0.00787402 1
15.1874 65.7338 0.00760456 1
5.82587 61.1751 0.323699 1
8.30304 65.018 0.217742 1
1.48731 63.3305 0.303318 1
2.21969 67.0613 0.0198676 1
9.36693 61.6698 0.230769 1
7.91552 61.2114 0.0960452 1
2.41331 60.2084 0.0621762 1
7.94605 67.4994 0.0428016 1
1.9965 62.1137 0.011236 1
16.5768 34.7781 0.00900901 1
36.693 54.7652 0.157895 1
5.61042 59.1538 0.0857143 1
5.66331 68.4692 0.00847458 1
1.07871 66.8674 0.0721649 1
3.39517 69.5835 0.0674157 1
3.77891 67.8358 0.015873 1
2.12465 66.413 0.0220994 1
6.74883 67.7885 0.030837 1
4.95071 63.9841 0.170213 1
26.5774 52.3478 0.039604 1
2.03414 67.4587 0.127168 1
3.15898 65.2817 0.0427807 1
5.06156 66.6228 0.00510204 1
19.6834 58.0299 0.0162162 1
12.7112 63.1625 0.0222222 1
4.6656 58.9605 0.208738 1
3.29533 65.9668 0.00429185 1
7.6006 67.1927 0.00526316 1
2.30307 67.0654 0.0651341 1
6.93128 60.4801 0.0428571 1
2.34053 60.6994 0.193798 1
6.04485 66.3316 0.00534759 1
13.2089 66.6789 0.169643 1
6.29054 65.6489 0.0594059 1
1.64376 66.2939 0.01 1
2.90859 66.4452 0.0136054 1
6.80501 66.2804 0.00641026 1
5.13075 69.0742 0.00442478 1
2.00122 68.3083 0.044843 1
9.25823 67.3117 0.0220588 1
4.45712 65.2789 0.00909091 1
29.9683 54.3358 0.0319149 1
15.9244 62.2008 0.127273 1
5.6174 63.5869 0.0961538 1
7.74972 64.9991 0.0288462 1
4.32435 68.7739 0.00478469 1
7.99034 67.2392 0.00396825 1
12.7446 56.9241 0.08125 1
5.33237 66.0903 0.0146341 1
4.96814 66.1943 0.00512821 1
16.5475 56.2141 0.0105263 1
15.6932 62.0139 0.0265487 1
13.1318 47.2241 0.0588235 1
10.6026 62.265 0.00909091 1
21.1395 62.122 0.0663717 1
13.19 63.9482 0.0449438 1
4.62773 55.0061 0.0466667 1
5.45442 62.094 0.0719424 1
5.72027 65.4688 0.130841 1
10.9121 66.8036 0.0971429 1
1.66711 62.5674 0.0223214 1
3.92324 64.1581 0.0291262 1
13.7816 66.2444 0.0423729 1
9.84361 66.5045 0.0112994 1
2.65018 61.3678 0.0230415 1
23.0126 50.1404 0.0263158 1
6.46574 65.4894 0.0625 1
4.0097 66.3839 0.0131579 1
15.4448 54.292 0.00636943 1
17.8273 54.0757 0.0193548 1
1.61425 65.1271 0.087963 1
4.46661 54.1425 0.290503 1
2.0632 64.8836 0.076 1
6.31327 66.9935 0.0473684 1
7.1529 67.9526 0.0242424 1
4.07284 68.8474 0.0189573 1
1.8884 62.7947 0.00531915 1
5.92041 68.716 0.0110294 1
10.1698 63.9809 0.0182927 1
21.9511 54.3956 0.0851064 1
24.8308 57.9205 0.142857 1
2.17568 66.4359 0.0273973 1
2.3573 65.933 0.00581395 1
8.63547 63.8589 0.0454545 1
7.63848 65.0187 0.222222 1
6.03841 65.0753 0.00598802 1
1.61045 67.3784 0.00913242 1
5.15744 61.7848 0.0125 1
15.848 59.4889 0.0212766 1
7.96896 62.8983 0.0147059 1
14.8727 62.6269 0.0192308 1
1.72304 53.9385 0.00684932 1
22.3799 57.8889 0.0568182 1
4.13217 60.3383 0.00446429 1
2.95371 62.9553 0.0128755 1
7.08203 66.778 0.0193548 1
18.9119 55.2667 0.0106383 1
8.95998 67.8473 0.00704225 1
13.3217 65.1323 0.025 1
1.69524 62.9593 0.0410256 1
7.98975 63.2847 0.0197044 1
4.79897 63.4108 0.162896 1
4.72544 66.2089 0.00420168 1
1.85914 64.1163 0.00647249 1
4.92271 67.0189 0.107143 1
1.70604 67.3314 0.00492611 1
5.79458 63.0039 0.0393701 1
2.16692 66.5783 0.043956 1
4.88669 68.63 0.00847458 1
7.72224 67.7121 0.005 1
8.37714 65.752 0.229268 1
1.34757 65.4765 0.0157068 1
4.60956 67.2801 0.0143885 1
8.09326 56.1981 0.0412844 1
6.56565 66.3853 0.00492611 1
5.49278 64.5653 0.0682927 1
5.72913 66.2673 0.00568182 1
23.4074 56.0108 0.0180723 1
2.23778 62.5463 0.0761421 1
2.22385 61.5009 0.0186335 1
13.0952 62.8672 0.0616438 1
13.1441 61.2729 0.00675676 1
8.53382 57.4877 0.0416667 1
8.43007 55.9702 0.291391 1
7.9898 65.9323 0.159624 1
3.64059 61.2132 0.0850202 1
2.86287 60.3224 0.0489796 1
11.8561 66.9106 0.00510204 1
6.89565 65.6756 0.0168539 1
10.5644 68.274 0.0880829 1
10.4524 64.3468 0.00970874 1
4.38817 58.5959 0.0540541 1
0.404873 65.5314 0.0817308 1
3.80535 65.5127 0.0132159 1
1.67602 65.573 0.00510204 1
6.74179 62.7933 0.0229358 1
1.63538 63.938 0.0583942 1
7.17651 67.4667 0.00478469 1
18.3138 49.0397 0.0205479 1
8.21175 66.8908 0.00829876 1
4.28761 65.2301 0.0320513 1
2.48546 64.2725 0.0909091 1
3.64117 64.8427 0.010582 1
9.00526 66.985 0.0223881 1
6.36568 63.9049 0.026455 1
11.6498 61.9887 0.00719424 1
4.27213 67.6316 0.10241 1
7.91845 66.3281 0.00704225 1
4.23913 60.8932 0.00662252 1
2.67072 47.5545 0.0526316 1
2.12024 55.3457 0.0772532 1
24.4339 49.2564 0.0387597 1
12.3904 65.335 0.00549451 1
3.39012 66.8882 0.00980392 1
11.1037 55.9258 0.0297619 1
2.78136 51.9932 0.103175 1
7.88454 65.3354 0.0240385 1
3.21553 60.9354 0.0102041 1
13.9743 66.7623 0.0188679 1
7.78355 66.1758 0.00568182 1
17.7047 56.8263 0.134615 1
8.93102 54.3412 0.252747 1
5.63795 66.9798 0.0826087 1
1.74308 63.1124 0.00692042 1
22.8927 48.2926 0.0574713 1
14.5988 56.2676 0.0344828 1
2.75016 64.8203 0.0285714 1
4.99323 67.0191 0.279188 1
8.39619 67.637 0.0166667 1
6.09895 68.136 0.0153846 1
3.49326 66.3095 0.1 1
2.68818 64.1433 0.0106383 1
4.43511 66.704 0.0956938 1
5.61594 66.607 0.109091 1
2.56662 59.7813 0.0894309 1
2.88778 62.4047 0.00420168 1
19.9226 54.663 0.025 1
9.1477 55.8111 0.0537634 1
4.03448 61.9215 0.024 1
2.61352 60.8575 0.111702 1
6.17444 65.663 0.00571429 1
1.57519 60.5226 0.00719424 1
11.8058 60.5464 0.0136986 1
13.4574 64.6727 0.00675676 1
11.265 60.1284 0.0222222 1
4.80466 64.8577 0.00487805 1
1.36857 64.0861 0.0125786 1
11.0537 66.1398 0.00518135 1
3.73877 62.2695 0.0462963 1
8.09338 59.7313 0.00446429 1
2.6404 63.4256 0.0384615 1
7.75933 63.6559 0.208333 1
3.0232 62.3483 0.00934579 1
0.8641 62.5861 0.0298507 1
4.81318 65.6148 0.0215517 1
9.52913 65.8682 0.017094 1
8.79173 65.9459 0.115942 1
5.85478 66.4803 0.346154 1
6.71544 66.8039 0.0083682 1
9.39382 66.3293 0.00431034 1
3.12891 61.8902 0.0441176 1
4.17501 63.8485 0.00666667 1
6.0229 61.4068 0.157407 1
9.95293 62.5438 0.02 1
7.13341 62.4073 0.121212 1
20.9134 51.9893 0.0659341 1
1.74595 63.3397 0.0792952 1
35.1894 28.9555 0.0824742 1
3.39264 61.9776 0.00568182 1
18.1564 61.6837 0.125926 1
7.91641 63.027 0.364641 1
17.4134 52.9456 0.17094 1
10.6749 62.7789 0.00833333 1
2.95223 62.3471 0.160804 1
5.1246 62.5731 0.00995025 1
87.4289 13.1872 0.0566038 1
4.86171 58.4345 0.0434783 1
19.6857 53.9584 0.081761 1
11.7546 58.9714 0.0168539 1
3.65708 67.1828 0.0105263 1
6.69636 66.8563 0.0955882 1
9.77854 64.4381 0.016129 1
6.25149 65.7089 0.0106383 1
2.37806 64.7927 0.0131579 1
20.6099 55.1985 0.0135135 1
10.0018 60.657 0.0131579 1
8.95051 56.8385 0.00497512 1
5.33303 65.477 0.141631 1
0.330921 63.8755 0.013986 1
3.22746 68.1544 0.0116279 1
16.5878 55.5698 0.0232558 1
2.22939 63.1056 0.00704225 1
4.49508 67.8473 0.0529101 1
13.6585 65.8988 0.00578035 1
2.17135 66.6769 0.00404858 1
19.6076 51.3152 0.0413793 1
8.52077 67.6213 0.0675676 1
5.35155 65.953 0.0337838 1
3.91988 66.6609 0.00806452 1
71.0509 63.6133 0.017094 1
7.16914 64.0118 0.0153061 1
3.86716 66.2024 0.00393701 1
3.19796 64.0136 0.0335196 1
4.65378 63.3418 0.288889 1
2.47621 62.2439 0.0240964 1
19.8878 47.182 0.028169 1
3.21482 59.5108 0.0373832 1
1.95163 66.6771 0.0106762 1
23.2792 58.0201 0.133333 1
7.2422 60.7297 0.0833333 1
2.43265 58.0438 0.00568182 1
5.56942 60.0911 0.016835 1
6.09299 63.0883 0.136986 1
0.980544 61.1596 0.0883978 1
9.95269 68.2336 0.00485437 1
4.38682 65.6555 0.0197044 1
7.00405 67.6425 0.0106383 1
6.27745 67.495 0.00653595 1
7.92276 68.157 0.0615385 1
3.93757 68.5206 0.0210526 1
5.57808 61.0392 0.00598802 1
7.0752 67.1431 0.0367347 1
10.724 66.7185 0.0104167 1
3.05784 64.729 0.0110497 1
9.77632 67.3153 0.034632 1
12.2511 62.6616 0.0266667 1
3.32153 64.8275 0.0977778 1
7.21896 65.558 0.00452489 1
2.18039 64.3727 0.00985222 1
7.87343 64.6313 0.0239521 1
3.01968 65.6562 0.00512821 1
13.0384 61.7119 0.0516129 1
9.12815 63.5785 0.0492611 1
6.70858 66.9607 0.0207254 1
3.19067 62.363 0.0607287 1
7.03834 63.8944 0.011236 1
6.25626 62.5921 0.117647 1
3.47845 65.5501 0.015544 1
18.4523 56.6895 0.00729927 1
3.52218 64.8007 0.224138 1
9.96096 61.8591 0.149171 1
13.1383 66.7201 0.0314465 1
5.43648 65.3993 0.00531915 1
4.2093 58.9707 0.0167598 1
2.59492 63.6198 0.00609756 1
5.9657 61.1939 0.0466321 1
1.21462 64.0371 0.0184332 1
22.3444 37.6826 0.0107527 1
4.39046 65.0208 0.0865385 1
17.4982 49.768 0.00628931 1
0.445111 61.9382 0.0212766 1
6.2779 68.1908 0.00578035 1
8.23597 66.4215 0.0459184 1
4.04143 67.6805 0.104046 1
43.4341 40.2668 0.0597015 1
6.45333 66.5345 0.0771812 1
13.8229 58.5501 0.0234375 1
3.90423 64.3188 0.0210526 1
2.52859 62.4327 0.0119048 1
20.321 54.9773 0.015748 1
5.27028 64.0561 0.103825 1
10.1837 64.5667 0.0588235 1
9.9689 59.8738 0.00609756 1
1.80111 61.2607 0.0121951 1
19.683 60.4236 0.0560748 1
3.6718 64.7662 0.17757 1
3.72898 59.9365 0.00617284 1
6.81731 59.8792 0.0208333 1
2.29504 64.5516 0.0505837 1
14.1737 64.9632 0.032 1
11.3996 63.8722 0.140741 1
7.7099 58.2484 0.0714286 1
2.38992 64.0269 0.00480769 1
1.96908 61.1397 0.226562 1
6.8431 61.2433 0.00609756 1
2.20409 65.9203 0.156627 1
3.0913 62.1612 0.0179372 1
8.84356 60.6601 0.141026 1
13.0781 59.5309 0.0972222 1
7.16994 65.1818 0.0322581 1
2.62722 65.9584 0.0747664 1
5.14864 64.7801 0.0156863 1
7.68635 67.192 0.0121457 1
8.7822 66.7961 0.0497925 1
8.90736 55.8433 0.00757576 1
4.34629 65.2282 0.00529101 1
5.84364 65.6708 0.0201342 1
25.0401 49.1064 0.52381 1
8.55054 62.4323 0.0229885 1
3.8115 64.6581 0.00423729 1
23.3435 55.8325 0.00847458 1
3.71465 61.8913 0.102941 1
5.09577 60.4447 0.0421053 1
14.7657 61.4993 0.0052356 1
9.24134 62.7282 0.0144231 1
5.69468 58.4024 0.00502513 1
23.5261 46.7725 0.00714286 1
3.02112 64.0305 0.155963 1
12.4139 65.6631 0.522523 1
11.1777 64.6403 0.00625 1
6.4222 65.3374 0.0222222 1
2.75499 63.8108 0.012987 1
5.70389 62.9905 0.0970149 1
13.0299 61.7888 0.137931 1
2.47411 65.8722 0.00561798 1
1.95906 63.7283 0.00621118 1
1.91768 64.524 0.029703 1
7.8912 63.1608 0.0287356 1
11.9413 59.2819 0.122302 1
22.637 57.9488 0.0472441 1
2.05922 62.9861 0.00833333 1
10.4895 65.2944 0.0116279 1
1.02401 60.8274 0.0591133 1
6.89717 65.5003 0.0348259 1
4.1362 64.4787 0.0252525 1
28.7625 42.2437 0.0078125 1
5.76023 66.2428 0.00387597 1
3.03918 65.987 0.206612 1
1.73915 62.9497 0.100746 1
7.17462 59.6027 0.0320856 1
0.928158 61.1592 0.00694444 1
6.57547 67.3554 0.0331492 1
5.08805 65.8442 0.00938967 1
10.7359 65.3911 0.0798319 1
9.06624 65.1419 0.174468 1
1.72693 65.8939 0.0282486 1
5.86926 62.1005 0.139037 1
6.50462 64.4673 0.0272727 1
9.51598 59.3151 0.0172414 1
14.7904 62.3295 0.0384615 1
14.4158 53.8843 0.291209 1
11.3314 63.041 0.0406504 1
6.99969 57.7388 0.0296296 1
14.7539 52.6787 0.0630631 1
11.3997 64.239 0.0114943 1
4.33852 64.4629 0.0487805 1
6.76636 64.7063 0.00480769 1
17.4242 50.0522 0.020202 1
6.17525 61.6135 0.0297872 1
4.67022 59.7408 0.0959596 1
3.63529 62.8948 0.0491803 1
5.68338 61.5666 0.173913 1
8.82076 60.223 0.134146 1
3.92002 63.4688 0.0365297 1
13.323 50.4424 0.00719424 1
1.2124 58.3933 0.152893 1
3.37209 63.7026 0.00746269 1
1.31295 65.4851 0.0523256 1
6.51875 65.5275 0.0719697 1
5.74064 63.9423 0.0176211 1
1.85644 60.8526 0.12766 1
15.2631 59.6236 0.0275229 1
9.38366 61.5311 0.0209205 1
3.6534 60.3665 0.0078125 1
8.89884 62.5137 0.0700389 1
6.06777 61.7147 0.00591716 1
14.0531 45.506 0.0301508 1
17.6022 49.5584 0.163399 1
7.33455 55.1166 0.0510638 1
8.51571 54.4253 0.223529 1
1.37866 64.5546 0.0135135 1
3.66836 62.9497 0.03861 1
2.75394 55.6811 0.0212014 1
22.1168 51.4924 0.019802 1
6.31684 41.3826 0.0266667 1
0.765965 54.7942 0.189394 1
6.7505 61.6467 0.00395257 1
7.0251 59.6287 0.104294 1
21.9161 46.0772 0.0120482 1
2.73492 59.7082 0.329609 1
2.63567 58.5301 0.00571429 1
4.41153 64.328 0.0107527 1
9.6328 61.0921 0.0111111 1
27.5908 44.8516 0.010989 1
2.92828 65.338 0.0869565 1
14.5101 64.266 0.0351759 1
25.3746 51.3669 0.0206897 1
10.9403 62.6555 0.0272109 1
16.0256 55.8528 0.050505 1
5.88595 54.2397 0.00763359 1
19.6548 55.7256 0.0114943 1
14.6319 58.8598 0.0357143 1
8.64738 58.9992 0.0245902 1
23.25 43.3946 0.0123457 1
7.28413 63.4123 0.193396 1
12.2219 56.7808 0.00689655 1
12.1737 48.701 0.0409091 1
1.94401 60.0759 0.142857 1
4.12338 64.4557 0.045082 1
7.61651 49.7868 0.0294118 1
3.02564 59.5237 0.0102041 1
6.91435 53.2425 0.219178 1
5.39458 62.7563 0.109649 1
0.387516 64.0719 0.0429185 1
5.65229 60.9155 0.153846 1
1.82571 52.7267 0.00819672 1
1.68746 62.3647 0.0505837 1
5.39217 59.0482 0.328283 1
4.29577 58.7192 0.0328638 1
7.38577 42.5151 0.00813008 1
14.6558 45.7368 0.035461 1
28.9833 365.715 0.0126582 0
28.9833 365.715 0.0647482 0
28.9833 365.715 0.00970874 0
28.9833 365.715 0.0223881 0
28.9833 365.715 0.0875 0
28.9833 365.715 0.0720721 0
28.9833 365.715 0.00970874 0
28.9833 365.715 0.0875 0
28.9833 365.715 0.408163 0
28.9833 365.715 0.0479042 0
28.9833 365.715 0.0283019 0
28.9833 365.715 0.0222222 0
28.9833 365.715 0.0137931 0
28.9833 365.715 0.0137931 0
28.9833 365.715 0.0510949 0
28.9833 365.715 0.0253807 0
28.9833 365.715 0.0294118 0
28.9833 365.715 0.00819672 0
28.9833 365.715 0.0421053 0
28.9833 365.715 0.00662252 0
28.9833 365.715 0.0260417 0
28.9833 365.715 0.0041841 0
28.9833 365.715 0.0126582 0
28.9833 365.715 0.0647482 0
28.9833 365.715 0.408163 0
28.9833 365.715 0.0137931 0
28.9833 365.715 0.00662252 0
28.9833 365.715 0.0260417 0
28.9833 365.715 0.0465116 0
28.9833 365.715 0.0479042 0
28.9833 365.715 0.0283019 0
28.9833 365.715 0.0253807 0
28.9833 365.715 0.00819672 0
28.9833 365.715 0.0222222 0
28.9833 365.715 0.0510949 0
28.9833 365.715 0.0294118 0
28.9833 365.715 0.0421053 0
28.9833 365.715 0.044586 0
28.9833 365.715 0.0965517 0
28.9833 365.715 0.044586 0
28.9833 365.715 0.00680272 0
28.9833 365.715 0.0047619 0
28.9833 365.715 0.00617284 0
28.9833 365.715 0.0223881 0
28.9833 365.715 0.0720721 0
28.9833 365.715 0.0465116 0
28.9833 365.715 0.0397727 0
28.9833 365.715 0.0137931 0
28.9833 365.715 0.0041841 0
28.9833 365.715 0.0397727 0
28.9833 365.715 0.00628931 0
28.9833 365.715 0.00680272 0
28.9833 365.715 0.0047619 0
28.9833 365.715 0.00505051 0
28.9833 365.715 0.0965517 0
28.9833 365.715 0.00505051 0
28.9833 365.715 0.0333333 0
28.9833 365.715 0.0775862 0
28.9833 365.715 0.00540541 0
28.9833 365.715 0.00729927 0
28.9833 365.715 0.00454545 0
28.9833 365.715 0.0555556 0
28.9833 365.715 0.00729927 0
28.9833 365.715 0.00395257 0
28.9833 365.715 0.0503145 0
28.9833 365.715 0.0245902 0
28.9833 365.715 0.00617284 0
28.9833 365.715 0.0333333 0
28.9833 365.715 0.0775862 0
28.9833 365.715 0.084507 0
28.9833 365.715 0.0285714 0
28.9833 365.715 0.00632911 0
28.9833 365.715 0.084507 0
28.9833 365.715 0.00454545 0
28.9833 365.715 0.00395257 0
28.9833 365.715 0.0172414 0
28.9833 365.715 0.00431034 0
28.9833 365.715 0.00444444 0
28.9833 365.715 0.00628931 0
28.9833 365.715 0.0555556 0
28.9833 365.715 0.0503145 0
28.9833 365.715 0.00724638 0
28.9833 365.715 0.00724638 0
28.9833 365.715 0.00540541 0
28.9833 365.715 0.0172414 0
28.9833 365.715 0.00724638 0
28.9833 365.715 0.0335196 0
28.9833 365.715 0.00431034 0
28.9833 365.715 0.00724638 0
28.9833 365.715 0.00558659 0
28.9833 365.715 0.0186916 0
28.9833 365.715 0.0155039 0
28.9833 365.715 0.0245902 0
28.9833 365.715 0.0285714 0
28.9833 365.715 0.0155039 0
28.9833 365.715 0.0629371 0
28.9833 365.715 0.0991736 0
28.9833 365.715 0.0165289 0
28.9833 365.715 0.0322581 0
28.9833 365.715 0.00632911 0
28.9833 365.715 0.0335196 0
28.9833 365.715 0.00558659 0
28.9833 365.715 0.0755814 0
28.9833 365.715 0.00483092 0
28.9833 365.715 0.00444444 0
28.9833 365.715 0.0755814 0
28.9833 365.715 0.09 0
28.9833 365.715 0.0629371 0
28.9833 365.715 0.0991736 0
28.9833 365.715 0.0731707 0
28.9833 365.715 0.0125 0
28.9833 365.715 0.0186916 0
28.9833 365.715 0.09 0
28.9833 365.715 0.0634921 0
28.9833 365.715 0.0102041 0
28.9833 365.715 0.0592593 0
28.9833 365.715 0.0634921 0
28.9833 365.715 0.0165289 0
28.9833 365.715 0.0322581 0
28.9833 365.715 0.0731707 0
28.9833 365.715 0.0186335 0
28.9833 365.715 0.00970874 0
28.9833 365.715 0.0186335 0
28.9833 365.715 0.0188679 0
28.9833 365.715 0.00840336 0
28.9833 365.715 0.015748 0
28.9833 365.715 0.0121951 0
28.9833 365.715 0.0179641 0
28.9833 365.715 0.0102041 0
28.9833 365.715 0.015748 0
28.9833 365.715 0.0184049 0
28.9833 365.715 0.00483092 0
28.9833 365.715 0.0592593 0
28.9833 365.715 0.0121951 0
28.9833 365.715 0.01 0
28.9833 365.715 0.0125 0
28.9833 365.715 0.0188679 0
28.9833 365.715 0.00990099 0
28.9833 365.715 0.0153061 0
28.9833 365.715 0.00970874 0
28.9833 365.715 0.00990099 0
28.9833 365.715 0.010101 0
28.9833 365.715 0.00900901 0
28.9833 365.715 0.0184049 0
28.9833 365.715 0.01 0
28.9833 365.715 0.0255102 0
28.9833 365.715 0.0147783 0
28.9833 365.715 0.0255102 0
28.9833 365.715 0.0139535 0
28.9833 365.715 0.00840336 0
28.9833 365.715 0.010101 0
28.9833 365.715 0.0961538 0
28.9833 365.715 0.0738255 0
28.9833 365.715 0.0153061 0
28.9833 365.715 0.0961538 0
28.9833 365.715 0.0366492 0
28.9833 365.715 0.0238095 0
28.9833 365.715 0.039604 0
28.9833 365.715 0.0139535 0
28.9833 365.715 0.0315315 0
28.9833 365.715 0.0245098 0
28.9833 365.715 0.0179641 0
28.9833 365.715 0.0147783 0
28.9833 365.715 0.0315315 0
28.9833 365.715 0.005 0
28.9833 365.715 0.00558659 0
28.9833 365.715 0.0366492 0
28.9833 365.715 0.00900901 0
28.9833 365.715 0.0238095 0
28.9833 365.715 0.0372671 0
28.9833 365.715 0.0738255 0
28.9833 365.715 0.0372671 0
28.9833 365.715 0.038674 0
28.9833 365.715 0.0523256 0
28.9833 365.715 0.00529101 0
28.9833 365.715 0.005 0
28.9833 365.715 0.0164835 0
28.9833 365.715 0.00558659 0
28.9833 365.715 0.0372671 0
28.9833 365.715 0.0108696 0
28.9833 365.715 0.201613 0
28.9833 365.715 0.0316456 0
28.9833 365.715 0.0245098 0
28.9833 365.715 0.0164835 0
28.9833 365.715 0.0372671 0
28.9833 365.715 0.046875 0
28.9833 365.715 0.0108696 0
28.9833 365.715 0.013245 0
28.9833 365.715 0.038674 0
28.9833 365.715 0.039604 0
28.9833 365.715 0.0523256 0
28.9833 365.715 0.0280374 0
28.9833 365.715 0.0280374 0
28.9833 365.715 0.110236 0
28.9833 365.715 0.107843 0
28.9833 365.715 0.0379747 0
28.9833 365.715 0.0075188 0
28.9833 365.715 0.125749 0
28.9833 365.715 0.0110497 0
28.9833 365.715 0.0128205 0
28.9833 365.715 0.0631579 0
28.9833 365.715 0.046875 0
28.9833 365.715 0.013245 0
28.9833 365.715 0.024 0
28.9833 365.715 0.0229885 0
28.9833 365.715 0.201613 0
28.9833 365.715 0.00555556 0
28.9833 365.715 0.00529101 0
28.9833 365.715 0.110236 0
28.9833 365.715 0.107843 0
28.9833 365.715 0.125749 0
28.9833 365.715 0.0631579 0
28.9833 365.715 0.0425532 0
28.9833 365.715 0.00641026 0
28.9833 365.715 0.0724638 0
28.9833 365.715 0.0425532 0
28.9833 365.715 0.0724638 0
28.9833 365.715 0.00675676 0
28.9833 365.715 0.00555556 0
28.9833 365.715 0.0046729 0
28.9833 365.715 0.0361991 0
28.9833 365.715 0.0921053 0
28.9833 365.715 0.0316456 0
28.9833 365.715 0.024 0
28.9833 365.715 0.0046729 0
28.9833 365.715 0.0361991 0
28.9833 365.715 0.0060241 0
28.9833 365.715 0.0379747 0
28.9833 365.715 0.0110497 0
28.9833 365.715 0.0075188 0
28.9833 365.715 0.0128205 0
28.9833 365.715 0.0206897 0
28.9833 365.715 0.0545455 0
28.9833 365.715 0.00641026 0
28.9833 365.715 0.0206897 0
28.9833 365.715 0.0545455 0
28.9833 365.715 0.0631579 0
28.9833 365.715 0.101124 0
28.9833 365.715 0.327586 0
28.9833 365.715 0.157895 0
28.9833 365.715 0.0612245 0
28.9833 365.715 0.0229885 0
28.9833 365.715 0.0921053 0
28.9833 365.715 0.0408163 0
28.9833 365.715 0.0631579 0
28.9833 365.715 0.00526316 0
28.9833 365.715 0.101124 0
28.9833 365.715 0.00675676 0
28.9833 365.715 0.327586 0
28.9833 365.715 0.157895 0
28.9833 365.715 0.0212766 0
28.9833 365.715 0.0060241 0
28.9833 365.715 0.0408163 0
28.9833 365.715 0.186441 0
28.9833 365.715 0.00813008 0
28.9833 365.715 0.0522876 0
28.9833 365.715 0.00497512 0
28.9833 365.715 0.08 0
28.9833 365.715 0.00952381 0
28.9833 365.715 0.00729927 0
28.9833 365.715 0.00383142 0
28.9833 365.715 0.047619 0
28.9833 365.715 0.00462963 0
28.9833 365.715 0.021978 0
28.9833 365.715 0.0075188 0
28.9833 365.715 0.0612245 0
28.9833 365.715 0.0408163 0
28.9833 365.715 0.0235294 0
28.9833 365.715 0.0549451 0
28.9833 365.715 0.00526316 0
28.9833 365.715 0.0408163 0
28.9833 365.715 0.0212766 0
28.9833 365.715 0.186441 0
28.9833 365.715 0.0384615 0
28.9833 365.715 0.00813008 0
28.9833 365.715 0.00383142 0
28.9833 365.715 0.0384615 0
28.9833 365.715 0.0522876 0
28.9833 365.715 0.08 0
28.9833 365.715 0.047619 0
28.9833 365.715 0.021978 0
28.9833 365.715 0.0851064 0
28.9833 365.715 0.02 0
28.9833 365.715 0.0116279 0
28.9833 365.715 0.0851064 0
28.9833 365.715 0.010989 0
28.9833 365.715 0.02 0
28.9833 365.715 0.025 0
28.9833 365.715 0.0412371 0
28.9833 365.715 0.0283019 0
28.9833 365.715 0.0205479 0
28.9833 365.715 0.0235294 0
28.9833 365.715 0.00497512 0
28.9833 365.715 0.00462963 0
28.9833 365.715 0.00952381 0
28.9833 365.715 0.025 0
28.9833 365.715 0.00729927 0
28.9833 365.715 0.0116279 0
28.9833 365.715 0.0285714 0
28.9833 365.715 0.060241 0
28.9833 365.715 0.0827586 0
28.9833 365.715 0.030303 0
28.9833 365.715 0.0397727 0
28.9833 365.715 0.0075188 0
28.9833 365.715 0.0549451 0
28.9833 365.715 0.0283019 0
28.9833 365.715 0.0285714 0
28.9833 365.715 0.010989 0
28.9833 365.715 0.0412371 0
28.9833 365.715 0.060241 0
28.9833 365.715 0.0205479 0
28.9833 365.715 0.0827586 0
28.9833 365.715 0.030303 0
28.9833 365.715 0.0397727 0
